0.0497246 0.049724 0.0497227 0.0497208 0.0497182 0.0497149 0.049711 0.0497065 0.0497013 0.0496954 0.0496889 0.0496817 0.0496739 0.0496654 0.0496563 0.0496465 0.0496361 0.049625 0.0496132 0.0496008 0.0495878 0.0495741 0.0495597 0.0495447 0.049529 0.0495127 0.0494957 0.0494781 0.0494598 0.049441 0.0494215 0.0494013 0.0493806 0.0493593 0.0493373 0.0493148 0.0492917 0.049268 0.0492438 0.049219 0.0491938 0.049168 0.0491417 0.0491149 0.0490877 0.0490601 0.049032 0.0490035 0.0489747 0.0489455 0.0489161 0.0488863 0.0488563 0.048826 0.0487955 0.0487649 0.0487341 0.0487033 0.0486723 0.0486414 0.0486104 0.0485795 0.0485487 0.048518 0.0484874 0.0484571 0.048427 0.0483972 0.0483677 0.0483386 0.0483099 0.0482816 0.0482539 0.0482267 0.0482 0.048174 0.0481487 0.048124 0.0481001 0.048077 0.0480547 0.0480333 0.0480128 0.0479932 0.0479746 0.0479569 0.0479403 0.0479248 0.0479103 0.0478969 0.0478847 0.0478737 0.0478638 0.0478551 0.0478476 0.0478414 0.0478363 0.0478326 0.0478301 0.0478288 0.0478288 0.0478301 0.0478326 0.0478363 0.0478414 0.0478476 0.0478551 0.0478638 0.0478737 0.0478847 0.0478969 0.0479103 0.0479248 0.0479403 0.0479569 0.0479746 0.0479932 0.0480128 0.0480333 0.0480547 0.048077 0.0481001 0.048124 0.0481487 0.048174 0.0482 0.0482267 0.0482539 0.0482816 0.0483099 0.0483386 0.0483677 0.0483972 0.048427 0.0484571 0.0484874 0.048518 0.0485487 0.0485795 0.0486104 0.0486414 0.0486723 0.0487033 0.0487341 0.0487649 0.0487955 0.048826 0.0488563 0.0488863 0.0489161 0.0489455 0.0489747 0.0490035 0.049032 0.0490601 0.0490877 0.0491149 0.0491417 0.049168 0.0491938 0.049219 0.0492438 0.049268 0.0492917 0.0493148 0.0493373 0.0493593 0.0493806 0.0494013 0.0494215 0.049441 0.0494598 0.0494781 0.0494957 0.0495127 0.049529 0.0495447 0.0495597 0.0495741 0.0495878 0.0496008 0.0496132 0.049625 0.0496361 0.0496465 0.0496563 0.0496654 0.0496739 0.0496817 0.0496889 0.0496954 0.0497013 0.0497065 0.049711 0.0497149 0.0497182 0.0497208 0.0497227 0.049724 0.0497246 
0.049724 0.0497233 0.049722 0.0497201 0.0497175 0.0497142 0.0497103 0.0497058 0.0497005 0.0496947 0.0496882 0.049681 0.0496731 0.0496646 0.0496555 0.0496457 0.0496352 0.0496241 0.0496123 0.0495999 0.0495868 0.049573 0.0495586 0.0495435 0.0495278 0.0495114 0.0494944 0.0494768 0.0494585 0.0494395 0.04942 0.0493998 0.049379 0.0493576 0.0493356 0.049313 0.0492899 0.0492661 0.0492418 0.049217 0.0491917 0.0491658 0.0491394 0.0491126 0.0490853 0.0490576 0.0490294 0.0490009 0.048972 0.0489427 0.0489131 0.0488833 0.0488532 0.0488228 0.0487922 0.0487615 0.0487307 0.0486997 0.0486687 0.0486376 0.0486066 0.0485755 0.0485446 0.0485138 0.0484832 0.0484527 0.0484225 0.0483926 0.0483631 0.0483339 0.0483051 0.0482767 0.0482489 0.0482216 0.0481949 0.0481688 0.0481433 0.0481186 0.0480946 0.0480715 0.0480491 0.0480276 0.048007 0.0479873 0.0479686 0.0479509 0.0479343 0.0479187 0.0479042 0.0478908 0.0478785 0.0478674 0.0478575 0.0478488 0.0478413 0.047835 0.04783 0.0478262 0.0478237 0.0478224 0.0478224 0.0478237 0.0478262 0.04783 0.047835 0.0478413 0.0478488 0.0478575 0.0478674 0.0478785 0.0478908 0.0479042 0.0479187 0.0479343 0.0479509 0.0479686 0.0479873 0.048007 0.0480276 0.0480491 0.0480715 0.0480946 0.0481186 0.0481433 0.0481688 0.0481949 0.0482216 0.0482489 0.0482767 0.0483051 0.0483339 0.0483631 0.0483926 0.0484225 0.0484527 0.0484832 0.0485138 0.0485446 0.0485755 0.0486066 0.0486376 0.0486687 0.0486997 0.0487307 0.0487615 0.0487922 0.0488228 0.0488532 0.0488833 0.0489131 0.0489427 0.048972 0.0490009 0.0490294 0.0490576 0.0490853 0.0491126 0.0491394 0.0491658 0.0491917 0.049217 0.0492418 0.0492661 0.0492899 0.049313 0.0493356 0.0493576 0.049379 0.0493998 0.04942 0.0494395 0.0494585 0.0494768 0.0494944 0.0495114 0.0495278 0.0495435 0.0495586 0.049573 0.0495868 0.0495999 0.0496123 0.0496241 0.0496352 0.0496457 0.0496555 0.0496646 0.0496731 0.049681 0.0496882 0.0496947 0.0497005 0.0497058 0.0497103 0.0497142 0.0497175 0.0497201 0.049722 0.0497233 0.049724 
0.0497227 0.049722 0.0497207 0.0497188 0.0497162 0.0497129 0.049709 0.0497044 0.0496991 0.0496932 0.0496867 0.0496794 0.0496716 0.049663 0.0496538 0.049644 0.0496334 0.0496223 0.0496104 0.0495979 0.0495847 0.0495709 0.0495564 0.0495413 0.0495255 0.049509 0.0494919 0.0494741 0.0494558 0.0494367 0.0494171 0.0493968 0.0493759 0.0493543 0.0493322 0.0493095 0.0492862 0.0492623 0.0492379 0.0492129 0.0491874 0.0491614 0.0491349 0.0491079 0.0490805 0.0490526 0.0490242 0.0489955 0.0489665 0.048937 0.0489073 0.0488773 0.0488469 0.0488164 0.0487857 0.0487548 0.0487237 0.0486926 0.0486613 0.0486301 0.0485988 0.0485676 0.0485365 0.0485055 0.0484747 0.0484441 0.0484137 0.0483836 0.0483538 0.0483244 0.0482954 0.0482669 0.0482389 0.0482114 0.0481845 0.0481583 0.0481327 0.0481078 0.0480837 0.0480603 0.0480378 0.0480162 0.0479954 0.0479756 0.0479568 0.047939 0.0479222 0.0479065 0.0478919 0.0478784 0.0478661 0.0478549 0.0478449 0.0478361 0.0478286 0.0478223 0.0478172 0.0478134 0.0478108 0.0478096 0.0478096 0.0478108 0.0478134 0.0478172 0.0478223 0.0478286 0.0478361 0.0478449 0.0478549 0.0478661 0.0478784 0.0478919 0.0479065 0.0479222 0.047939 0.0479568 0.0479756 0.0479954 0.0480162 0.0480378 0.0480603 0.0480837 0.0481078 0.0481327 0.0481583 0.0481845 0.0482114 0.0482389 0.0482669 0.0482954 0.0483244 0.0483538 0.0483836 0.0484137 0.0484441 0.0484747 0.0485055 0.0485365 0.0485676 0.0485988 0.0486301 0.0486613 0.0486926 0.0487237 0.0487548 0.0487857 0.0488164 0.0488469 0.0488773 0.0489073 0.048937 0.0489665 0.0489955 0.0490242 0.0490526 0.0490805 0.0491079 0.0491349 0.0491614 0.0491874 0.0492129 0.0492379 0.0492623 0.0492862 0.0493095 0.0493322 0.0493543 0.0493759 0.0493968 0.0494171 0.0494367 0.0494558 0.0494741 0.0494919 0.049509 0.0495255 0.0495413 0.0495564 0.0495709 0.0495847 0.0495979 0.0496104 0.0496223 0.0496334 0.049644 0.0496538 0.049663 0.0496716 0.0496794 0.0496867 0.0496932 0.0496991 0.0497044 0.049709 0.0497129 0.0497162 0.0497188 0.0497207 0.049722 0.0497227 
0.0497208 0.0497201 0.0497188 0.0497168 0.0497142 0.0497109 0.0497069 0.0497023 0.049697 0.049691 0.0496844 0.0496772 0.0496692 0.0496606 0.0496513 0.0496414 0.0496308 0.0496195 0.0496076 0.049595 0.0495817 0.0495678 0.0495531 0.0495379 0.0495219 0.0495054 0.0494881 0.0494702 0.0494517 0.0494325 0.0494126 0.0493922 0.0493711 0.0493494 0.0493271 0.0493042 0.0492807 0.0492566 0.049232 0.0492068 0.0491811 0.0491549 0.0491281 0.0491009 0.0490732 0.0490451 0.0490165 0.0489875 0.0489582 0.0489285 0.0488985 0.0488682 0.0488376 0.0488068 0.0487758 0.0487446 0.0487133 0.0486818 0.0486503 0.0486188 0.0485873 0.0485558 0.0485244 0.0484931 0.0484619 0.048431 0.0484003 0.04837 0.0483399 0.0483102 0.048281 0.0482522 0.0482239 0.0481961 0.048169 0.0481425 0.0481166 0.0480915 0.0480671 0.0480436 0.0480208 0.047999 0.047978 0.047958 0.047939 0.047921 0.0479041 0.0478882 0.0478735 0.0478598 0.0478474 0.0478361 0.047826 0.0478171 0.0478095 0.0478031 0.047798 0.0477942 0.0477916 0.0477903 0.0477903 0.0477916 0.0477942 0.047798 0.0478031 0.0478095 0.0478171 0.047826 0.0478361 0.0478474 0.0478598 0.0478735 0.0478882 0.0479041 0.047921 0.047939 0.047958 0.047978 0.047999 0.0480208 0.0480436 0.0480671 0.0480915 0.0481166 0.0481425 0.048169 0.0481961 0.0482239 0.0482522 0.048281 0.0483102 0.0483399 0.04837 0.0484003 0.048431 0.0484619 0.0484931 0.0485244 0.0485558 0.0485873 0.0486188 0.0486503 0.0486818 0.0487133 0.0487446 0.0487758 0.0488068 0.0488376 0.0488682 0.0488985 0.0489285 0.0489582 0.0489875 0.0490165 0.0490451 0.0490732 0.0491009 0.0491281 0.0491549 0.0491811 0.0492068 0.049232 0.0492566 0.0492807 0.0493042 0.0493271 0.0493494 0.0493711 0.0493922 0.0494126 0.0494325 0.0494517 0.0494702 0.0494881 0.0495054 0.0495219 0.0495379 0.0495531 0.0495678 0.0495817 0.049595 0.0496076 0.0496195 0.0496308 0.0496414 0.0496513 0.0496606 0.0496692 0.0496772 0.0496844 0.049691 0.049697 0.0497023 0.0497069 0.0497109 0.0497142 0.0497168 0.0497188 0.0497201 0.0497208 
0.0497182 0.0497175 0.0497162 0.0497142 0.0497115 0.0497082 0.0497042 0.0496995 0.0496941 0.0496881 0.0496815 0.0496741 0.0496661 0.0496574 0.049648 0.049638 0.0496273 0.0496159 0.0496038 0.0495911 0.0495776 0.0495636 0.0495488 0.0495334 0.0495173 0.0495005 0.0494831 0.049465 0.0494462 0.0494268 0.0494068 0.0493861 0.0493648 0.0493428 0.0493203 0.0492971 0.0492734 0.049249 0.0492241 0.0491986 0.0491726 0.0491461 0.0491191 0.0490915 0.0490635 0.049035 0.0490062 0.0489769 0.0489472 0.0489172 0.0488868 0.0488561 0.0488252 0.048794 0.0487626 0.0487311 0.0486993 0.0486675 0.0486356 0.0486037 0.0485718 0.0485399 0.0485081 0.0484764 0.0484449 0.0484136 0.0483826 0.0483518 0.0483214 0.0482913 0.0482617 0.0482325 0.0482039 0.0481758 0.0481483 0.0481214 0.0480952 0.0480698 0.0480451 0.0480212 0.0479982 0.047976 0.0479548 0.0479346 0.0479153 0.0478971 0.0478799 0.0478638 0.0478489 0.0478351 0.0478224 0.047811 0.0478008 0.0477918 0.0477841 0.0477776 0.0477724 0.0477685 0.0477659 0.0477646 0.0477646 0.0477659 0.0477685 0.0477724 0.0477776 0.0477841 0.0477918 0.0478008 0.047811 0.0478224 0.0478351 0.0478489 0.0478638 0.0478799 0.0478971 0.0479153 0.0479346 0.0479548 0.047976 0.0479982 0.0480212 0.0480451 0.0480698 0.0480952 0.0481214 0.0481483 0.0481758 0.0482039 0.0482325 0.0482617 0.0482913 0.0483214 0.0483518 0.0483826 0.0484136 0.0484449 0.0484764 0.0485081 0.0485399 0.0485718 0.0486037 0.0486356 0.0486675 0.0486993 0.0487311 0.0487626 0.048794 0.0488252 0.0488561 0.0488868 0.0489172 0.0489472 0.0489769 0.0490062 0.049035 0.0490635 0.0490915 0.0491191 0.0491461 0.0491726 0.0491986 0.0492241 0.049249 0.0492734 0.0492971 0.0493203 0.0493428 0.0493648 0.0493861 0.0494068 0.0494268 0.0494462 0.049465 0.0494831 0.0495005 0.0495173 0.0495334 0.0495488 0.0495636 0.0495776 0.0495911 0.0496038 0.0496159 0.0496273 0.049638 0.049648 0.0496574 0.0496661 0.0496741 0.0496815 0.0496881 0.0496941 0.0496995 0.0497042 0.0497082 0.0497115 0.0497142 0.0497162 0.0497175 0.0497182 
0.0497149 0.0497142 0.0497129 0.0497109 0.0497082 0.0497048 0.0497007 0.049696 0.0496906 0.0496845 0.0496777 0.0496703 0.0496622 0.0496534 0.0496439 0.0496337 0.0496228 0.0496113 0.0495991 0.0495862 0.0495726 0.0495583 0.0495433 0.0495277 0.0495114 0.0494944 0.0494767 0.0494584 0.0494394 0.0494197 0.0493994 0.0493785 0.0493569 0.0493346 0.0493118 0.0492883 0.0492642 0.0492395 0.0492143 0.0491884 0.0491621 0.0491352 0.0491077 0.0490798 0.0490514 0.0490225 0.0489932 0.0489635 0.0489334 0.0489029 0.0488721 0.048841 0.0488096 0.048778 0.0487461 0.0487141 0.0486819 0.0486496 0.0486172 0.0485848 0.0485524 0.0485201 0.0484878 0.0484556 0.0484236 0.0483918 0.0483603 0.0483291 0.0482982 0.0482676 0.0482375 0.0482079 0.0481788 0.0481503 0.0481223 0.048095 0.0480684 0.0480426 0.0480175 0.0479932 0.0479698 0.0479473 0.0479258 0.0479052 0.0478856 0.0478671 0.0478496 0.0478333 0.0478181 0.047804 0.0477912 0.0477796 0.0477692 0.04776 0.0477522 0.0477456 0.0477403 0.0477364 0.0477337 0.0477324 0.0477324 0.0477337 0.0477364 0.0477403 0.0477456 0.0477522 0.04776 0.0477692 0.0477796 0.0477912 0.047804 0.0478181 0.0478333 0.0478496 0.0478671 0.0478856 0.0479052 0.0479258 0.0479473 0.0479698 0.0479932 0.0480175 0.0480426 0.0480684 0.048095 0.0481223 0.0481503 0.0481788 0.0482079 0.0482375 0.0482676 0.0482982 0.0483291 0.0483603 0.0483918 0.0484236 0.0484556 0.0484878 0.0485201 0.0485524 0.0485848 0.0486172 0.0486496 0.0486819 0.0487141 0.0487461 0.048778 0.0488096 0.048841 0.0488721 0.0489029 0.0489334 0.0489635 0.0489932 0.0490225 0.0490514 0.0490798 0.0491077 0.0491352 0.0491621 0.0491884 0.0492143 0.0492395 0.0492642 0.0492883 0.0493118 0.0493346 0.0493569 0.0493785 0.0493994 0.0494197 0.0494394 0.0494584 0.0494767 0.0494944 0.0495114 0.0495277 0.0495433 0.0495583 0.0495726 0.0495862 0.0495991 0.0496113 0.0496228 0.0496337 0.0496439 0.0496534 0.0496622 0.0496703 0.0496777 0.0496845 0.0496906 0.049696 0.0497007 0.0497048 0.0497082 0.0497109 0.0497129 0.0497142 0.0497149 
0.049711 0.0497103 0.049709 0.0497069 0.0497042 0.0497007 0.0496966 0.0496918 0.0496863 0.0496801 0.0496733 0.0496657 0.0496575 0.0496485 0.0496389 0.0496286 0.0496175 0.0496058 0.0495934 0.0495803 0.0495665 0.049552 0.0495368 0.0495209 0.0495043 0.0494871 0.0494691 0.0494505 0.0494312 0.0494112 0.0493906 0.0493693 0.0493473 0.0493247 0.0493015 0.0492776 0.0492532 0.0492281 0.0492024 0.0491762 0.0491494 0.049122 0.0490941 0.0490657 0.0490368 0.0490075 0.0489777 0.0489474 0.0489168 0.0488858 0.0488545 0.0488228 0.0487909 0.0487587 0.0487263 0.0486937 0.048661 0.0486281 0.0485951 0.0485622 0.0485292 0.0484962 0.0484634 0.0484306 0.048398 0.0483657 0.0483335 0.0483017 0.0482702 0.0482392 0.0482085 0.0481783 0.0481487 0.0481196 0.0480911 0.0480633 0.0480362 0.0480098 0.0479843 0.0479596 0.0479357 0.0479128 0.0478908 0.0478698 0.0478498 0.047831 0.0478132 0.0477965 0.047781 0.0477667 0.0477536 0.0477417 0.0477311 0.0477218 0.0477138 0.0477071 0.0477017 0.0476977 0.047695 0.0476936 0.0476936 0.047695 0.0476977 0.0477017 0.0477071 0.0477138 0.0477218 0.0477311 0.0477417 0.0477536 0.0477667 0.047781 0.0477965 0.0478132 0.047831 0.0478498 0.0478698 0.0478908 0.0479128 0.0479357 0.0479596 0.0479843 0.0480098 0.0480362 0.0480633 0.0480911 0.0481196 0.0481487 0.0481783 0.0482085 0.0482392 0.0482702 0.0483017 0.0483335 0.0483657 0.048398 0.0484306 0.0484634 0.0484962 0.0485292 0.0485622 0.0485951 0.0486281 0.048661 0.0486937 0.0487263 0.0487587 0.0487909 0.0488228 0.0488545 0.0488858 0.0489168 0.0489474 0.0489777 0.0490075 0.0490368 0.0490657 0.0490941 0.049122 0.0491494 0.0491762 0.0492024 0.0492281 0.0492532 0.0492776 0.0493015 0.0493247 0.0493473 0.0493693 0.0493906 0.0494112 0.0494312 0.0494505 0.0494691 0.0494871 0.0495043 0.0495209 0.0495368 0.049552 0.0495665 0.0495803 0.0495934 0.0496058 0.0496175 0.0496286 0.0496389 0.0496485 0.0496575 0.0496657 0.0496733 0.0496801 0.0496863 0.0496918 0.0496966 0.0497007 0.0497042 0.0497069 0.049709 0.0497103 0.049711 
0.0497065 0.0497058 0.0497044 0.0497023 0.0496995 0.049696 0.0496918 0.0496869 0.0496813 0.0496751 0.0496681 0.0496604 0.049652 0.0496429 0.0496331 0.0496226 0.0496113 0.0495994 0.0495868 0.0495734 0.0495594 0.0495446 0.0495291 0.049513 0.0494961 0.0494785 0.0494603 0.0494413 0.0494216 0.0494013 0.0493803 0.0493586 0.0493362 0.0493132 0.0492895 0.0492652 0.0492403 0.0492147 0.0491886 0.0491618 0.0491345 0.0491066 0.0490782 0.0490493 0.0490198 0.0489899 0.0489595 0.0489287 0.0488975 0.0488659 0.0488339 0.0488016 0.048769 0.0487362 0.0487031 0.0486699 0.0486365 0.0486029 0.0485693 0.0485356 0.048502 0.0484683 0.0484348 0.0484014 0.0483681 0.048335 0.0483023 0.0482698 0.0482376 0.0482059 0.0481745 0.0481437 0.0481134 0.0480837 0.0480546 0.0480262 0.0479985 0.0479716 0.0479455 0.0479202 0.0478958 0.0478724 0.0478499 0.0478284 0.047808 0.0477887 0.0477705 0.0477535 0.0477377 0.047723 0.0477096 0.0476975 0.0476867 0.0476771 0.0476689 0.0476621 0.0476566 0.0476525 0.0476497 0.0476483 0.0476483 0.0476497 0.0476525 0.0476566 0.0476621 0.0476689 0.0476771 0.0476867 0.0476975 0.0477096 0.047723 0.0477377 0.0477535 0.0477705 0.0477887 0.047808 0.0478284 0.0478499 0.0478724 0.0478958 0.0479202 0.0479455 0.0479716 0.0479985 0.0480262 0.0480546 0.0480837 0.0481134 0.0481437 0.0481745 0.0482059 0.0482376 0.0482698 0.0483023 0.048335 0.0483681 0.0484014 0.0484348 0.0484683 0.048502 0.0485356 0.0485693 0.0486029 0.0486365 0.0486699 0.0487031 0.0487362 0.048769 0.0488016 0.0488339 0.0488659 0.0488975 0.0489287 0.0489595 0.0489899 0.0490198 0.0490493 0.0490782 0.0491066 0.0491345 0.0491618 0.0491886 0.0492147 0.0492403 0.0492652 0.0492895 0.0493132 0.0493362 0.0493586 0.0493803 0.0494013 0.0494216 0.0494413 0.0494603 0.0494785 0.0494961 0.049513 0.0495291 0.0495446 0.0495594 0.0495734 0.0495868 0.0495994 0.0496113 0.0496226 0.0496331 0.0496429 0.049652 0.0496604 0.0496681 0.0496751 0.0496813 0.0496869 0.0496918 0.049696 0.0496995 0.0497023 0.0497044 0.0497058 0.0497065 
0.0497013 0.0497005 0.0496991 0.049697 0.0496941 0.0496906 0.0496863 0.0496813 0.0496756 0.0496692 0.0496621 0.0496543 0.0496457 0.0496364 0.0496264 0.0496157 0.0496042 0.0495921 0.0495792 0.0495656 0.0495512 0.0495362 0.0495204 0.0495039 0.0494867 0.0494688 0.0494501 0.0494308 0.0494107 0.0493899 0.0493685 0.0493463 0.0493235 0.0493 0.0492759 0.049251 0.0492256 0.0491995 0.0491728 0.0491454 0.0491175 0.049089 0.04906 0.0490304 0.0490003 0.0489698 0.0489387 0.0489072 0.0488753 0.048843 0.0488103 0.0487773 0.048744 0.0487104 0.0486766 0.0486426 0.0486084 0.0485741 0.0485397 0.0485053 0.0484708 0.0484364 0.0484021 0.0483679 0.0483338 0.0483 0.0482664 0.0482331 0.0482002 0.0481677 0.0481356 0.0481041 0.048073 0.0480426 0.0480128 0.0479837 0.0479553 0.0479277 0.047901 0.0478751 0.0478501 0.047826 0.047803 0.047781 0.0477601 0.0477403 0.0477217 0.0477042 0.0476879 0.0476729 0.0476592 0.0476468 0.0476357 0.0476259 0.0476175 0.0476105 0.0476048 0.0476006 0.0475978 0.0475963 0.0475963 0.0475978 0.0476006 0.0476048 0.0476105 0.0476175 0.0476259 0.0476357 0.0476468 0.0476592 0.0476729 0.0476879 0.0477042 0.0477217 0.0477403 0.0477601 0.047781 0.047803 0.047826 0.0478501 0.0478751 0.047901 0.0479277 0.0479553 0.0479837 0.0480128 0.0480426 0.048073 0.0481041 0.0481356 0.0481677 0.0482002 0.0482331 0.0482664 0.0483 0.0483338 0.0483679 0.0484021 0.0484364 0.0484708 0.0485053 0.0485397 0.0485741 0.0486084 0.0486426 0.0486766 0.0487104 0.048744 0.0487773 0.0488103 0.048843 0.0488753 0.0489072 0.0489387 0.0489698 0.0490003 0.0490304 0.04906 0.049089 0.0491175 0.0491454 0.0491728 0.0491995 0.0492256 0.049251 0.0492759 0.0493 0.0493235 0.0493463 0.0493685 0.0493899 0.0494107 0.0494308 0.0494501 0.0494688 0.0494867 0.0495039 0.0495204 0.0495362 0.0495512 0.0495656 0.0495792 0.0495921 0.0496042 0.0496157 0.0496264 0.0496364 0.0496457 0.0496543 0.0496621 0.0496692 0.0496756 0.0496813 0.0496863 0.0496906 0.0496941 0.049697 0.0496991 0.0497005 0.0497013 
0.0496954 0.0496947 0.0496932 0.049691 0.0496881 0.0496845 0.0496801 0.0496751 0.0496692 0.0496627 0.0496554 0.0496474 0.0496386 0.0496291 0.0496189 0.049608 0.0495963 0.0495838 0.0495707 0.0495567 0.0495421 0.0495267 0.0495106 0.0494937 0.0494761 0.0494578 0.0494387 0.0494189 0.0493984 0.0493771 0.0493552 0.0493325 0.0493092 0.0492852 0.0492604 0.049235 0.049209 0.0491823 0.0491549 0.049127 0.0490984 0.0490692 0.0490395 0.0490092 0.0489784 0.0489471 0.0489153 0.048883 0.0488503 0.0488172 0.0487837 0.0487499 0.0487158 0.0486814 0.0486467 0.0486118 0.0485768 0.0485416 0.0485063 0.048471 0.0484357 0.0484004 0.0483652 0.0483301 0.0482951 0.0482604 0.048226 0.0481918 0.048158 0.0481246 0.0480917 0.0480593 0.0480275 0.0479962 0.0479656 0.0479357 0.0479066 0.0478782 0.0478507 0.0478241 0.0477984 0.0477738 0.0477501 0.0477275 0.047706 0.0476857 0.0476665 0.0476485 0.0476318 0.0476164 0.0476023 0.0475895 0.0475781 0.0475681 0.0475594 0.0475522 0.0475464 0.047542 0.0475391 0.0475377 0.0475377 0.0475391 0.047542 0.0475464 0.0475522 0.0475594 0.0475681 0.0475781 0.0475895 0.0476023 0.0476164 0.0476318 0.0476485 0.0476665 0.0476857 0.047706 0.0477275 0.0477501 0.0477738 0.0477984 0.0478241 0.0478507 0.0478782 0.0479066 0.0479357 0.0479656 0.0479962 0.0480275 0.0480593 0.0480917 0.0481246 0.048158 0.0481918 0.048226 0.0482604 0.0482951 0.0483301 0.0483652 0.0484004 0.0484357 0.048471 0.0485063 0.0485416 0.0485768 0.0486118 0.0486467 0.0486814 0.0487158 0.0487499 0.0487837 0.0488172 0.0488503 0.048883 0.0489153 0.0489471 0.0489784 0.0490092 0.0490395 0.0490692 0.0490984 0.049127 0.0491549 0.0491823 0.049209 0.049235 0.0492604 0.0492852 0.0493092 0.0493325 0.0493552 0.0493771 0.0493984 0.0494189 0.0494387 0.0494578 0.0494761 0.0494937 0.0495106 0.0495267 0.0495421 0.0495567 0.0495707 0.0495838 0.0495963 0.049608 0.0496189 0.0496291 0.0496386 0.0496474 0.0496554 0.0496627 0.0496692 0.0496751 0.0496801 0.0496845 0.0496881 0.049691 0.0496932 0.0496947 0.0496954 
0.0496889 0.0496882 0.0496867 0.0496844 0.0496815 0.0496777 0.0496733 0.0496681 0.0496621 0.0496554 0.0496479 0.0496397 0.0496308 0.0496211 0.0496106 0.0495994 0.0495874 0.0495747 0.0495612 0.0495469 0.0495319 0.0495161 0.0494996 0.0494823 0.0494643 0.0494455 0.049426 0.0494057 0.0493847 0.0493629 0.0493404 0.0493172 0.0492933 0.0492686 0.0492433 0.0492172 0.0491905 0.0491631 0.0491351 0.0491064 0.0490771 0.0490472 0.0490167 0.0489856 0.048954 0.0489218 0.0488892 0.0488561 0.0488225 0.0487885 0.0487541 0.0487194 0.0486843 0.048649 0.0486134 0.0485776 0.0485415 0.0485054 0.0484692 0.0484329 0.0483965 0.0483602 0.048324 0.0482879 0.048252 0.0482163 0.0481809 0.0481458 0.048111 0.0480767 0.0480428 0.0480094 0.0479766 0.0479445 0.047913 0.0478822 0.0478522 0.047823 0.0477947 0.0477673 0.0477409 0.0477154 0.0476911 0.0476678 0.0476456 0.0476247 0.0476049 0.0475864 0.0475692 0.0475533 0.0475388 0.0475256 0.0475139 0.0475035 0.0474946 0.0474872 0.0474812 0.0474767 0.0474737 0.0474722 0.0474722 0.0474737 0.0474767 0.0474812 0.0474872 0.0474946 0.0475035 0.0475139 0.0475256 0.0475388 0.0475533 0.0475692 0.0475864 0.0476049 0.0476247 0.0476456 0.0476678 0.0476911 0.0477154 0.0477409 0.0477673 0.0477947 0.047823 0.0478522 0.0478822 0.047913 0.0479445 0.0479766 0.0480094 0.0480428 0.0480767 0.048111 0.0481458 0.0481809 0.0482163 0.048252 0.0482879 0.048324 0.0483602 0.0483965 0.0484329 0.0484692 0.0485054 0.0485415 0.0485776 0.0486134 0.048649 0.0486843 0.0487194 0.0487541 0.0487885 0.0488225 0.0488561 0.0488892 0.0489218 0.048954 0.0489856 0.0490167 0.0490472 0.0490771 0.0491064 0.0491351 0.0491631 0.0491905 0.0492172 0.0492433 0.0492686 0.0492933 0.0493172 0.0493404 0.0493629 0.0493847 0.0494057 0.049426 0.0494455 0.0494643 0.0494823 0.0494996 0.0495161 0.0495319 0.0495469 0.0495612 0.0495747 0.0495874 0.0495994 0.0496106 0.0496211 0.0496308 0.0496397 0.0496479 0.0496554 0.0496621 0.0496681 0.0496733 0.0496777 0.0496815 0.0496844 0.0496867 0.0496882 0.0496889 
0.0496817 0.049681 0.0496794 0.0496772 0.0496741 0.0496703 0.0496657 0.0496604 0.0496543 0.0496474 0.0496397 0.0496313 0.0496221 0.0496122 0.0496014 0.0495899 0.0495776 0.0495646 0.0495507 0.0495361 0.0495207 0.0495045 0.0494876 0.0494698 0.0494513 0.049432 0.049412 0.0493912 0.0493696 0.0493472 0.0493241 0.0493003 0.0492757 0.0492504 0.0492243 0.0491976 0.0491701 0.049142 0.0491132 0.0490837 0.0490536 0.0490228 0.0489915 0.0489595 0.048927 0.048894 0.0488604 0.0488263 0.0487918 0.0487568 0.0487215 0.0486857 0.0486497 0.0486133 0.0485766 0.0485397 0.0485027 0.0484655 0.0484281 0.0483907 0.0483533 0.048316 0.0482786 0.0482415 0.0482044 0.0481676 0.0481311 0.0480949 0.0480591 0.0480237 0.0479888 0.0479544 0.0479205 0.0478874 0.0478549 0.0478231 0.0477922 0.0477621 0.0477328 0.0477046 0.0476773 0.047651 0.0476259 0.0476018 0.047579 0.0475573 0.0475369 0.0475179 0.0475001 0.0474837 0.0474687 0.0474551 0.0474429 0.0474322 0.047423 0.0474153 0.0474091 0.0474045 0.0474014 0.0473999 0.0473999 0.0474014 0.0474045 0.0474091 0.0474153 0.047423 0.0474322 0.0474429 0.0474551 0.0474687 0.0474837 0.0475001 0.0475179 0.0475369 0.0475573 0.047579 0.0476018 0.0476259 0.047651 0.0476773 0.0477046 0.0477328 0.0477621 0.0477922 0.0478231 0.0478549 0.0478874 0.0479205 0.0479544 0.0479888 0.0480237 0.0480591 0.0480949 0.0481311 0.0481676 0.0482044 0.0482415 0.0482786 0.048316 0.0483533 0.0483907 0.0484281 0.0484655 0.0485027 0.0485397 0.0485766 0.0486133 0.0486497 0.0486857 0.0487215 0.0487568 0.0487918 0.0488263 0.0488604 0.048894 0.048927 0.0489595 0.0489915 0.0490228 0.0490536 0.0490837 0.0491132 0.049142 0.0491701 0.0491976 0.0492243 0.0492504 0.0492757 0.0493003 0.0493241 0.0493472 0.0493696 0.0493912 0.049412 0.049432 0.0494513 0.0494698 0.0494876 0.0495045 0.0495207 0.0495361 0.0495507 0.0495646 0.0495776 0.0495899 0.0496014 0.0496122 0.0496221 0.0496313 0.0496397 0.0496474 0.0496543 0.0496604 0.0496657 0.0496703 0.0496741 0.0496772 0.0496794 0.049681 0.0496817 
0.0496739 0.0496731 0.0496716 0.0496692 0.0496661 0.0496622 0.0496575 0.049652 0.0496457 0.0496386 0.0496308 0.0496221 0.0496127 0.0496024 0.0495914 0.0495796 0.049567 0.0495535 0.0495393 0.0495243 0.0495084 0.0494918 0.0494744 0.0494562 0.0494371 0.0494173 0.0493967 0.0493753 0.0493531 0.0493301 0.0493063 0.0492818 0.0492565 0.0492305 0.0492037 0.0491761 0.0491479 0.0491189 0.0490893 0.0490589 0.0490279 0.0489962 0.048964 0.0489311 0.0488976 0.0488635 0.0488289 0.0487938 0.0487583 0.0487222 0.0486858 0.0486489 0.0486117 0.0485742 0.0485364 0.0484984 0.0484601 0.0484218 0.0483832 0.0483447 0.0483061 0.0482675 0.048229 0.0481906 0.0481524 0.0481144 0.0480766 0.0480393 0.0480022 0.0479657 0.0479296 0.047894 0.0478591 0.0478248 0.0477912 0.0477584 0.0477264 0.0476953 0.047665 0.0476358 0.0476076 0.0475804 0.0475544 0.0475296 0.0475059 0.0474835 0.0474624 0.0474427 0.0474243 0.0474073 0.0473918 0.0473777 0.0473651 0.047354 0.0473445 0.0473366 0.0473302 0.0473254 0.0473222 0.0473205 0.0473205 0.0473222 0.0473254 0.0473302 0.0473366 0.0473445 0.047354 0.0473651 0.0473777 0.0473918 0.0474073 0.0474243 0.0474427 0.0474624 0.0474835 0.0475059 0.0475296 0.0475544 0.0475804 0.0476076 0.0476358 0.047665 0.0476953 0.0477264 0.0477584 0.0477912 0.0478248 0.0478591 0.047894 0.0479296 0.0479657 0.0480022 0.0480393 0.0480766 0.0481144 0.0481524 0.0481906 0.048229 0.0482675 0.0483061 0.0483447 0.0483832 0.0484218 0.0484601 0.0484984 0.0485364 0.0485742 0.0486117 0.0486489 0.0486858 0.0487222 0.0487583 0.0487938 0.0488289 0.0488635 0.0488976 0.0489311 0.048964 0.0489962 0.0490279 0.0490589 0.0490893 0.0491189 0.0491479 0.0491761 0.0492037 0.0492305 0.0492565 0.0492818 0.0493063 0.0493301 0.0493531 0.0493753 0.0493967 0.0494173 0.0494371 0.0494562 0.0494744 0.0494918 0.0495084 0.0495243 0.0495393 0.0495535 0.049567 0.0495796 0.0495914 0.0496024 0.0496127 0.0496221 0.0496308 0.0496386 0.0496457 0.049652 0.0496575 0.0496622 0.0496661 0.0496692 0.0496716 0.0496731 0.0496739 
0.0496654 0.0496646 0.049663 0.0496606 0.0496574 0.0496534 0.0496485 0.0496429 0.0496364 0.0496291 0.0496211 0.0496122 0.0496024 0.0495919 0.0495806 0.0495684 0.0495554 0.0495416 0.0495269 0.0495115 0.0494952 0.0494781 0.0494601 0.0494413 0.0494217 0.0494013 0.0493801 0.049358 0.0493352 0.0493115 0.049287 0.0492618 0.0492357 0.0492089 0.0491812 0.0491529 0.0491237 0.0490939 0.0490633 0.049032 0.049 0.0489674 0.0489341 0.0489001 0.0488656 0.0488304 0.0487947 0.0487585 0.0487218 0.0486846 0.048647 0.0486089 0.0485705 0.0485318 0.0484927 0.0484534 0.0484139 0.0483742 0.0483344 0.0482946 0.0482547 0.0482148 0.0481749 0.0481352 0.0480957 0.0480564 0.0480174 0.0479787 0.0479404 0.0479026 0.0478652 0.0478284 0.0477922 0.0477567 0.047722 0.047688 0.0476548 0.0476226 0.0475913 0.047561 0.0475317 0.0475036 0.0474766 0.0474509 0.0474264 0.0474032 0.0473813 0.0473608 0.0473417 0.0473241 0.047308 0.0472934 0.0472804 0.0472689 0.047259 0.0472508 0.0472441 0.0472392 0.0472358 0.0472342 0.0472342 0.0472358 0.0472392 0.0472441 0.0472508 0.047259 0.0472689 0.0472804 0.0472934 0.047308 0.0473241 0.0473417 0.0473608 0.0473813 0.0474032 0.0474264 0.0474509 0.0474766 0.0475036 0.0475317 0.047561 0.0475913 0.0476226 0.0476548 0.047688 0.047722 0.0477567 0.0477922 0.0478284 0.0478652 0.0479026 0.0479404 0.0479787 0.0480174 0.0480564 0.0480957 0.0481352 0.0481749 0.0482148 0.0482547 0.0482946 0.0483344 0.0483742 0.0484139 0.0484534 0.0484927 0.0485318 0.0485705 0.0486089 0.048647 0.0486846 0.0487218 0.0487585 0.0487947 0.0488304 0.0488656 0.0489001 0.0489341 0.0489674 0.049 0.049032 0.0490633 0.0490939 0.0491237 0.0491529 0.0491812 0.0492089 0.0492357 0.0492618 0.049287 0.0493115 0.0493352 0.049358 0.0493801 0.0494013 0.0494217 0.0494413 0.0494601 0.0494781 0.0494952 0.0495115 0.0495269 0.0495416 0.0495554 0.0495684 0.0495806 0.0495919 0.0496024 0.0496122 0.0496211 0.0496291 0.0496364 0.0496429 0.0496485 0.0496534 0.0496574 0.0496606 0.049663 0.0496646 0.0496654 
0.0496563 0.0496555 0.0496538 0.0496513 0.049648 0.0496439 0.0496389 0.0496331 0.0496264 0.0496189 0.0496106 0.0496014 0.0495914 0.0495806 0.0495689 0.0495563 0.0495429 0.0495287 0.0495136 0.0494976 0.0494809 0.0494632 0.0494447 0.0494254 0.0494051 0.0493841 0.0493622 0.0493395 0.0493159 0.0492914 0.0492662 0.0492401 0.0492132 0.0491855 0.049157 0.0491277 0.0490977 0.0490668 0.0490353 0.049003 0.0489699 0.0489362 0.0489018 0.0488667 0.048831 0.0487947 0.0487578 0.0487204 0.0486824 0.048644 0.048605 0.0485657 0.048526 0.0484859 0.0484455 0.0484048 0.048364 0.0483229 0.0482817 0.0482404 0.0481991 0.0481578 0.0481165 0.0480754 0.0480345 0.0479937 0.0479533 0.0479132 0.0478735 0.0478343 0.0477956 0.0477574 0.0477199 0.0476831 0.047647 0.0476118 0.0475774 0.0475439 0.0475114 0.04748 0.0474496 0.0474204 0.0473924 0.0473657 0.0473403 0.0473162 0.0472935 0.0472722 0.0472524 0.0472341 0.0472174 0.0472022 0.0471886 0.0471767 0.0471665 0.0471579 0.047151 0.0471458 0.0471424 0.0471406 0.0471406 0.0471424 0.0471458 0.047151 0.0471579 0.0471665 0.0471767 0.0471886 0.0472022 0.0472174 0.0472341 0.0472524 0.0472722 0.0472935 0.0473162 0.0473403 0.0473657 0.0473924 0.0474204 0.0474496 0.04748 0.0475114 0.0475439 0.0475774 0.0476118 0.047647 0.0476831 0.0477199 0.0477574 0.0477956 0.0478343 0.0478735 0.0479132 0.0479533 0.0479937 0.0480345 0.0480754 0.0481165 0.0481578 0.0481991 0.0482404 0.0482817 0.0483229 0.048364 0.0484048 0.0484455 0.0484859 0.048526 0.0485657 0.048605 0.048644 0.0486824 0.0487204 0.0487578 0.0487947 0.048831 0.0488667 0.0489018 0.0489362 0.0489699 0.049003 0.0490353 0.0490668 0.0490977 0.0491277 0.049157 0.0491855 0.0492132 0.0492401 0.0492662 0.0492914 0.0493159 0.0493395 0.0493622 0.0493841 0.0494051 0.0494254 0.0494447 0.0494632 0.0494809 0.0494976 0.0495136 0.0495287 0.0495429 0.0495563 0.0495689 0.0495806 0.0495914 0.0496014 0.0496106 0.0496189 0.0496264 0.0496331 0.0496389 0.0496439 0.049648 0.0496513 0.0496538 0.0496555 0.0496563 
0.0496465 0.0496457 0.049644 0.0496414 0.049638 0.0496337 0.0496286 0.0496226 0.0496157 0.049608 0.0495994 0.0495899 0.0495796 0.0495684 0.0495563 0.0495434 0.0495296 0.0495149 0.0494993 0.0494828 0.0494655 0.0494473 0.0494282 0.0494082 0.0493873 0.0493656 0.049343 0.0493195 0.0492951 0.0492699 0.0492438 0.0492169 0.0491891 0.0491605 0.049131 0.0491008 0.0490697 0.0490378 0.0490052 0.0489718 0.0489376 0.0489027 0.0488671 0.0488308 0.0487939 0.0487563 0.0487182 0.0486794 0.0486401 0.0486003 0.04856 0.0485192 0.0484781 0.0484366 0.0483947 0.0483526 0.0483102 0.0482677 0.048225 0.0481822 0.0481393 0.0480965 0.0480537 0.048011 0.0479686 0.0479263 0.0478843 0.0478427 0.0478015 0.0477608 0.0477206 0.047681 0.047642 0.0476038 0.0475663 0.0475297 0.0474939 0.0474592 0.0474254 0.0473927 0.0473612 0.0473308 0.0473017 0.0472739 0.0472475 0.0472224 0.0471988 0.0471767 0.0471561 0.047137 0.0471196 0.0471039 0.0470898 0.0470774 0.0470667 0.0470578 0.0470506 0.0470452 0.0470416 0.0470398 0.0470398 0.0470416 0.0470452 0.0470506 0.0470578 0.0470667 0.0470774 0.0470898 0.0471039 0.0471196 0.047137 0.0471561 0.0471767 0.0471988 0.0472224 0.0472475 0.0472739 0.0473017 0.0473308 0.0473612 0.0473927 0.0474254 0.0474592 0.0474939 0.0475297 0.0475663 0.0476038 0.047642 0.047681 0.0477206 0.0477608 0.0478015 0.0478427 0.0478843 0.0479263 0.0479686 0.048011 0.0480537 0.0480965 0.0481393 0.0481822 0.048225 0.0482677 0.0483102 0.0483526 0.0483947 0.0484366 0.0484781 0.0485192 0.04856 0.0486003 0.0486401 0.0486794 0.0487182 0.0487563 0.0487939 0.0488308 0.0488671 0.0489027 0.0489376 0.0489718 0.0490052 0.0490378 0.0490697 0.0491008 0.049131 0.0491605 0.0491891 0.0492169 0.0492438 0.0492699 0.0492951 0.0493195 0.049343 0.0493656 0.0493873 0.0494082 0.0494282 0.0494473 0.0494655 0.0494828 0.0494993 0.0495149 0.0495296 0.0495434 0.0495563 0.0495684 0.0495796 0.0495899 0.0495994 0.049608 0.0496157 0.0496226 0.0496286 0.0496337 0.049638 0.0496414 0.049644 0.0496457 0.0496465 
0.0496361 0.0496352 0.0496334 0.0496308 0.0496273 0.0496228 0.0496175 0.0496113 0.0496042 0.0495963 0.0495874 0.0495776 0.049567 0.0495554 0.0495429 0.0495296 0.0495153 0.0495001 0.049484 0.049467 0.0494491 0.0494303 0.0494105 0.0493899 0.0493683 0.0493458 0.0493225 0.0492982 0.049273 0.0492469 0.0492199 0.0491921 0.0491633 0.0491337 0.0491033 0.0490719 0.0490398 0.0490068 0.048973 0.0489384 0.048903 0.0488669 0.04883 0.0487925 0.0487542 0.0487153 0.0486757 0.0486355 0.0485948 0.0485535 0.0485118 0.0484695 0.0484268 0.0483838 0.0483404 0.0482966 0.0482527 0.0482085 0.0481642 0.0481198 0.0480753 0.0480308 0.0479864 0.0479421 0.0478979 0.047854 0.0478104 0.0477672 0.0477244 0.047682 0.0476402 0.047599 0.0475585 0.0475187 0.0474798 0.0474416 0.0474045 0.0473683 0.0473332 0.0472991 0.0472663 0.0472347 0.0472044 0.0471755 0.0471479 0.0471218 0.0470972 0.0470742 0.0470527 0.0470329 0.0470147 0.0469983 0.0469836 0.0469707 0.0469596 0.0469503 0.0469428 0.0469372 0.0469334 0.0469316 0.0469316 0.0469334 0.0469372 0.0469428 0.0469503 0.0469596 0.0469707 0.0469836 0.0469983 0.0470147 0.0470329 0.0470527 0.0470742 0.0470972 0.0471218 0.0471479 0.0471755 0.0472044 0.0472347 0.0472663 0.0472991 0.0473332 0.0473683 0.0474045 0.0474416 0.0474798 0.0475187 0.0475585 0.047599 0.0476402 0.047682 0.0477244 0.0477672 0.0478104 0.047854 0.0478979 0.0479421 0.0479864 0.0480308 0.0480753 0.0481198 0.0481642 0.0482085 0.0482527 0.0482966 0.0483404 0.0483838 0.0484268 0.0484695 0.0485118 0.0485535 0.0485948 0.0486355 0.0486757 0.0487153 0.0487542 0.0487925 0.04883 0.0488669 0.048903 0.0489384 0.048973 0.0490068 0.0490398 0.0490719 0.0491033 0.0491337 0.0491633 0.0491921 0.0492199 0.0492469 0.049273 0.0492982 0.0493225 0.0493458 0.0493683 0.0493899 0.0494105 0.0494303 0.0494491 0.049467 0.049484 0.0495001 0.0495153 0.0495296 0.0495429 0.0495554 0.049567 0.0495776 0.0495874 0.0495963 0.0496042 0.0496113 0.0496175 0.0496228 0.0496273 0.0496308 0.0496334 0.0496352 0.0496361 
0.049625 0.0496241 0.0496223 0.0496195 0.0496159 0.0496113 0.0496058 0.0495994 0.0495921 0.0495838 0.0495747 0.0495646 0.0495535 0.0495416 0.0495287 0.0495149 0.0495001 0.0494844 0.0494678 0.0494502 0.0494316 0.0494122 0.0493918 0.0493704 0.0493481 0.0493248 0.0493006 0.0492755 0.0492494 0.0492224 0.0491945 0.0491657 0.0491359 0.0491052 0.0490737 0.0490412 0.0490079 0.0489737 0.0489387 0.0489028 0.0488662 0.0488287 0.0487905 0.0487516 0.0487119 0.0486715 0.0486305 0.0485888 0.0485465 0.0485037 0.0484603 0.0484165 0.0483722 0.0483274 0.0482824 0.048237 0.0481913 0.0481454 0.0480993 0.0480532 0.0480069 0.0479607 0.0479145 0.0478684 0.0478225 0.0477769 0.0477315 0.0476865 0.0476419 0.0475979 0.0475544 0.0475115 0.0474693 0.0474279 0.0473873 0.0473476 0.0473089 0.0472712 0.0472345 0.0471991 0.0471649 0.0471319 0.0471004 0.0470702 0.0470414 0.0470142 0.0469886 0.0469645 0.0469422 0.0469215 0.0469026 0.0468854 0.0468701 0.0468566 0.046845 0.0468353 0.0468275 0.0468217 0.0468177 0.0468158 0.0468158 0.0468177 0.0468217 0.0468275 0.0468353 0.046845 0.0468566 0.0468701 0.0468854 0.0469026 0.0469215 0.0469422 0.0469645 0.0469886 0.0470142 0.0470414 0.0470702 0.0471004 0.0471319 0.0471649 0.0471991 0.0472345 0.0472712 0.0473089 0.0473476 0.0473873 0.0474279 0.0474693 0.0475115 0.0475544 0.0475979 0.0476419 0.0476865 0.0477315 0.0477769 0.0478225 0.0478684 0.0479145 0.0479607 0.0480069 0.0480532 0.0480993 0.0481454 0.0481913 0.048237 0.0482824 0.0483274 0.0483722 0.0484165 0.0484603 0.0485037 0.0485465 0.0485888 0.0486305 0.0486715 0.0487119 0.0487516 0.0487905 0.0488287 0.0488662 0.0489028 0.0489387 0.0489737 0.0490079 0.0490412 0.0490737 0.0491052 0.0491359 0.0491657 0.0491945 0.0492224 0.0492494 0.0492755 0.0493006 0.0493248 0.0493481 0.0493704 0.0493918 0.0494122 0.0494316 0.0494502 0.0494678 0.0494844 0.0495001 0.0495149 0.0495287 0.0495416 0.0495535 0.0495646 0.0495747 0.0495838 0.0495921 0.0495994 0.0496058 0.0496113 0.0496159 0.0496195 0.0496223 0.0496241 0.049625 
0.0496132 0.0496123 0.0496104 0.0496076 0.0496038 0.0495991 0.0495934 0.0495868 0.0495792 0.0495707 0.0495612 0.0495507 0.0495393 0.0495269 0.0495136 0.0494993 0.049484 0.0494678 0.0494505 0.0494323 0.0494131 0.049393 0.0493718 0.0493497 0.0493266 0.0493025 0.0492775 0.0492514 0.0492244 0.0491964 0.0491675 0.0491376 0.0491068 0.049075 0.0490423 0.0490086 0.0489741 0.0489386 0.0489023 0.0488651 0.0488271 0.0487882 0.0487485 0.0487081 0.0486669 0.048625 0.0485824 0.0485391 0.0484952 0.0484507 0.0484057 0.0483601 0.0483141 0.0482676 0.0482207 0.0481735 0.048126 0.0480783 0.0480304 0.0479823 0.0479342 0.0478861 0.047838 0.0477901 0.0477423 0.0476947 0.0476475 0.0476006 0.0475542 0.0475083 0.0474629 0.0474183 0.0473743 0.0473311 0.0472888 0.0472474 0.047207 0.0471677 0.0471295 0.0470925 0.0470568 0.0470224 0.0469895 0.046958 0.046928 0.0468996 0.0468728 0.0468477 0.0468243 0.0468027 0.046783 0.0467651 0.046749 0.046735 0.0467228 0.0467127 0.0467046 0.0466984 0.0466944 0.0466923 0.0466923 0.0466944 0.0466984 0.0467046 0.0467127 0.0467228 0.046735 0.046749 0.0467651 0.046783 0.0468027 0.0468243 0.0468477 0.0468728 0.0468996 0.046928 0.046958 0.0469895 0.0470224 0.0470568 0.0470925 0.0471295 0.0471677 0.047207 0.0472474 0.0472888 0.0473311 0.0473743 0.0474183 0.0474629 0.0475083 0.0475542 0.0476006 0.0476475 0.0476947 0.0477423 0.0477901 0.047838 0.0478861 0.0479342 0.0479823 0.0480304 0.0480783 0.048126 0.0481735 0.0482207 0.0482676 0.0483141 0.0483601 0.0484057 0.0484507 0.0484952 0.0485391 0.0485824 0.048625 0.0486669 0.0487081 0.0487485 0.0487882 0.0488271 0.0488651 0.0489023 0.0489386 0.0489741 0.0490086 0.0490423 0.049075 0.0491068 0.0491376 0.0491675 0.0491964 0.0492244 0.0492514 0.0492775 0.0493025 0.0493266 0.0493497 0.0493718 0.049393 0.0494131 0.0494323 0.0494505 0.0494678 0.049484 0.0494993 0.0495136 0.0495269 0.0495393 0.0495507 0.0495612 0.0495707 0.0495792 0.0495868 0.0495934 0.0495991 0.0496038 0.0496076 0.0496104 0.0496123 0.0496132 
0.0496008 0.0495999 0.0495979 0.049595 0.0495911 0.0495862 0.0495803 0.0495734 0.0495656 0.0495567 0.0495469 0.0495361 0.0495243 0.0495115 0.0494976 0.0494828 0.049467 0.0494502 0.0494323 0.0494135 0.0493936 0.0493727 0.0493508 0.0493279 0.0493039 0.049279 0.049253 0.049226 0.049198 0.049169 0.049139 0.049108 0.049076 0.049043 0.049009 0.0489741 0.0489383 0.0489015 0.0488638 0.0488251 0.0487857 0.0487453 0.0487041 0.0486621 0.0486193 0.0485758 0.0485315 0.0484865 0.0484409 0.0483946 0.0483478 0.0483004 0.0482525 0.0482041 0.0481554 0.0481062 0.0480568 0.0480071 0.0479572 0.0479072 0.0478571 0.047807 0.0477569 0.047707 0.0476572 0.0476076 0.0475584 0.0475095 0.0474611 0.0474132 0.0473659 0.0473193 0.0472734 0.0472283 0.0471842 0.047141 0.0470988 0.0470577 0.0470179 0.0469793 0.046942 0.0469061 0.0468716 0.0468387 0.0468074 0.0467777 0.0467497 0.0467235 0.046699 0.0466765 0.0466558 0.0466371 0.0466203 0.0466056 0.0465929 0.0465823 0.0465738 0.0465674 0.0465632 0.046561 0.046561 0.0465632 0.0465674 0.0465738 0.0465823 0.0465929 0.0466056 0.0466203 0.0466371 0.0466558 0.0466765 0.046699 0.0467235 0.0467497 0.0467777 0.0468074 0.0468387 0.0468716 0.0469061 0.046942 0.0469793 0.0470179 0.0470577 0.0470988 0.047141 0.0471842 0.0472283 0.0472734 0.0473193 0.0473659 0.0474132 0.0474611 0.0475095 0.0475584 0.0476076 0.0476572 0.047707 0.0477569 0.047807 0.0478571 0.0479072 0.0479572 0.0480071 0.0480568 0.0481062 0.0481554 0.0482041 0.0482525 0.0483004 0.0483478 0.0483946 0.0484409 0.0484865 0.0485315 0.0485758 0.0486193 0.0486621 0.0487041 0.0487453 0.0487857 0.0488251 0.0488638 0.0489015 0.0489383 0.0489741 0.049009 0.049043 0.049076 0.049108 0.049139 0.049169 0.049198 0.049226 0.049253 0.049279 0.0493039 0.0493279 0.0493508 0.0493727 0.0493936 0.0494135 0.0494323 0.0494502 0.049467 0.0494828 0.0494976 0.0495115 0.0495243 0.0495361 0.0495469 0.0495567 0.0495656 0.0495734 0.0495803 0.0495862 0.0495911 0.049595 0.0495979 0.0495999 0.0496008 
