0.0499912 0.0499911 0.049991 0.0499908 0.0499905 0.0499902 0.0499899 0.0499894 0.0499889 0.0499883 0.0499877 0.0499869 0.0499861 0.0499852 0.0499843 0.0499832 0.0499821 0.0499809 0.0499796 0.0499782 0.0499767 0.0499751 0.0499734 0.0499715 0.0499696 0.0499676 0.0499654 0.0499631 0.0499607 0.0499582 0.0499555 0.0499527 0.0499498 0.0499467 0.0499434 0.04994 0.0499365 0.0499328 0.049929 0.049925 0.0499208 0.0499165 0.049912 0.0499074 0.0499026 0.0498976 0.0498925 0.0498872 0.0498818 0.0498762 0.0498705 0.0498646 0.0498586 0.0498524 0.0498461 0.0498397 0.0498332 0.0498265 0.0498198 0.0498129 0.049806 0.0497989 0.0497919 0.0497847 0.0497775 0.0497703 0.049763 0.0497558 0.0497485 0.0497413 0.0497341 0.0497269 0.0497198 0.0497128 0.0497059 0.0496991 0.0496924 0.0496858 0.0496794 0.0496731 0.0496671 0.0496612 0.0496555 0.0496501 0.0496449 0.04964 0.0496353 0.0496309 0.0496268 0.049623 0.0496195 0.0496163 0.0496135 0.049611 0.0496088 0.049607 0.0496056 0.0496045 0.0496037 0.0496034 0.0496034 0.0496037 0.0496045 0.0496056 0.049607 0.0496088 0.049611 0.0496135 0.0496163 0.0496195 0.049623 0.0496268 0.0496309 0.0496353 0.04964 0.0496449 0.0496501 0.0496555 0.0496612 0.0496671 0.0496731 0.0496794 0.0496858 0.0496924 0.0496991 0.0497059 0.0497128 0.0497198 0.0497269 0.0497341 0.0497413 0.0497485 0.0497558 0.049763 0.0497703 0.0497775 0.0497847 0.0497919 0.0497989 0.049806 0.0498129 0.0498198 0.0498265 0.0498332 0.0498397 0.0498461 0.0498524 0.0498586 0.0498646 0.0498705 0.0498762 0.0498818 0.0498872 0.0498925 0.0498976 0.0499026 0.0499074 0.049912 0.0499165 0.0499208 0.049925 0.049929 0.0499328 0.0499365 0.04994 0.0499434 0.0499467 0.0499498 0.0499527 0.0499555 0.0499582 0.0499607 0.0499631 0.0499654 0.0499676 0.0499696 0.0499715 0.0499734 0.0499751 0.0499767 0.0499782 0.0499796 0.0499809 0.0499821 0.0499832 0.0499843 0.0499852 0.0499861 0.0499869 0.0499877 0.0499883 0.0499889 0.0499894 0.0499899 0.0499902 0.0499905 0.0499908 0.049991 0.0499911 0.0499912 
0.0499911 0.049991 0.0499909 0.0499907 0.0499905 0.0499902 0.0499898 0.0499893 0.0499888 0.0499882 0.0499876 0.0499868 0.049986 0.0499851 0.0499842 0.0499831 0.049982 0.0499808 0.0499794 0.049978 0.0499765 0.0499749 0.0499732 0.0499713 0.0499694 0.0499673 0.0499652 0.0499629 0.0499604 0.0499579 0.0499552 0.0499524 0.0499494 0.0499463 0.049943 0.0499396 0.049936 0.0499323 0.0499285 0.0499244 0.0499202 0.0499159 0.0499114 0.0499067 0.0499019 0.0498969 0.0498917 0.0498864 0.049881 0.0498753 0.0498695 0.0498636 0.0498576 0.0498514 0.049845 0.0498385 0.049832 0.0498253 0.0498184 0.0498115 0.0498045 0.0497975 0.0497903 0.0497831 0.0497759 0.0497686 0.0497613 0.049754 0.0497467 0.0497394 0.0497321 0.0497249 0.0497177 0.0497107 0.0497037 0.0496968 0.0496901 0.0496834 0.049677 0.0496707 0.0496646 0.0496586 0.0496529 0.0496475 0.0496422 0.0496372 0.0496325 0.0496281 0.049624 0.0496201 0.0496166 0.0496134 0.0496106 0.049608 0.0496059 0.049604 0.0496026 0.0496015 0.0496007 0.0496004 0.0496004 0.0496007 0.0496015 0.0496026 0.049604 0.0496059 0.049608 0.0496106 0.0496134 0.0496166 0.0496201 0.049624 0.0496281 0.0496325 0.0496372 0.0496422 0.0496475 0.0496529 0.0496586 0.0496646 0.0496707 0.049677 0.0496834 0.0496901 0.0496968 0.0497037 0.0497107 0.0497177 0.0497249 0.0497321 0.0497394 0.0497467 0.049754 0.0497613 0.0497686 0.0497759 0.0497831 0.0497903 0.0497975 0.0498045 0.0498115 0.0498184 0.0498253 0.049832 0.0498385 0.049845 0.0498514 0.0498576 0.0498636 0.0498695 0.0498753 0.049881 0.0498864 0.0498917 0.0498969 0.0499019 0.0499067 0.0499114 0.0499159 0.0499202 0.0499244 0.0499285 0.0499323 0.049936 0.0499396 0.049943 0.0499463 0.0499494 0.0499524 0.0499552 0.0499579 0.0499604 0.0499629 0.0499652 0.0499673 0.0499694 0.0499713 0.0499732 0.0499749 0.0499765 0.049978 0.0499794 0.0499808 0.049982 0.0499831 0.0499842 0.0499851 0.049986 0.0499868 0.0499876 0.0499882 0.0499888 0.0499893 0.0499898 0.0499902 0.0499905 0.0499907 0.0499909 0.049991 0.0499911 
0.049991 0.0499909 0.0499908 0.0499906 0.0499903 0.04999 0.0499896 0.0499892 0.0499887 0.0499881 0.0499874 0.0499866 0.0499858 0.0499849 0.0499839 0.0499829 0.0499817 0.0499805 0.0499791 0.0499777 0.0499762 0.0499745 0.0499728 0.0499709 0.049969 0.0499669 0.0499647 0.0499623 0.0499599 0.0499573 0.0499546 0.0499517 0.0499487 0.0499455 0.0499422 0.0499387 0.0499351 0.0499314 0.0499274 0.0499234 0.0499191 0.0499147 0.0499101 0.0499054 0.0499005 0.0498954 0.0498902 0.0498848 0.0498792 0.0498735 0.0498677 0.0498616 0.0498555 0.0498492 0.0498428 0.0498362 0.0498295 0.0498227 0.0498158 0.0498088 0.0498017 0.0497945 0.0497872 0.0497799 0.0497726 0.0497652 0.0497578 0.0497503 0.0497429 0.0497355 0.0497282 0.0497208 0.0497136 0.0497064 0.0496993 0.0496923 0.0496854 0.0496787 0.0496722 0.0496658 0.0496595 0.0496535 0.0496477 0.0496422 0.0496369 0.0496318 0.049627 0.0496225 0.0496183 0.0496144 0.0496109 0.0496076 0.0496047 0.0496021 0.0495999 0.0495981 0.0495966 0.0495955 0.0495947 0.0495944 0.0495944 0.0495947 0.0495955 0.0495966 0.0495981 0.0495999 0.0496021 0.0496047 0.0496076 0.0496109 0.0496144 0.0496183 0.0496225 0.049627 0.0496318 0.0496369 0.0496422 0.0496477 0.0496535 0.0496595 0.0496658 0.0496722 0.0496787 0.0496854 0.0496923 0.0496993 0.0497064 0.0497136 0.0497208 0.0497282 0.0497355 0.0497429 0.0497503 0.0497578 0.0497652 0.0497726 0.0497799 0.0497872 0.0497945 0.0498017 0.0498088 0.0498158 0.0498227 0.0498295 0.0498362 0.0498428 0.0498492 0.0498555 0.0498616 0.0498677 0.0498735 0.0498792 0.0498848 0.0498902 0.0498954 0.0499005 0.0499054 0.0499101 0.0499147 0.0499191 0.0499234 0.0499274 0.0499314 0.0499351 0.0499387 0.0499422 0.0499455 0.0499487 0.0499517 0.0499546 0.0499573 0.0499599 0.0499623 0.0499647 0.0499669 0.049969 0.0499709 0.0499728 0.0499745 0.0499762 0.0499777 0.0499791 0.0499805 0.0499817 0.0499829 0.0499839 0.0499849 0.0499858 0.0499866 0.0499874 0.0499881 0.0499887 0.0499892 0.0499896 0.04999 0.0499903 0.0499906 0.0499908 0.0499909 0.049991 
0.0499908 0.0499907 0.0499906 0.0499904 0.0499901 0.0499898 0.0499894 0.049989 0.0499884 0.0499878 0.0499871 0.0499864 0.0499855 0.0499846 0.0499836 0.0499825 0.0499813 0.0499801 0.0499787 0.0499772 0.0499757 0.049974 0.0499722 0.0499703 0.0499683 0.0499662 0.0499639 0.0499616 0.049959 0.0499564 0.0499536 0.0499507 0.0499476 0.0499444 0.049941 0.0499375 0.0499338 0.0499299 0.0499259 0.0499217 0.0499174 0.0499129 0.0499082 0.0499034 0.0498983 0.0498932 0.0498878 0.0498823 0.0498766 0.0498708 0.0498648 0.0498587 0.0498524 0.0498459 0.0498394 0.0498327 0.0498258 0.0498189 0.0498118 0.0498046 0.0497974 0.04979 0.0497826 0.0497751 0.0497676 0.0497601 0.0497525 0.0497449 0.0497373 0.0497297 0.0497222 0.0497147 0.0497073 0.0496999 0.0496927 0.0496855 0.0496785 0.0496716 0.0496649 0.0496584 0.049652 0.0496459 0.0496399 0.0496342 0.0496288 0.0496236 0.0496187 0.0496141 0.0496098 0.0496059 0.0496022 0.0495989 0.0495959 0.0495933 0.049591 0.0495891 0.0495876 0.0495864 0.0495857 0.0495853 0.0495853 0.0495857 0.0495864 0.0495876 0.0495891 0.049591 0.0495933 0.0495959 0.0495989 0.0496022 0.0496059 0.0496098 0.0496141 0.0496187 0.0496236 0.0496288 0.0496342 0.0496399 0.0496459 0.049652 0.0496584 0.0496649 0.0496716 0.0496785 0.0496855 0.0496927 0.0496999 0.0497073 0.0497147 0.0497222 0.0497297 0.0497373 0.0497449 0.0497525 0.0497601 0.0497676 0.0497751 0.0497826 0.04979 0.0497974 0.0498046 0.0498118 0.0498189 0.0498258 0.0498327 0.0498394 0.0498459 0.0498524 0.0498587 0.0498648 0.0498708 0.0498766 0.0498823 0.0498878 0.0498932 0.0498983 0.0499034 0.0499082 0.0499129 0.0499174 0.0499217 0.0499259 0.0499299 0.0499338 0.0499375 0.049941 0.0499444 0.0499476 0.0499507 0.0499536 0.0499564 0.049959 0.0499616 0.0499639 0.0499662 0.0499683 0.0499703 0.0499722 0.049974 0.0499757 0.0499772 0.0499787 0.0499801 0.0499813 0.0499825 0.0499836 0.0499846 0.0499855 0.0499864 0.0499871 0.0499878 0.0499884 0.049989 0.0499894 0.0499898 0.0499901 0.0499904 0.0499906 0.0499907 0.0499908 
0.0499905 0.0499905 0.0499903 0.0499901 0.0499899 0.0499895 0.0499891 0.0499887 0.0499881 0.0499875 0.0499868 0.049986 0.0499851 0.0499842 0.0499832 0.049982 0.0499808 0.0499795 0.0499781 0.0499766 0.049975 0.0499733 0.0499715 0.0499695 0.0499675 0.0499653 0.0499629 0.0499605 0.0499579 0.0499552 0.0499523 0.0499493 0.0499461 0.0499428 0.0499394 0.0499357 0.0499319 0.049928 0.0499238 0.0499195 0.0499151 0.0499104 0.0499056 0.0499007 0.0498955 0.0498902 0.0498847 0.049879 0.0498732 0.0498672 0.049861 0.0498547 0.0498482 0.0498416 0.0498348 0.0498279 0.0498209 0.0498137 0.0498065 0.0497991 0.0497916 0.049784 0.0497764 0.0497687 0.049761 0.0497532 0.0497454 0.0497376 0.0497298 0.049722 0.0497142 0.0497065 0.0496988 0.0496913 0.0496838 0.0496764 0.0496692 0.0496621 0.0496552 0.0496485 0.0496419 0.0496356 0.0496295 0.0496236 0.049618 0.0496127 0.0496076 0.0496029 0.0495985 0.0495944 0.0495906 0.0495872 0.0495841 0.0495814 0.0495791 0.0495771 0.0495755 0.0495744 0.0495736 0.0495732 0.0495732 0.0495736 0.0495744 0.0495755 0.0495771 0.0495791 0.0495814 0.0495841 0.0495872 0.0495906 0.0495944 0.0495985 0.0496029 0.0496076 0.0496127 0.049618 0.0496236 0.0496295 0.0496356 0.0496419 0.0496485 0.0496552 0.0496621 0.0496692 0.0496764 0.0496838 0.0496913 0.0496988 0.0497065 0.0497142 0.049722 0.0497298 0.0497376 0.0497454 0.0497532 0.049761 0.0497687 0.0497764 0.049784 0.0497916 0.0497991 0.0498065 0.0498137 0.0498209 0.0498279 0.0498348 0.0498416 0.0498482 0.0498547 0.049861 0.0498672 0.0498732 0.049879 0.0498847 0.0498902 0.0498955 0.0499007 0.0499056 0.0499104 0.0499151 0.0499195 0.0499238 0.049928 0.0499319 0.0499357 0.0499394 0.0499428 0.0499461 0.0499493 0.0499523 0.0499552 0.0499579 0.0499605 0.0499629 0.0499653 0.0499675 0.0499695 0.0499715 0.0499733 0.049975 0.0499766 0.0499781 0.0499795 0.0499808 0.049982 0.0499832 0.0499842 0.0499851 0.049986 0.0499868 0.0499875 0.0499881 0.0499887 0.0499891 0.0499895 0.0499899 0.0499901 0.0499903 0.0499905 0.0499905 
0.0499902 0.0499902 0.04999 0.0499898 0.0499895 0.0499892 0.0499888 0.0499883 0.0499877 0.0499871 0.0499863 0.0499855 0.0499846 0.0499837 0.0499826 0.0499814 0.0499802 0.0499788 0.0499774 0.0499758 0.0499742 0.0499724 0.0499705 0.0499685 0.0499664 0.0499641 0.0499617 0.0499592 0.0499565 0.0499537 0.0499507 0.0499476 0.0499443 0.0499409 0.0499373 0.0499335 0.0499296 0.0499255 0.0499213 0.0499168 0.0499122 0.0499074 0.0499024 0.0498973 0.0498919 0.0498864 0.0498807 0.0498749 0.0498688 0.0498626 0.0498562 0.0498497 0.049843 0.0498361 0.0498291 0.049822 0.0498147 0.0498073 0.0497997 0.0497921 0.0497844 0.0497765 0.0497686 0.0497606 0.0497526 0.0497446 0.0497365 0.0497284 0.0497203 0.0497122 0.0497041 0.0496961 0.0496882 0.0496804 0.0496726 0.049665 0.0496575 0.0496502 0.049643 0.049636 0.0496292 0.0496226 0.0496163 0.0496102 0.0496044 0.0495989 0.0495937 0.0495887 0.0495841 0.0495799 0.049576 0.0495724 0.0495692 0.0495664 0.049564 0.049562 0.0495604 0.0495591 0.0495583 0.0495579 0.0495579 0.0495583 0.0495591 0.0495604 0.049562 0.049564 0.0495664 0.0495692 0.0495724 0.049576 0.0495799 0.0495841 0.0495887 0.0495937 0.0495989 0.0496044 0.0496102 0.0496163 0.0496226 0.0496292 0.049636 0.049643 0.0496502 0.0496575 0.049665 0.0496726 0.0496804 0.0496882 0.0496961 0.0497041 0.0497122 0.0497203 0.0497284 0.0497365 0.0497446 0.0497526 0.0497606 0.0497686 0.0497765 0.0497844 0.0497921 0.0497997 0.0498073 0.0498147 0.049822 0.0498291 0.0498361 0.049843 0.0498497 0.0498562 0.0498626 0.0498688 0.0498749 0.0498807 0.0498864 0.0498919 0.0498973 0.0499024 0.0499074 0.0499122 0.0499168 0.0499213 0.0499255 0.0499296 0.0499335 0.0499373 0.0499409 0.0499443 0.0499476 0.0499507 0.0499537 0.0499565 0.0499592 0.0499617 0.0499641 0.0499664 0.0499685 0.0499705 0.0499724 0.0499742 0.0499758 0.0499774 0.0499788 0.0499802 0.0499814 0.0499826 0.0499837 0.0499846 0.0499855 0.0499863 0.0499871 0.0499877 0.0499883 0.0499888 0.0499892 0.0499895 0.0499898 0.04999 0.0499902 0.0499902 
0.0499899 0.0499898 0.0499896 0.0499894 0.0499891 0.0499888 0.0499883 0.0499878 0.0499872 0.0499866 0.0499858 0.049985 0.049984 0.049983 0.0499819 0.0499807 0.0499794 0.049978 0.0499765 0.0499749 0.0499732 0.0499713 0.0499694 0.0499673 0.049965 0.0499627 0.0499602 0.0499576 0.0499548 0.0499518 0.0499488 0.0499455 0.0499421 0.0499386 0.0499348 0.0499309 0.0499268 0.0499226 0.0499181 0.0499135 0.0499087 0.0499037 0.0498985 0.0498932 0.0498876 0.0498819 0.049876 0.0498698 0.0498636 0.0498571 0.0498504 0.0498436 0.0498367 0.0498295 0.0498222 0.0498148 0.0498072 0.0497995 0.0497916 0.0497836 0.0497756 0.0497674 0.0497592 0.0497509 0.0497425 0.0497341 0.0497257 0.0497172 0.0497088 0.0497004 0.049692 0.0496836 0.0496754 0.0496672 0.0496591 0.0496512 0.0496433 0.0496357 0.0496282 0.0496209 0.0496138 0.049607 0.0496004 0.049594 0.049588 0.0495822 0.0495768 0.0495716 0.0495668 0.0495624 0.0495583 0.0495546 0.0495513 0.0495483 0.0495458 0.0495437 0.049542 0.0495407 0.0495399 0.0495394 0.0495394 0.0495399 0.0495407 0.049542 0.0495437 0.0495458 0.0495483 0.0495513 0.0495546 0.0495583 0.0495624 0.0495668 0.0495716 0.0495768 0.0495822 0.049588 0.049594 0.0496004 0.049607 0.0496138 0.0496209 0.0496282 0.0496357 0.0496433 0.0496512 0.0496591 0.0496672 0.0496754 0.0496836 0.049692 0.0497004 0.0497088 0.0497172 0.0497257 0.0497341 0.0497425 0.0497509 0.0497592 0.0497674 0.0497756 0.0497836 0.0497916 0.0497995 0.0498072 0.0498148 0.0498222 0.0498295 0.0498367 0.0498436 0.0498504 0.0498571 0.0498636 0.0498698 0.049876 0.0498819 0.0498876 0.0498932 0.0498985 0.0499037 0.0499087 0.0499135 0.0499181 0.0499226 0.0499268 0.0499309 0.0499348 0.0499386 0.0499421 0.0499455 0.0499488 0.0499518 0.0499548 0.0499576 0.0499602 0.0499627 0.049965 0.0499673 0.0499694 0.0499713 0.0499732 0.0499749 0.0499765 0.049978 0.0499794 0.0499807 0.0499819 0.049983 0.049984 0.049985 0.0499858 0.0499866 0.0499872 0.0499878 0.0499883 0.0499888 0.0499891 0.0499894 0.0499896 0.0499898 0.0499899 
0.0499894 0.0499893 0.0499892 0.049989 0.0499887 0.0499883 0.0499878 0.0499873 0.0499867 0.049986 0.0499852 0.0499843 0.0499833 0.0499823 0.0499811 0.0499799 0.0499785 0.049977 0.0499755 0.0499738 0.049972 0.04997 0.049968 0.0499658 0.0499635 0.049961 0.0499584 0.0499557 0.0499528 0.0499497 0.0499465 0.0499431 0.0499395 0.0499358 0.0499319 0.0499278 0.0499235 0.0499191 0.0499144 0.0499096 0.0499046 0.0498994 0.049894 0.0498883 0.0498825 0.0498765 0.0498703 0.0498639 0.0498574 0.0498506 0.0498436 0.0498365 0.0498292 0.0498217 0.0498141 0.0498063 0.0497984 0.0497903 0.0497821 0.0497737 0.0497653 0.0497567 0.0497481 0.0497394 0.0497306 0.0497218 0.049713 0.0497041 0.0496953 0.0496865 0.0496777 0.0496689 0.0496603 0.0496517 0.0496432 0.0496349 0.0496267 0.0496187 0.0496108 0.0496032 0.0495957 0.0495886 0.0495816 0.049575 0.0495686 0.0495626 0.0495568 0.0495515 0.0495464 0.0495418 0.0495375 0.0495336 0.0495301 0.049527 0.0495244 0.0495222 0.0495204 0.049519 0.0495182 0.0495177 0.0495177 0.0495182 0.049519 0.0495204 0.0495222 0.0495244 0.049527 0.0495301 0.0495336 0.0495375 0.0495418 0.0495464 0.0495515 0.0495568 0.0495626 0.0495686 0.049575 0.0495816 0.0495886 0.0495957 0.0496032 0.0496108 0.0496187 0.0496267 0.0496349 0.0496432 0.0496517 0.0496603 0.0496689 0.0496777 0.0496865 0.0496953 0.0497041 0.049713 0.0497218 0.0497306 0.0497394 0.0497481 0.0497567 0.0497653 0.0497737 0.0497821 0.0497903 0.0497984 0.0498063 0.0498141 0.0498217 0.0498292 0.0498365 0.0498436 0.0498506 0.0498574 0.0498639 0.0498703 0.0498765 0.0498825 0.0498883 0.049894 0.0498994 0.0499046 0.0499096 0.0499144 0.0499191 0.0499235 0.0499278 0.0499319 0.0499358 0.0499395 0.0499431 0.0499465 0.0499497 0.0499528 0.0499557 0.0499584 0.049961 0.0499635 0.0499658 0.049968 0.04997 0.049972 0.0499738 0.0499755 0.049977 0.0499785 0.0499799 0.0499811 0.0499823 0.0499833 0.0499843 0.0499852 0.049986 0.0499867 0.0499873 0.0499878 0.0499883 0.0499887 0.049989 0.0499892 0.0499893 0.0499894 
0.0499889 0.0499888 0.0499887 0.0499884 0.0499881 0.0499877 0.0499872 0.0499867 0.049986 0.0499853 0.0499845 0.0499835 0.0499825 0.0499814 0.0499802 0.0499789 0.0499775 0.0499759 0.0499743 0.0499725 0.0499706 0.0499686 0.0499664 0.0499641 0.0499617 0.0499591 0.0499564 0.0499535 0.0499504 0.0499472 0.0499438 0.0499403 0.0499366 0.0499326 0.0499285 0.0499242 0.0499198 0.0499151 0.0499102 0.0499051 0.0498999 0.0498944 0.0498887 0.0498828 0.0498767 0.0498704 0.0498639 0.0498571 0.0498502 0.0498431 0.0498358 0.0498283 0.0498206 0.0498128 0.0498047 0.0497965 0.0497882 0.0497797 0.049771 0.0497623 0.0497534 0.0497444 0.0497353 0.0497261 0.0497169 0.0497076 0.0496983 0.049689 0.0496797 0.0496704 0.0496612 0.049652 0.0496428 0.0496338 0.0496249 0.0496161 0.0496075 0.049599 0.0495907 0.0495827 0.0495748 0.0495673 0.04956 0.049553 0.0495463 0.0495399 0.0495339 0.0495282 0.0495229 0.049518 0.0495134 0.0495093 0.0495057 0.0495024 0.0494996 0.0494973 0.0494954 0.049494 0.0494931 0.0494926 0.0494926 0.0494931 0.049494 0.0494954 0.0494973 0.0494996 0.0495024 0.0495057 0.0495093 0.0495134 0.049518 0.0495229 0.0495282 0.0495339 0.0495399 0.0495463 0.049553 0.04956 0.0495673 0.0495748 0.0495827 0.0495907 0.049599 0.0496075 0.0496161 0.0496249 0.0496338 0.0496428 0.049652 0.0496612 0.0496704 0.0496797 0.049689 0.0496983 0.0497076 0.0497169 0.0497261 0.0497353 0.0497444 0.0497534 0.0497623 0.049771 0.0497797 0.0497882 0.0497965 0.0498047 0.0498128 0.0498206 0.0498283 0.0498358 0.0498431 0.0498502 0.0498571 0.0498639 0.0498704 0.0498767 0.0498828 0.0498887 0.0498944 0.0498999 0.0499051 0.0499102 0.0499151 0.0499198 0.0499242 0.0499285 0.0499326 0.0499366 0.0499403 0.0499438 0.0499472 0.0499504 0.0499535 0.0499564 0.0499591 0.0499617 0.0499641 0.0499664 0.0499686 0.0499706 0.0499725 0.0499743 0.0499759 0.0499775 0.0499789 0.0499802 0.0499814 0.0499825 0.0499835 0.0499845 0.0499853 0.049986 0.0499867 0.0499872 0.0499877 0.0499881 0.0499884 0.0499887 0.0499888 0.0499889 
0.0499883 0.0499882 0.0499881 0.0499878 0.0499875 0.0499871 0.0499866 0.049986 0.0499853 0.0499845 0.0499836 0.0499827 0.0499816 0.0499804 0.0499792 0.0499778 0.0499763 0.0499747 0.0499729 0.0499711 0.0499691 0.0499669 0.0499646 0.0499622 0.0499597 0.0499569 0.0499541 0.049951 0.0499478 0.0499444 0.0499409 0.0499371 0.0499332 0.049929 0.0499247 0.0499202 0.0499155 0.0499105 0.0499054 0.0499 0.0498945 0.0498887 0.0498827 0.0498765 0.04987 0.0498634 0.0498565 0.0498494 0.0498421 0.0498346 0.0498269 0.049819 0.0498109 0.0498026 0.0497941 0.0497854 0.0497766 0.0497676 0.0497585 0.0497492 0.0497398 0.0497303 0.0497207 0.0497111 0.0497013 0.0496915 0.0496817 0.0496718 0.049662 0.0496522 0.0496424 0.0496326 0.049623 0.0496134 0.049604 0.0495947 0.0495856 0.0495766 0.0495679 0.0495593 0.0495511 0.0495431 0.0495353 0.0495279 0.0495208 0.0495141 0.0495077 0.0495017 0.0494961 0.0494908 0.0494861 0.0494817 0.0494778 0.0494744 0.0494715 0.049469 0.049467 0.0494655 0.0494645 0.049464 0.049464 0.0494645 0.0494655 0.049467 0.049469 0.0494715 0.0494744 0.0494778 0.0494817 0.0494861 0.0494908 0.0494961 0.0495017 0.0495077 0.0495141 0.0495208 0.0495279 0.0495353 0.0495431 0.0495511 0.0495593 0.0495679 0.0495766 0.0495856 0.0495947 0.049604 0.0496134 0.049623 0.0496326 0.0496424 0.0496522 0.049662 0.0496718 0.0496817 0.0496915 0.0497013 0.0497111 0.0497207 0.0497303 0.0497398 0.0497492 0.0497585 0.0497676 0.0497766 0.0497854 0.0497941 0.0498026 0.0498109 0.049819 0.0498269 0.0498346 0.0498421 0.0498494 0.0498565 0.0498634 0.04987 0.0498765 0.0498827 0.0498887 0.0498945 0.0499 0.0499054 0.0499105 0.0499155 0.0499202 0.0499247 0.049929 0.0499332 0.0499371 0.0499409 0.0499444 0.0499478 0.049951 0.0499541 0.0499569 0.0499597 0.0499622 0.0499646 0.0499669 0.0499691 0.0499711 0.0499729 0.0499747 0.0499763 0.0499778 0.0499792 0.0499804 0.0499816 0.0499827 0.0499836 0.0499845 0.0499853 0.049986 0.0499866 0.0499871 0.0499875 0.0499878 0.0499881 0.0499882 0.0499883 
0.0499877 0.0499876 0.0499874 0.0499871 0.0499868 0.0499863 0.0499858 0.0499852 0.0499845 0.0499836 0.0499827 0.0499817 0.0499806 0.0499793 0.049978 0.0499765 0.0499749 0.0499732 0.0499714 0.0499694 0.0499673 0.0499651 0.0499627 0.0499601 0.0499574 0.0499545 0.0499515 0.0499482 0.0499448 0.0499413 0.0499375 0.0499335 0.0499294 0.049925 0.0499204 0.0499156 0.0499106 0.0499054 0.0499 0.0498943 0.0498884 0.0498823 0.0498759 0.0498694 0.0498625 0.0498555 0.0498482 0.0498407 0.049833 0.049825 0.0498169 0.0498085 0.0497999 0.0497911 0.0497821 0.0497729 0.0497636 0.0497541 0.0497444 0.0497346 0.0497246 0.0497145 0.0497044 0.0496941 0.0496838 0.0496734 0.0496629 0.0496525 0.049642 0.0496316 0.0496212 0.0496109 0.0496007 0.0495905 0.0495805 0.0495706 0.0495609 0.0495514 0.0495421 0.0495331 0.0495243 0.0495158 0.0495076 0.0494997 0.0494922 0.049485 0.0494782 0.0494718 0.0494659 0.0494603 0.0494553 0.0494506 0.0494465 0.0494429 0.0494397 0.0494371 0.049435 0.0494334 0.0494323 0.0494318 0.0494318 0.0494323 0.0494334 0.049435 0.0494371 0.0494397 0.0494429 0.0494465 0.0494506 0.0494553 0.0494603 0.0494659 0.0494718 0.0494782 0.049485 0.0494922 0.0494997 0.0495076 0.0495158 0.0495243 0.0495331 0.0495421 0.0495514 0.0495609 0.0495706 0.0495805 0.0495905 0.0496007 0.0496109 0.0496212 0.0496316 0.049642 0.0496525 0.0496629 0.0496734 0.0496838 0.0496941 0.0497044 0.0497145 0.0497246 0.0497346 0.0497444 0.0497541 0.0497636 0.0497729 0.0497821 0.0497911 0.0497999 0.0498085 0.0498169 0.049825 0.049833 0.0498407 0.0498482 0.0498555 0.0498625 0.0498694 0.0498759 0.0498823 0.0498884 0.0498943 0.0499 0.0499054 0.0499106 0.0499156 0.0499204 0.049925 0.0499294 0.0499335 0.0499375 0.0499413 0.0499448 0.0499482 0.0499515 0.0499545 0.0499574 0.0499601 0.0499627 0.0499651 0.0499673 0.0499694 0.0499714 0.0499732 0.0499749 0.0499765 0.049978 0.0499793 0.0499806 0.0499817 0.0499827 0.0499836 0.0499845 0.0499852 0.0499858 0.0499863 0.0499868 0.0499871 0.0499874 0.0499876 0.0499877 
0.0499869 0.0499868 0.0499866 0.0499864 0.049986 0.0499855 0.049985 0.0499843 0.0499835 0.0499827 0.0499817 0.0499806 0.0499794 0.0499781 0.0499767 0.0499751 0.0499735 0.0499716 0.0499697 0.0499676 0.0499654 0.049963 0.0499604 0.0499577 0.0499548 0.0499518 0.0499486 0.0499452 0.0499416 0.0499378 0.0499338 0.0499295 0.0499251 0.0499205 0.0499157 0.0499106 0.0499053 0.0498997 0.049894 0.0498879 0.0498817 0.0498752 0.0498684 0.0498615 0.0498542 0.0498467 0.049839 0.049831 0.0498228 0.0498144 0.0498057 0.0497968 0.0497877 0.0497783 0.0497688 0.049759 0.0497491 0.0497389 0.0497287 0.0497182 0.0497076 0.0496969 0.0496861 0.0496752 0.0496642 0.0496531 0.049642 0.0496309 0.0496198 0.0496087 0.0495977 0.0495867 0.0495758 0.049565 0.0495543 0.0495438 0.0495335 0.0495233 0.0495134 0.0495038 0.0494944 0.0494854 0.0494766 0.0494682 0.0494602 0.0494526 0.0494453 0.0494385 0.0494322 0.0494263 0.0494209 0.049416 0.0494115 0.0494077 0.0494043 0.0494015 0.0493993 0.0493976 0.0493964 0.0493959 0.0493959 0.0493964 0.0493976 0.0493993 0.0494015 0.0494043 0.0494077 0.0494115 0.049416 0.0494209 0.0494263 0.0494322 0.0494385 0.0494453 0.0494526 0.0494602 0.0494682 0.0494766 0.0494854 0.0494944 0.0495038 0.0495134 0.0495233 0.0495335 0.0495438 0.0495543 0.049565 0.0495758 0.0495867 0.0495977 0.0496087 0.0496198 0.0496309 0.049642 0.0496531 0.0496642 0.0496752 0.0496861 0.0496969 0.0497076 0.0497182 0.0497287 0.0497389 0.0497491 0.049759 0.0497688 0.0497783 0.0497877 0.0497968 0.0498057 0.0498144 0.0498228 0.049831 0.049839 0.0498467 0.0498542 0.0498615 0.0498684 0.0498752 0.0498817 0.0498879 0.049894 0.0498997 0.0499053 0.0499106 0.0499157 0.0499205 0.0499251 0.0499295 0.0499338 0.0499378 0.0499416 0.0499452 0.0499486 0.0499518 0.0499548 0.0499577 0.0499604 0.049963 0.0499654 0.0499676 0.0499697 0.0499716 0.0499735 0.0499751 0.0499767 0.0499781 0.0499794 0.0499806 0.0499817 0.0499827 0.0499835 0.0499843 0.049985 0.0499855 0.049986 0.0499864 0.0499866 0.0499868 0.0499869 
0.0499861 0.049986 0.0499858 0.0499855 0.0499851 0.0499846 0.049984 0.0499833 0.0499825 0.0499816 0.0499806 0.0499794 0.0499782 0.0499768 0.0499753 0.0499736 0.0499718 0.0499699 0.0499678 0.0499656 0.0499632 0.0499607 0.049958 0.0499551 0.049952 0.0499488 0.0499454 0.0499417 0.0499379 0.0499339 0.0499296 0.0499252 0.0499205 0.0499155 0.0499104 0.049905 0.0498993 0.0498934 0.0498873 0.0498809 0.0498742 0.0498673 0.0498602 0.0498527 0.049845 0.049837 0.0498288 0.0498203 0.0498116 0.0498026 0.0497934 0.0497839 0.0497741 0.0497642 0.049754 0.0497436 0.049733 0.0497222 0.0497113 0.0497001 0.0496889 0.0496774 0.0496659 0.0496543 0.0496425 0.0496307 0.0496189 0.0496071 0.0495952 0.0495833 0.0495716 0.0495598 0.0495482 0.0495367 0.0495253 0.0495141 0.049503 0.0494922 0.0494817 0.0494714 0.0494614 0.0494517 0.0494423 0.0494334 0.0494248 0.0494166 0.0494089 0.0494016 0.0493948 0.0493885 0.0493828 0.0493775 0.0493728 0.0493687 0.0493651 0.0493621 0.0493597 0.0493579 0.0493566 0.049356 0.049356 0.0493566 0.0493579 0.0493597 0.0493621 0.0493651 0.0493687 0.0493728 0.0493775 0.0493828 0.0493885 0.0493948 0.0494016 0.0494089 0.0494166 0.0494248 0.0494334 0.0494423 0.0494517 0.0494614 0.0494714 0.0494817 0.0494922 0.049503 0.0495141 0.0495253 0.0495367 0.0495482 0.0495598 0.0495716 0.0495833 0.0495952 0.0496071 0.0496189 0.0496307 0.0496425 0.0496543 0.0496659 0.0496774 0.0496889 0.0497001 0.0497113 0.0497222 0.049733 0.0497436 0.049754 0.0497642 0.0497741 0.0497839 0.0497934 0.0498026 0.0498116 0.0498203 0.0498288 0.049837 0.049845 0.0498527 0.0498602 0.0498673 0.0498742 0.0498809 0.0498873 0.0498934 0.0498993 0.049905 0.0499104 0.0499155 0.0499205 0.0499252 0.0499296 0.0499339 0.0499379 0.0499417 0.0499454 0.0499488 0.049952 0.0499551 0.049958 0.0499607 0.0499632 0.0499656 0.0499678 0.0499699 0.0499718 0.0499736 0.0499753 0.0499768 0.0499782 0.0499794 0.0499806 0.0499816 0.0499825 0.0499833 0.049984 0.0499846 0.0499851 0.0499855 0.0499858 0.049986 0.0499861 
0.0499852 0.0499851 0.0499849 0.0499846 0.0499842 0.0499837 0.049983 0.0499823 0.0499814 0.0499804 0.0499793 0.0499781 0.0499768 0.0499753 0.0499737 0.0499719 0.04997 0.049968 0.0499658 0.0499634 0.0499609 0.0499582 0.0499553 0.0499522 0.049949 0.0499455 0.0499419 0.049938 0.0499339 0.0499296 0.0499251 0.0499203 0.0499153 0.0499101 0.0499046 0.0498988 0.0498928 0.0498865 0.04988 0.0498732 0.0498661 0.0498587 0.049851 0.0498431 0.0498349 0.0498264 0.0498176 0.0498086 0.0497993 0.0497897 0.0497798 0.0497697 0.0497593 0.0497487 0.0497378 0.0497267 0.0497154 0.0497039 0.0496922 0.0496803 0.0496682 0.049656 0.0496437 0.0496312 0.0496187 0.0496061 0.0495935 0.0495808 0.0495681 0.0495554 0.0495428 0.0495303 0.0495178 0.0495055 0.0494933 0.0494813 0.0494695 0.049458 0.0494467 0.0494357 0.0494249 0.0494146 0.0494046 0.049395 0.0493858 0.0493771 0.0493688 0.049361 0.0493537 0.049347 0.0493408 0.0493352 0.0493301 0.0493257 0.0493218 0.0493186 0.0493161 0.0493141 0.0493128 0.0493122 0.0493122 0.0493128 0.0493141 0.0493161 0.0493186 0.0493218 0.0493257 0.0493301 0.0493352 0.0493408 0.049347 0.0493537 0.049361 0.0493688 0.0493771 0.0493858 0.049395 0.0494046 0.0494146 0.0494249 0.0494357 0.0494467 0.049458 0.0494695 0.0494813 0.0494933 0.0495055 0.0495178 0.0495303 0.0495428 0.0495554 0.0495681 0.0495808 0.0495935 0.0496061 0.0496187 0.0496312 0.0496437 0.049656 0.0496682 0.0496803 0.0496922 0.0497039 0.0497154 0.0497267 0.0497378 0.0497487 0.0497593 0.0497697 0.0497798 0.0497897 0.0497993 0.0498086 0.0498176 0.0498264 0.0498349 0.0498431 0.049851 0.0498587 0.0498661 0.0498732 0.04988 0.0498865 0.0498928 0.0498988 0.0499046 0.0499101 0.0499153 0.0499203 0.0499251 0.0499296 0.0499339 0.049938 0.0499419 0.0499455 0.049949 0.0499522 0.0499553 0.0499582 0.0499609 0.0499634 0.0499658 0.049968 0.04997 0.0499719 0.0499737 0.0499753 0.0499768 0.0499781 0.0499793 0.0499804 0.0499814 0.0499823 0.049983 0.0499837 0.0499842 0.0499846 0.0499849 0.0499851 0.0499852 
0.0499843 0.0499842 0.0499839 0.0499836 0.0499832 0.0499826 0.0499819 0.0499811 0.0499802 0.0499792 0.049978 0.0499767 0.0499753 0.0499737 0.049972 0.0499701 0.0499681 0.0499659 0.0499635 0.049961 0.0499583 0.0499554 0.0499523 0.0499491 0.0499456 0.0499419 0.049938 0.0499339 0.0499296 0.049925 0.0499201 0.0499151 0.0499097 0.0499041 0.0498983 0.0498921 0.0498857 0.049879 0.049872 0.0498647 0.0498571 0.0498493 0.0498411 0.0498326 0.0498238 0.0498148 0.0498054 0.0497957 0.0497858 0.0497755 0.0497649 0.0497541 0.049743 0.0497317 0.04972 0.0497082 0.0496961 0.0496838 0.0496712 0.0496585 0.0496456 0.0496326 0.0496194 0.0496061 0.0495926 0.0495792 0.0495656 0.049552 0.0495385 0.0495249 0.0495114 0.0494979 0.0494846 0.0494714 0.0494583 0.0494455 0.0494328 0.0494204 0.0494083 0.0493965 0.049385 0.0493739 0.0493632 0.0493529 0.0493431 0.0493337 0.0493248 0.0493165 0.0493087 0.0493014 0.0492948 0.0492888 0.0492833 0.0492786 0.0492745 0.049271 0.0492682 0.0492662 0.0492648 0.0492641 0.0492641 0.0492648 0.0492662 0.0492682 0.049271 0.0492745 0.0492786 0.0492833 0.0492888 0.0492948 0.0493014 0.0493087 0.0493165 0.0493248 0.0493337 0.0493431 0.0493529 0.0493632 0.0493739 0.049385 0.0493965 0.0494083 0.0494204 0.0494328 0.0494455 0.0494583 0.0494714 0.0494846 0.0494979 0.0495114 0.0495249 0.0495385 0.049552 0.0495656 0.0495792 0.0495926 0.0496061 0.0496194 0.0496326 0.0496456 0.0496585 0.0496712 0.0496838 0.0496961 0.0497082 0.04972 0.0497317 0.049743 0.0497541 0.0497649 0.0497755 0.0497858 0.0497957 0.0498054 0.0498148 0.0498238 0.0498326 0.0498411 0.0498493 0.0498571 0.0498647 0.049872 0.049879 0.0498857 0.0498921 0.0498983 0.0499041 0.0499097 0.0499151 0.0499201 0.049925 0.0499296 0.0499339 0.049938 0.0499419 0.0499456 0.0499491 0.0499523 0.0499554 0.0499583 0.049961 0.0499635 0.0499659 0.0499681 0.0499701 0.049972 0.0499737 0.0499753 0.0499767 0.049978 0.0499792 0.0499802 0.0499811 0.0499819 0.0499826 0.0499832 0.0499836 0.0499839 0.0499842 0.0499843 
0.0499832 0.0499831 0.0499829 0.0499825 0.049982 0.0499814 0.0499807 0.0499799 0.0499789 0.0499778 0.0499765 0.0499751 0.0499736 0.0499719 0.0499701 0.0499681 0.0499659 0.0499636 0.0499611 0.0499584 0.0499555 0.0499524 0.0499492 0.0499457 0.049942 0.049938 0.0499339 0.0499295 0.0499248 0.0499199 0.0499148 0.0499093 0.0499036 0.0498976 0.0498914 0.0498848 0.0498779 0.0498708 0.0498633 0.0498555 0.0498474 0.049839 0.0498303 0.0498212 0.0498118 0.0498021 0.0497921 0.0497817 0.0497711 0.0497601 0.0497488 0.0497372 0.0497253 0.0497132 0.0497007 0.049688 0.0496751 0.0496619 0.0496484 0.0496348 0.049621 0.049607 0.0495929 0.0495786 0.0495642 0.0495498 0.0495352 0.0495207 0.0495061 0.0494916 0.0494771 0.0494627 0.0494484 0.0494342 0.0494202 0.0494064 0.0493928 0.0493795 0.0493665 0.0493538 0.0493415 0.0493296 0.0493181 0.049307 0.0492964 0.0492864 0.0492768 0.0492679 0.0492595 0.0492517 0.0492446 0.0492381 0.0492323 0.0492272 0.0492227 0.049219 0.0492161 0.0492138 0.0492123 0.0492116 0.0492116 0.0492123 0.0492138 0.0492161 0.049219 0.0492227 0.0492272 0.0492323 0.0492381 0.0492446 0.0492517 0.0492595 0.0492679 0.0492768 0.0492864 0.0492964 0.049307 0.0493181 0.0493296 0.0493415 0.0493538 0.0493665 0.0493795 0.0493928 0.0494064 0.0494202 0.0494342 0.0494484 0.0494627 0.0494771 0.0494916 0.0495061 0.0495207 0.0495352 0.0495498 0.0495642 0.0495786 0.0495929 0.049607 0.049621 0.0496348 0.0496484 0.0496619 0.0496751 0.049688 0.0497007 0.0497132 0.0497253 0.0497372 0.0497488 0.0497601 0.0497711 0.0497817 0.0497921 0.0498021 0.0498118 0.0498212 0.0498303 0.049839 0.0498474 0.0498555 0.0498633 0.0498708 0.0498779 0.0498848 0.0498914 0.0498976 0.0499036 0.0499093 0.0499148 0.0499199 0.0499248 0.0499295 0.0499339 0.049938 0.049942 0.0499457 0.0499492 0.0499524 0.0499555 0.0499584 0.0499611 0.0499636 0.0499659 0.0499681 0.0499701 0.0499719 0.0499736 0.0499751 0.0499765 0.0499778 0.0499789 0.0499799 0.0499807 0.0499814 0.049982 0.0499825 0.0499829 0.0499831 0.0499832 
0.0499821 0.049982 0.0499817 0.0499813 0.0499808 0.0499802 0.0499794 0.0499785 0.0499775 0.0499763 0.0499749 0.0499735 0.0499718 0.04997 0.0499681 0.0499659 0.0499636 0.0499611 0.0499584 0.0499556 0.0499525 0.0499492 0.0499457 0.049942 0.049938 0.0499338 0.0499294 0.0499246 0.0499197 0.0499144 0.0499089 0.0499031 0.049897 0.0498906 0.0498839 0.0498769 0.0498695 0.0498619 0.0498539 0.0498456 0.0498369 0.0498279 0.0498185 0.0498088 0.0497988 0.0497884 0.0497776 0.0497665 0.0497551 0.0497434 0.0497313 0.0497189 0.0497061 0.0496931 0.0496797 0.0496661 0.0496522 0.0496381 0.0496237 0.0496091 0.0495943 0.0495793 0.0495641 0.0495488 0.0495334 0.0495178 0.0495023 0.0494866 0.049471 0.0494554 0.0494398 0.0494243 0.049409 0.0493937 0.0493787 0.0493639 0.0493493 0.049335 0.049321 0.0493074 0.0492942 0.0492813 0.049269 0.0492571 0.0492457 0.0492349 0.0492246 0.049215 0.049206 0.0491976 0.04919 0.049183 0.0491767 0.0491712 0.0491665 0.0491625 0.0491593 0.0491569 0.0491553 0.0491544 0.0491544 0.0491553 0.0491569 0.0491593 0.0491625 0.0491665 0.0491712 0.0491767 0.049183 0.04919 0.0491976 0.049206 0.049215 0.0492246 0.0492349 0.0492457 0.0492571 0.049269 0.0492813 0.0492942 0.0493074 0.049321 0.049335 0.0493493 0.0493639 0.0493787 0.0493937 0.049409 0.0494243 0.0494398 0.0494554 0.049471 0.0494866 0.0495023 0.0495178 0.0495334 0.0495488 0.0495641 0.0495793 0.0495943 0.0496091 0.0496237 0.0496381 0.0496522 0.0496661 0.0496797 0.0496931 0.0497061 0.0497189 0.0497313 0.0497434 0.0497551 0.0497665 0.0497776 0.0497884 0.0497988 0.0498088 0.0498185 0.0498279 0.0498369 0.0498456 0.0498539 0.0498619 0.0498695 0.0498769 0.0498839 0.0498906 0.049897 0.0499031 0.0499089 0.0499144 0.0499197 0.0499246 0.0499294 0.0499338 0.049938 0.049942 0.0499457 0.0499492 0.0499525 0.0499556 0.0499584 0.0499611 0.0499636 0.0499659 0.0499681 0.04997 0.0499718 0.0499735 0.0499749 0.0499763 0.0499775 0.0499785 0.0499794 0.0499802 0.0499808 0.0499813 0.0499817 0.049982 0.0499821 
0.0499809 0.0499808 0.0499805 0.0499801 0.0499795 0.0499788 0.049978 0.049977 0.0499759 0.0499747 0.0499732 0.0499716 0.0499699 0.049968 0.0499659 0.0499636 0.0499611 0.0499585 0.0499556 0.0499525 0.0499492 0.0499457 0.049942 0.049938 0.0499337 0.0499292 0.0499245 0.0499194 0.0499141 0.0499085 0.0499026 0.0498964 0.0498899 0.049883 0.0498758 0.0498683 0.0498605 0.0498523 0.0498437 0.0498348 0.0498255 0.0498158 0.0498058 0.0497954 0.0497847 0.0497735 0.049762 0.0497501 0.0497379 0.0497253 0.0497123 0.049699 0.0496854 0.0496714 0.0496571 0.0496425 0.0496276 0.0496124 0.0495969 0.0495812 0.0495653 0.0495492 0.0495329 0.0495165 0.0494999 0.0494833 0.0494665 0.0494498 0.049433 0.0494162 0.0493995 0.0493828 0.0493663 0.0493499 0.0493338 0.0493178 0.0493022 0.0492868 0.0492718 0.0492571 0.0492429 0.0492291 0.0492158 0.049203 0.0491907 0.0491791 0.0491681 0.0491577 0.049148 0.049139 0.0491307 0.0491232 0.0491165 0.0491105 0.0491054 0.0491011 0.0490977 0.0490951 0.0490934 0.0490925 0.0490925 0.0490934 0.0490951 0.0490977 0.0491011 0.0491054 0.0491105 0.0491165 0.0491232 0.0491307 0.049139 0.049148 0.0491577 0.0491681 0.0491791 0.0491907 0.049203 0.0492158 0.0492291 0.0492429 0.0492571 0.0492718 0.0492868 0.0493022 0.0493178 0.0493338 0.0493499 0.0493663 0.0493828 0.0493995 0.0494162 0.049433 0.0494498 0.0494665 0.0494833 0.0494999 0.0495165 0.0495329 0.0495492 0.0495653 0.0495812 0.0495969 0.0496124 0.0496276 0.0496425 0.0496571 0.0496714 0.0496854 0.049699 0.0497123 0.0497253 0.0497379 0.0497501 0.049762 0.0497735 0.0497847 0.0497954 0.0498058 0.0498158 0.0498255 0.0498348 0.0498437 0.0498523 0.0498605 0.0498683 0.0498758 0.049883 0.0498899 0.0498964 0.0499026 0.0499085 0.0499141 0.0499194 0.0499245 0.0499292 0.0499337 0.049938 0.049942 0.0499457 0.0499492 0.0499525 0.0499556 0.0499585 0.0499611 0.0499636 0.0499659 0.049968 0.0499699 0.0499716 0.0499732 0.0499747 0.0499759 0.049977 0.049978 0.0499788 0.0499795 0.0499801 0.0499805 0.0499808 0.0499809 
0.0499796 0.0499794 0.0499791 0.0499787 0.0499781 0.0499774 0.0499765 0.0499755 0.0499743 0.0499729 0.0499714 0.0499697 0.0499678 0.0499658 0.0499635 0.0499611 0.0499584 0.0499556 0.0499525 0.0499492 0.0499457 0.049942 0.0499379 0.0499337 0.0499291 0.0499243 0.0499192 0.0499139 0.0499082 0.0499022 0.0498958 0.0498892 0.0498822 0.0498749 0.0498672 0.0498591 0.0498507 0.0498419 0.0498327 0.0498232 0.0498132 0.0498029 0.0497921 0.049781 0.0497695 0.0497575 0.0497452 0.0497324 0.0497193 0.0497058 0.0496919 0.0496776 0.049663 0.0496479 0.0496326 0.0496169 0.0496009 0.0495846 0.049568 0.0495512 0.0495341 0.0495168 0.0494993 0.0494817 0.0494639 0.049446 0.049428 0.0494099 0.0493919 0.0493738 0.0493559 0.049338 0.0493202 0.0493026 0.0492852 0.0492681 0.0492512 0.0492347 0.0492185 0.0492027 0.0491874 0.0491725 0.0491582 0.0491444 0.0491313 0.0491187 0.0491069 0.0490957 0.0490852 0.0490755 0.0490666 0.0490586 0.0490513 0.0490449 0.0490394 0.0490348 0.0490311 0.0490283 0.0490264 0.0490255 0.0490255 0.0490264 0.0490283 0.0490311 0.0490348 0.0490394 0.0490449 0.0490513 0.0490586 0.0490666 0.0490755 0.0490852 0.0490957 0.0491069 0.0491187 0.0491313 0.0491444 0.0491582 0.0491725 0.0491874 0.0492027 0.0492185 0.0492347 0.0492512 0.0492681 0.0492852 0.0493026 0.0493202 0.049338 0.0493559 0.0493738 0.0493919 0.0494099 0.049428 0.049446 0.0494639 0.0494817 0.0494993 0.0495168 0.0495341 0.0495512 0.049568 0.0495846 0.0496009 0.0496169 0.0496326 0.0496479 0.049663 0.0496776 0.0496919 0.0497058 0.0497193 0.0497324 0.0497452 0.0497575 0.0497695 0.049781 0.0497921 0.0498029 0.0498132 0.0498232 0.0498327 0.0498419 0.0498507 0.0498591 0.0498672 0.0498749 0.0498822 0.0498892 0.0498958 0.0499022 0.0499082 0.0499139 0.0499192 0.0499243 0.0499291 0.0499337 0.0499379 0.049942 0.0499457 0.0499492 0.0499525 0.0499556 0.0499584 0.0499611 0.0499635 0.0499658 0.0499678 0.0499697 0.0499714 0.0499729 0.0499743 0.0499755 0.0499765 0.0499774 0.0499781 0.0499787 0.0499791 0.0499794 0.0499796 
0.0499782 0.049978 0.0499777 0.0499772 0.0499766 0.0499758 0.0499749 0.0499738 0.0499725 0.0499711 0.0499694 0.0499676 0.0499656 0.0499634 0.049961 0.0499584 0.0499556 0.0499525 0.0499492 0.0499457 0.049942 0.0499379 0.0499336 0.0499291 0.0499242 0.0499191 0.0499136 0.0499078 0.0499018 0.0498953 0.0498886 0.0498814 0.0498739 0.0498661 0.0498579 0.0498492 0.0498402 0.0498308 0.049821 0.0498107 0.0498 0.049789 0.0497774 0.0497655 0.0497531 0.0497403 0.0497271 0.0497134 0.0496993 0.0496848 0.0496699 0.0496546 0.0496389 0.0496227 0.0496063 0.0495894 0.0495723 0.0495548 0.0495369 0.0495189 0.0495005 0.0494819 0.0494631 0.0494441 0.049425 0.0494058 0.0493864 0.049367 0.0493476 0.0493282 0.0493089 0.0492896 0.0492705 0.0492516 0.0492329 0.0492144 0.0491963 0.0491785 0.0491611 0.0491441 0.0491276 0.0491116 0.0490962 0.0490813 0.0490671 0.0490536 0.0490408 0.0490288 0.0490175 0.0490071 0.0489975 0.0489888 0.048981 0.0489741 0.0489682 0.0489632 0.0489592 0.0489562 0.0489541 0.0489531 0.0489531 0.0489541 0.0489562 0.0489592 0.0489632 0.0489682 0.0489741 0.048981 0.0489888 0.0489975 0.0490071 0.0490175 0.0490288 0.0490408 0.0490536 0.0490671 0.0490813 0.0490962 0.0491116 0.0491276 0.0491441 0.0491611 0.0491785 0.0491963 0.0492144 0.0492329 0.0492516 0.0492705 0.0492896 0.0493089 0.0493282 0.0493476 0.049367 0.0493864 0.0494058 0.049425 0.0494441 0.0494631 0.0494819 0.0495005 0.0495189 0.0495369 0.0495548 0.0495723 0.0495894 0.0496063 0.0496227 0.0496389 0.0496546 0.0496699 0.0496848 0.0496993 0.0497134 0.0497271 0.0497403 0.0497531 0.0497655 0.0497774 0.049789 0.0498 0.0498107 0.049821 0.0498308 0.0498402 0.0498492 0.0498579 0.0498661 0.0498739 0.0498814 0.0498886 0.0498953 0.0499018 0.0499078 0.0499136 0.0499191 0.0499242 0.0499291 0.0499336 0.0499379 0.049942 0.0499457 0.0499492 0.0499525 0.0499556 0.0499584 0.049961 0.0499634 0.0499656 0.0499676 0.0499694 0.0499711 0.0499725 0.0499738 0.0499749 0.0499758 0.0499766 0.0499772 0.0499777 0.049978 0.0499782 
