0.0488281 0.0488267 0.0488239 0.0488196 0.048814 0.0488069 0.0487984 0.0487885 0.0487772 0.0487645 0.0487505 0.048735 0.0487182 0.0487 0.0486804 0.0486595 0.0486373 0.0486137 0.0485888 0.0485626 0.0485352 0.0485064 0.0484764 0.0484452 0.0484127 0.0483791 0.0483443 0.0483083 0.0482711 0.0482329 0.0481935 0.0481531 0.0481117 0.0480693 0.0480258 0.0479815 0.0479362 0.04789 0.047843 0.0477952 0.0477466 0.0476973 0.0476472 0.0475966 0.0475453 0.0474935 0.0474411 0.0473883 0.047335 0.0472814 0.0472274 0.0471732 0.0471188 0.0470642 0.0470094 0.0469547 0.0468999 0.0468452 0.0467906 0.0467362 0.0466821 0.0466282 0.0465747 0.0465216 0.046469 0.046417 0.0463655 0.0463148 0.0462648 0.0462155 0.0461672 0.0461197 0.0460732 0.0460278 0.0459835 0.0459403 0.0458984 0.0458577 0.0458184 0.0457804 0.0457439 0.0457088 0.0456753 0.0456434 0.0456131 0.0455845 0.0455576 0.0455325 0.0455091 0.0454876 0.0454679 0.0454501 0.0454342 0.0454203 0.0454083 0.0453982 0.0453902 0.0453841 0.0453801 0.0453781 0.0453781 0.0453801 0.0453841 0.0453902 0.0453982 0.0454083 0.0454203 0.0454342 0.0454501 0.0454679 0.0454876 0.0455091 0.0455325 0.0455576 0.0455845 0.0456131 0.0456434 0.0456753 0.0457088 0.0457439 0.0457804 0.0458184 0.0458577 0.0458984 0.0459403 0.0459835 0.0460278 0.0460732 0.0461197 0.0461672 0.0462155 0.0462648 0.0463148 0.0463655 0.046417 0.046469 0.0465216 0.0465747 0.0466282 0.0466821 0.0467362 0.0467906 0.0468452 0.0468999 0.0469547 0.0470094 0.0470642 0.0471188 0.0471732 0.0472274 0.0472814 0.047335 0.0473883 0.0474411 0.0474935 0.0475453 0.0475966 0.0476472 0.0476973 0.0477466 0.0477952 0.047843 0.04789 0.0479362 0.0479815 0.0480258 0.0480693 0.0481117 0.0481531 0.0481935 0.0482329 0.0482711 0.0483083 0.0483443 0.0483791 0.0484127 0.0484452 0.0484764 0.0485064 0.0485352 0.0485626 0.0485888 0.0486137 0.0486373 0.0486595 0.0486804 0.0487 0.0487182 0.048735 0.0487505 0.0487645 0.0487772 0.0487885 0.0487984 0.0488069 0.048814 0.0488196 0.0488239 0.0488267 0.0488281 
0.0488267 0.0488253 0.0488225 0.0488182 0.0488125 0.0488054 0.0487969 0.048787 0.0487757 0.048763 0.0487489 0.0487334 0.0487166 0.0486983 0.0486788 0.0486578 0.0486355 0.0486119 0.048587 0.0485608 0.0485333 0.0485045 0.0484745 0.0484432 0.0484107 0.048377 0.0483421 0.048306 0.0482688 0.0482305 0.0481911 0.0481506 0.0481091 0.0480666 0.0480231 0.0479787 0.0479333 0.0478871 0.04784 0.0477921 0.0477434 0.047694 0.0476439 0.0475931 0.0475418 0.0474898 0.0474374 0.0473844 0.0473311 0.0472774 0.0472233 0.047169 0.0471145 0.0470597 0.0470049 0.0469501 0.0468952 0.0468404 0.0467857 0.0467312 0.0466769 0.0466229 0.0465693 0.0465162 0.0464635 0.0464113 0.0463598 0.0463089 0.0462588 0.0462095 0.046161 0.0461135 0.0460669 0.0460214 0.045977 0.0459337 0.0458917 0.0458509 0.0458115 0.0457735 0.0457369 0.0457017 0.0456682 0.0456362 0.0456058 0.0455772 0.0455502 0.045525 0.0455016 0.04548 0.0454603 0.0454424 0.0454265 0.0454125 0.0454005 0.0453904 0.0453824 0.0453763 0.0453723 0.0453703 0.0453703 0.0453723 0.0453763 0.0453824 0.0453904 0.0454005 0.0454125 0.0454265 0.0454424 0.0454603 0.04548 0.0455016 0.045525 0.0455502 0.0455772 0.0456058 0.0456362 0.0456682 0.0457017 0.0457369 0.0457735 0.0458115 0.0458509 0.0458917 0.0459337 0.045977 0.0460214 0.0460669 0.0461135 0.046161 0.0462095 0.0462588 0.0463089 0.0463598 0.0464113 0.0464635 0.0465162 0.0465693 0.0466229 0.0466769 0.0467312 0.0467857 0.0468404 0.0468952 0.0469501 0.0470049 0.0470597 0.0471145 0.047169 0.0472233 0.0472774 0.0473311 0.0473844 0.0474374 0.0474898 0.0475418 0.0475931 0.0476439 0.047694 0.0477434 0.0477921 0.04784 0.0478871 0.0479333 0.0479787 0.0480231 0.0480666 0.0481091 0.0481506 0.0481911 0.0482305 0.0482688 0.048306 0.0483421 0.048377 0.0484107 0.0484432 0.0484745 0.0485045 0.0485333 0.0485608 0.048587 0.0486119 0.0486355 0.0486578 0.0486788 0.0486983 0.0487166 0.0487334 0.0487489 0.048763 0.0487757 0.048787 0.0487969 0.0488054 0.0488125 0.0488182 0.0488225 0.0488253 0.0488267 
0.0488239 0.0488225 0.0488196 0.0488153 0.0488096 0.0488025 0.048794 0.0487841 0.0487727 0.04876 0.0487458 0.0487303 0.0487134 0.0486951 0.0486755 0.0486545 0.0486321 0.0486084 0.0485834 0.0485571 0.0485295 0.0485007 0.0484705 0.0484391 0.0484065 0.0483727 0.0483377 0.0483015 0.0482642 0.0482258 0.0481862 0.0481456 0.048104 0.0480613 0.0480177 0.0479731 0.0479276 0.0478812 0.0478339 0.0477859 0.047737 0.0476874 0.0476372 0.0475862 0.0475347 0.0474826 0.0474299 0.0473768 0.0473233 0.0472693 0.0472151 0.0471606 0.0471058 0.0470509 0.0469959 0.0469408 0.0468857 0.0468307 0.0467758 0.0467211 0.0466666 0.0466125 0.0465587 0.0465053 0.0464524 0.0464 0.0463483 0.0462972 0.0462469 0.0461974 0.0461487 0.0461009 0.0460542 0.0460085 0.0459639 0.0459205 0.0458782 0.0458373 0.0457977 0.0457595 0.0457228 0.0456875 0.0456538 0.0456217 0.0455912 0.0455624 0.0455353 0.04551 0.0454865 0.0454648 0.045445 0.0454271 0.0454111 0.0453971 0.045385 0.0453749 0.0453668 0.0453607 0.0453566 0.0453546 0.0453546 0.0453566 0.0453607 0.0453668 0.0453749 0.045385 0.0453971 0.0454111 0.0454271 0.045445 0.0454648 0.0454865 0.04551 0.0455353 0.0455624 0.0455912 0.0456217 0.0456538 0.0456875 0.0457228 0.0457595 0.0457977 0.0458373 0.0458782 0.0459205 0.0459639 0.0460085 0.0460542 0.0461009 0.0461487 0.0461974 0.0462469 0.0462972 0.0463483 0.0464 0.0464524 0.0465053 0.0465587 0.0466125 0.0466666 0.0467211 0.0467758 0.0468307 0.0468857 0.0469408 0.0469959 0.0470509 0.0471058 0.0471606 0.0472151 0.0472693 0.0473233 0.0473768 0.0474299 0.0474826 0.0475347 0.0475862 0.0476372 0.0476874 0.047737 0.0477859 0.0478339 0.0478812 0.0479276 0.0479731 0.0480177 0.0480613 0.048104 0.0481456 0.0481862 0.0482258 0.0482642 0.0483015 0.0483377 0.0483727 0.0484065 0.0484391 0.0484705 0.0485007 0.0485295 0.0485571 0.0485834 0.0486084 0.0486321 0.0486545 0.0486755 0.0486951 0.0487134 0.0487303 0.0487458 0.04876 0.0487727 0.0487841 0.048794 0.0488025 0.0488096 0.0488153 0.0488196 0.0488225 0.0488239 
0.0488196 0.0488182 0.0488153 0.048811 0.0488053 0.0487982 0.0487896 0.0487796 0.0487682 0.0487554 0.0487412 0.0487256 0.0487086 0.0486903 0.0486705 0.0486494 0.048627 0.0486032 0.0485781 0.0485516 0.0485239 0.0484949 0.0484646 0.0484331 0.0484003 0.0483663 0.0483311 0.0482948 0.0482573 0.0482187 0.048179 0.0481381 0.0480963 0.0480534 0.0480096 0.0479648 0.047919 0.0478724 0.0478249 0.0477766 0.0477275 0.0476776 0.0476271 0.0475759 0.0475241 0.0474717 0.0474187 0.0473653 0.0473115 0.0472573 0.0472028 0.0471479 0.0470929 0.0470377 0.0469823 0.046927 0.0468716 0.0468163 0.046761 0.046706 0.0466512 0.0465967 0.0465426 0.0464889 0.0464357 0.046383 0.046331 0.0462796 0.046229 0.0461792 0.0461302 0.0460822 0.0460351 0.0459892 0.0459443 0.0459006 0.0458581 0.0458169 0.0457771 0.0457386 0.0457017 0.0456662 0.0456322 0.0455999 0.0455692 0.0455403 0.045513 0.0454875 0.0454639 0.045442 0.0454221 0.0454041 0.045388 0.0453738 0.0453617 0.0453515 0.0453434 0.0453373 0.0453332 0.0453311 0.0453311 0.0453332 0.0453373 0.0453434 0.0453515 0.0453617 0.0453738 0.045388 0.0454041 0.0454221 0.045442 0.0454639 0.0454875 0.045513 0.0455403 0.0455692 0.0455999 0.0456322 0.0456662 0.0457017 0.0457386 0.0457771 0.0458169 0.0458581 0.0459006 0.0459443 0.0459892 0.0460351 0.0460822 0.0461302 0.0461792 0.046229 0.0462796 0.046331 0.046383 0.0464357 0.0464889 0.0465426 0.0465967 0.0466512 0.046706 0.046761 0.0468163 0.0468716 0.046927 0.0469823 0.0470377 0.0470929 0.0471479 0.0472028 0.0472573 0.0473115 0.0473653 0.0474187 0.0474717 0.0475241 0.0475759 0.0476271 0.0476776 0.0477275 0.0477766 0.0478249 0.0478724 0.047919 0.0479648 0.0480096 0.0480534 0.0480963 0.0481381 0.048179 0.0482187 0.0482573 0.0482948 0.0483311 0.0483663 0.0484003 0.0484331 0.0484646 0.0484949 0.0485239 0.0485516 0.0485781 0.0486032 0.048627 0.0486494 0.0486705 0.0486903 0.0487086 0.0487256 0.0487412 0.0487554 0.0487682 0.0487796 0.0487896 0.0487982 0.0488053 0.048811 0.0488153 0.0488182 0.0488196 
0.048814 0.0488125 0.0488096 0.0488053 0.0487996 0.0487924 0.0487838 0.0487737 0.0487623 0.0487494 0.0487351 0.0487194 0.0487023 0.0486838 0.0486639 0.0486427 0.0486201 0.0485962 0.0485709 0.0485443 0.0485164 0.0484872 0.0484567 0.048425 0.048392 0.0483578 0.0483224 0.0482858 0.0482481 0.0482092 0.0481692 0.0481282 0.048086 0.0480429 0.0479987 0.0479536 0.0479076 0.0478606 0.0478128 0.0477642 0.0477147 0.0476645 0.0476136 0.0475621 0.0475099 0.0474571 0.0474038 0.0473501 0.0472958 0.0472412 0.0471863 0.0471311 0.0470756 0.04702 0.0469643 0.0469085 0.0468527 0.0467969 0.0467413 0.0466859 0.0466307 0.0465758 0.0465212 0.0464671 0.0464135 0.0463604 0.0463079 0.0462562 0.0462051 0.0461549 0.0461056 0.0460571 0.0460097 0.0459634 0.0459181 0.0458741 0.0458312 0.0457897 0.0457495 0.0457108 0.0456735 0.0456377 0.0456035 0.0455709 0.0455399 0.0455107 0.0454832 0.0454575 0.0454337 0.0454117 0.0453915 0.0453734 0.0453571 0.0453429 0.0453306 0.0453203 0.0453121 0.045306 0.0453018 0.0452998 0.0452998 0.0453018 0.045306 0.0453121 0.0453203 0.0453306 0.0453429 0.0453571 0.0453734 0.0453915 0.0454117 0.0454337 0.0454575 0.0454832 0.0455107 0.0455399 0.0455709 0.0456035 0.0456377 0.0456735 0.0457108 0.0457495 0.0457897 0.0458312 0.0458741 0.0459181 0.0459634 0.0460097 0.0460571 0.0461056 0.0461549 0.0462051 0.0462562 0.0463079 0.0463604 0.0464135 0.0464671 0.0465212 0.0465758 0.0466307 0.0466859 0.0467413 0.0467969 0.0468527 0.0469085 0.0469643 0.04702 0.0470756 0.0471311 0.0471863 0.0472412 0.0472958 0.0473501 0.0474038 0.0474571 0.0475099 0.0475621 0.0476136 0.0476645 0.0477147 0.0477642 0.0478128 0.0478606 0.0479076 0.0479536 0.0479987 0.0480429 0.048086 0.0481282 0.0481692 0.0482092 0.0482481 0.0482858 0.0483224 0.0483578 0.048392 0.048425 0.0484567 0.0484872 0.0485164 0.0485443 0.0485709 0.0485962 0.0486201 0.0486427 0.0486639 0.0486838 0.0487023 0.0487194 0.0487351 0.0487494 0.0487623 0.0487737 0.0487838 0.0487924 0.0487996 0.0488053 0.0488096 0.0488125 0.048814 
0.0488069 0.0488054 0.0488025 0.0487982 0.0487924 0.0487851 0.0487765 0.0487663 0.0487548 0.0487418 0.0487274 0.0487116 0.0486944 0.0486757 0.0486557 0.0486343 0.0486116 0.0485874 0.048562 0.0485352 0.048507 0.0484776 0.0484469 0.0484149 0.0483817 0.0483472 0.0483115 0.0482746 0.0482366 0.0481974 0.0481571 0.0481157 0.0480732 0.0480297 0.0479852 0.0479397 0.0478933 0.0478459 0.0477977 0.0477486 0.0476988 0.0476482 0.0475968 0.0475448 0.0474922 0.047439 0.0473852 0.047331 0.0472763 0.0472212 0.0471657 0.04711 0.0470541 0.0469979 0.0469417 0.0468854 0.0468291 0.0467728 0.0467167 0.0466607 0.046605 0.0465495 0.0464945 0.0464398 0.0463857 0.0463321 0.0462791 0.0462268 0.0461753 0.0461246 0.0460747 0.0460258 0.0459779 0.0459311 0.0458854 0.0458409 0.0457976 0.0457557 0.0457151 0.0456759 0.0456382 0.0456021 0.0455675 0.0455346 0.0455033 0.0454737 0.045446 0.04542 0.0453959 0.0453736 0.0453533 0.0453349 0.0453185 0.0453041 0.0452917 0.0452813 0.045273 0.0452668 0.0452626 0.0452605 0.0452605 0.0452626 0.0452668 0.045273 0.0452813 0.0452917 0.0453041 0.0453185 0.0453349 0.0453533 0.0453736 0.0453959 0.04542 0.045446 0.0454737 0.0455033 0.0455346 0.0455675 0.0456021 0.0456382 0.0456759 0.0457151 0.0457557 0.0457976 0.0458409 0.0458854 0.0459311 0.0459779 0.0460258 0.0460747 0.0461246 0.0461753 0.0462268 0.0462791 0.0463321 0.0463857 0.0464398 0.0464945 0.0465495 0.046605 0.0466607 0.0467167 0.0467728 0.0468291 0.0468854 0.0469417 0.0469979 0.0470541 0.04711 0.0471657 0.0472212 0.0472763 0.047331 0.0473852 0.047439 0.0474922 0.0475448 0.0475968 0.0476482 0.0476988 0.0477486 0.0477977 0.0478459 0.0478933 0.0479397 0.0479852 0.0480297 0.0480732 0.0481157 0.0481571 0.0481974 0.0482366 0.0482746 0.0483115 0.0483472 0.0483817 0.0484149 0.0484469 0.0484776 0.048507 0.0485352 0.048562 0.0485874 0.0486116 0.0486343 0.0486557 0.0486757 0.0486944 0.0487116 0.0487274 0.0487418 0.0487548 0.0487663 0.0487765 0.0487851 0.0487924 0.0487982 0.0488025 0.0488054 0.0488069 
0.0487984 0.0487969 0.048794 0.0487896 0.0487838 0.0487765 0.0487677 0.0487575 0.0487458 0.0487327 0.0487182 0.0487022 0.0486848 0.0486661 0.0486459 0.0486243 0.0486013 0.0485769 0.0485512 0.0485242 0.0484958 0.0484661 0.0484351 0.0484028 0.0483692 0.0483344 0.0482984 0.0482612 0.0482228 0.0481832 0.0481425 0.0481007 0.0480578 0.0480139 0.0479689 0.047923 0.0478761 0.0478283 0.0477796 0.04773 0.0476797 0.0476285 0.0475767 0.0475241 0.047471 0.0474172 0.0473628 0.047308 0.0472527 0.0471971 0.047141 0.0470847 0.0470282 0.0469714 0.0469146 0.0468576 0.0468007 0.0467438 0.046687 0.0466305 0.0465741 0.046518 0.0464623 0.0464071 0.0463523 0.0462981 0.0462445 0.0461916 0.0461395 0.0460881 0.0460377 0.0459882 0.0459397 0.0458923 0.0458461 0.045801 0.0457572 0.0457148 0.0456737 0.045634 0.0455959 0.0455593 0.0455243 0.0454909 0.0454593 0.0454293 0.0454012 0.0453749 0.0453505 0.045328 0.0453074 0.0452888 0.0452721 0.0452575 0.045245 0.0452345 0.0452261 0.0452198 0.0452155 0.0452134 0.0452134 0.0452155 0.0452198 0.0452261 0.0452345 0.045245 0.0452575 0.0452721 0.0452888 0.0453074 0.045328 0.0453505 0.0453749 0.0454012 0.0454293 0.0454593 0.0454909 0.0455243 0.0455593 0.0455959 0.045634 0.0456737 0.0457148 0.0457572 0.045801 0.0458461 0.0458923 0.0459397 0.0459882 0.0460377 0.0460881 0.0461395 0.0461916 0.0462445 0.0462981 0.0463523 0.0464071 0.0464623 0.046518 0.0465741 0.0466305 0.046687 0.0467438 0.0468007 0.0468576 0.0469146 0.0469714 0.0470282 0.0470847 0.047141 0.0471971 0.0472527 0.047308 0.0473628 0.0474172 0.047471 0.0475241 0.0475767 0.0476285 0.0476797 0.04773 0.0477796 0.0478283 0.0478761 0.047923 0.0479689 0.0480139 0.0480578 0.0481007 0.0481425 0.0481832 0.0482228 0.0482612 0.0482984 0.0483344 0.0483692 0.0484028 0.0484351 0.0484661 0.0484958 0.0485242 0.0485512 0.0485769 0.0486013 0.0486243 0.0486459 0.0486661 0.0486848 0.0487022 0.0487182 0.0487327 0.0487458 0.0487575 0.0487677 0.0487765 0.0487838 0.0487896 0.048794 0.0487969 0.0487984 
0.0487885 0.048787 0.0487841 0.0487796 0.0487737 0.0487663 0.0487575 0.0487472 0.0487354 0.0487221 0.0487075 0.0486913 0.0486738 0.0486548 0.0486344 0.0486125 0.0485893 0.0485647 0.0485387 0.0485114 0.0484827 0.0484527 0.0484213 0.0483887 0.0483548 0.0483196 0.0482832 0.0482455 0.0482067 0.0481667 0.0481255 0.0480832 0.0480399 0.0479954 0.04795 0.0479035 0.0478561 0.0478077 0.0477584 0.0477083 0.0476574 0.0476056 0.0475532 0.0475 0.0474462 0.0473917 0.0473368 0.0472813 0.0472253 0.047169 0.0471122 0.0470552 0.046998 0.0469405 0.0468829 0.0468253 0.0467676 0.04671 0.0466525 0.0465952 0.0465381 0.0464813 0.0464248 0.0463688 0.0463133 0.0462584 0.0462041 0.0461505 0.0460976 0.0460456 0.0459945 0.0459443 0.0458951 0.0458471 0.0458002 0.0457545 0.0457101 0.045667 0.0456254 0.0455851 0.0455464 0.0455093 0.0454738 0.0454399 0.0454078 0.0453775 0.0453489 0.0453223 0.0452975 0.0452746 0.0452537 0.0452348 0.045218 0.0452031 0.0451904 0.0451797 0.0451712 0.0451648 0.0451605 0.0451584 0.0451584 0.0451605 0.0451648 0.0451712 0.0451797 0.0451904 0.0452031 0.045218 0.0452348 0.0452537 0.0452746 0.0452975 0.0453223 0.0453489 0.0453775 0.0454078 0.0454399 0.0454738 0.0455093 0.0455464 0.0455851 0.0456254 0.045667 0.0457101 0.0457545 0.0458002 0.0458471 0.0458951 0.0459443 0.0459945 0.0460456 0.0460976 0.0461505 0.0462041 0.0462584 0.0463133 0.0463688 0.0464248 0.0464813 0.0465381 0.0465952 0.0466525 0.04671 0.0467676 0.0468253 0.0468829 0.0469405 0.046998 0.0470552 0.0471122 0.047169 0.0472253 0.0472813 0.0473368 0.0473917 0.0474462 0.0475 0.0475532 0.0476056 0.0476574 0.0477083 0.0477584 0.0478077 0.0478561 0.0479035 0.04795 0.0479954 0.0480399 0.0480832 0.0481255 0.0481667 0.0482067 0.0482455 0.0482832 0.0483196 0.0483548 0.0483887 0.0484213 0.0484527 0.0484827 0.0485114 0.0485387 0.0485647 0.0485893 0.0486125 0.0486344 0.0486548 0.0486738 0.0486913 0.0487075 0.0487221 0.0487354 0.0487472 0.0487575 0.0487663 0.0487737 0.0487796 0.0487841 0.048787 0.0487885 
0.0487772 0.0487757 0.0487727 0.0487682 0.0487623 0.0487548 0.0487458 0.0487354 0.0487235 0.0487101 0.0486952 0.0486789 0.0486611 0.0486419 0.0486212 0.0485991 0.0485756 0.0485507 0.0485244 0.0484968 0.0484677 0.0484373 0.0484056 0.0483726 0.0483382 0.0483026 0.0482657 0.0482276 0.0481883 0.0481478 0.0481061 0.0480633 0.0480194 0.0479744 0.0479283 0.0478813 0.0478332 0.0477842 0.0477343 0.0476835 0.0476319 0.0475795 0.0475263 0.0474724 0.0474178 0.0473627 0.0473069 0.0472507 0.047194 0.0471368 0.0470793 0.0470215 0.0469634 0.0469052 0.0468468 0.0467883 0.0467298 0.0466713 0.046613 0.0465548 0.0464969 0.0464392 0.046382 0.0463251 0.0462688 0.046213 0.0461579 0.0461034 0.0460498 0.0459969 0.045945 0.045894 0.0458441 0.0457953 0.0457477 0.0457013 0.0456561 0.0456124 0.04557 0.0455292 0.0454898 0.0454521 0.045416 0.0453816 0.045349 0.0453181 0.0452891 0.045262 0.0452368 0.0452135 0.0451923 0.0451731 0.0451559 0.0451409 0.0451279 0.0451171 0.0451084 0.0451019 0.0450975 0.0450953 0.0450953 0.0450975 0.0451019 0.0451084 0.0451171 0.0451279 0.0451409 0.0451559 0.0451731 0.0451923 0.0452135 0.0452368 0.045262 0.0452891 0.0453181 0.045349 0.0453816 0.045416 0.0454521 0.0454898 0.0455292 0.04557 0.0456124 0.0456561 0.0457013 0.0457477 0.0457953 0.0458441 0.045894 0.045945 0.0459969 0.0460498 0.0461034 0.0461579 0.046213 0.0462688 0.0463251 0.046382 0.0464392 0.0464969 0.0465548 0.046613 0.0466713 0.0467298 0.0467883 0.0468468 0.0469052 0.0469634 0.0470215 0.0470793 0.0471368 0.047194 0.0472507 0.0473069 0.0473627 0.0474178 0.0474724 0.0475263 0.0475795 0.0476319 0.0476835 0.0477343 0.0477842 0.0478332 0.0478813 0.0479283 0.0479744 0.0480194 0.0480633 0.0481061 0.0481478 0.0481883 0.0482276 0.0482657 0.0483026 0.0483382 0.0483726 0.0484056 0.0484373 0.0484677 0.0484968 0.0485244 0.0485507 0.0485756 0.0485991 0.0486212 0.0486419 0.0486611 0.0486789 0.0486952 0.0487101 0.0487235 0.0487354 0.0487458 0.0487548 0.0487623 0.0487682 0.0487727 0.0487757 0.0487772 
0.0487645 0.048763 0.04876 0.0487554 0.0487494 0.0487418 0.0487327 0.0487221 0.0487101 0.0486965 0.0486814 0.0486649 0.0486469 0.0486274 0.0486065 0.0485841 0.0485603 0.048535 0.0485084 0.0484803 0.0484509 0.0484201 0.0483879 0.0483544 0.0483196 0.0482835 0.0482461 0.0482075 0.0481676 0.0481266 0.0480843 0.0480409 0.0479963 0.0479507 0.047904 0.0478562 0.0478075 0.0477578 0.0477071 0.0476556 0.0476032 0.04755 0.047496 0.0474414 0.047386 0.04733 0.0472734 0.0472163 0.0471587 0.0471007 0.0470423 0.0469835 0.0469246 0.0468654 0.046806 0.0467466 0.0466872 0.0466278 0.0465685 0.0465094 0.0464505 0.0463919 0.0463337 0.0462759 0.0462186 0.0461619 0.0461058 0.0460504 0.0459959 0.0459421 0.0458893 0.0458375 0.0457867 0.045737 0.0456885 0.0456413 0.0455954 0.0455508 0.0455077 0.0454661 0.0454261 0.0453877 0.0453509 0.0453159 0.0452826 0.0452512 0.0452217 0.0451941 0.0451684 0.0451447 0.0451231 0.0451035 0.045086 0.0450707 0.0450575 0.0450465 0.0450376 0.045031 0.0450265 0.0450243 0.0450243 0.0450265 0.045031 0.0450376 0.0450465 0.0450575 0.0450707 0.045086 0.0451035 0.0451231 0.0451447 0.0451684 0.0451941 0.0452217 0.0452512 0.0452826 0.0453159 0.0453509 0.0453877 0.0454261 0.0454661 0.0455077 0.0455508 0.0455954 0.0456413 0.0456885 0.045737 0.0457867 0.0458375 0.0458893 0.0459421 0.0459959 0.0460504 0.0461058 0.0461619 0.0462186 0.0462759 0.0463337 0.0463919 0.0464505 0.0465094 0.0465685 0.0466278 0.0466872 0.0467466 0.046806 0.0468654 0.0469246 0.0469835 0.0470423 0.0471007 0.0471587 0.0472163 0.0472734 0.04733 0.047386 0.0474414 0.047496 0.04755 0.0476032 0.0476556 0.0477071 0.0477578 0.0478075 0.0478562 0.047904 0.0479507 0.0479963 0.0480409 0.0480843 0.0481266 0.0481676 0.0482075 0.0482461 0.0482835 0.0483196 0.0483544 0.0483879 0.0484201 0.0484509 0.0484803 0.0485084 0.048535 0.0485603 0.0485841 0.0486065 0.0486274 0.0486469 0.0486649 0.0486814 0.0486965 0.0487101 0.0487221 0.0487327 0.0487418 0.0487494 0.0487554 0.04876 0.048763 0.0487645 
0.0487505 0.0487489 0.0487458 0.0487412 0.0487351 0.0487274 0.0487182 0.0487075 0.0486952 0.0486814 0.0486662 0.0486494 0.0486311 0.0486113 0.0485901 0.0485674 0.0485432 0.0485176 0.0484906 0.0484621 0.0484322 0.048401 0.0483683 0.0483343 0.048299 0.0482623 0.0482244 0.0481852 0.0481447 0.048103 0.0480601 0.048016 0.0479707 0.0479244 0.0478769 0.0478284 0.0477789 0.0477284 0.047677 0.0476246 0.0475714 0.0475173 0.0474625 0.0474069 0.0473506 0.0472937 0.0472361 0.0471781 0.0471195 0.0470605 0.0470011 0.0469414 0.0468814 0.0468212 0.0467608 0.0467003 0.0466398 0.0465794 0.046519 0.0464589 0.0463989 0.0463393 0.04628 0.0462211 0.0461628 0.046105 0.0460479 0.0459915 0.0459359 0.0458812 0.0458273 0.0457745 0.0457227 0.0456721 0.0456227 0.0455745 0.0455277 0.0454823 0.0454384 0.045396 0.0453551 0.0453159 0.0452785 0.0452427 0.0452088 0.0451768 0.0451466 0.0451184 0.0450923 0.0450681 0.045046 0.0450261 0.0450082 0.0449926 0.0449791 0.0449678 0.0449588 0.044952 0.0449475 0.0449452 0.0449452 0.0449475 0.044952 0.0449588 0.0449678 0.0449791 0.0449926 0.0450082 0.0450261 0.045046 0.0450681 0.0450923 0.0451184 0.0451466 0.0451768 0.0452088 0.0452427 0.0452785 0.0453159 0.0453551 0.045396 0.0454384 0.0454823 0.0455277 0.0455745 0.0456227 0.0456721 0.0457227 0.0457745 0.0458273 0.0458812 0.0459359 0.0459915 0.0460479 0.046105 0.0461628 0.0462211 0.04628 0.0463393 0.0463989 0.0464589 0.046519 0.0465794 0.0466398 0.0467003 0.0467608 0.0468212 0.0468814 0.0469414 0.0470011 0.0470605 0.0471195 0.0471781 0.0472361 0.0472937 0.0473506 0.0474069 0.0474625 0.0475173 0.0475714 0.0476246 0.047677 0.0477284 0.0477789 0.0478284 0.0478769 0.0479244 0.0479707 0.048016 0.0480601 0.048103 0.0481447 0.0481852 0.0482244 0.0482623 0.048299 0.0483343 0.0483683 0.048401 0.0484322 0.0484621 0.0484906 0.0485176 0.0485432 0.0485674 0.0485901 0.0486113 0.0486311 0.0486494 0.0486662 0.0486814 0.0486952 0.0487075 0.0487182 0.0487274 0.0487351 0.0487412 0.0487458 0.0487489 0.0487505 
0.048735 0.0487334 0.0487303 0.0487256 0.0487194 0.0487116 0.0487022 0.0486913 0.0486789 0.0486649 0.0486494 0.0486323 0.0486138 0.0485937 0.0485721 0.048549 0.0485245 0.0484985 0.048471 0.0484421 0.0484117 0.0483799 0.0483468 0.0483122 0.0482763 0.0482391 0.0482005 0.0481606 0.0481195 0.0480771 0.0480334 0.0479886 0.0479426 0.0478954 0.0478472 0.0477979 0.0477475 0.0476961 0.0476438 0.0475905 0.0475363 0.0474813 0.0474255 0.0473689 0.0473116 0.0472537 0.0471951 0.047136 0.0470764 0.0470163 0.0469558 0.0468949 0.0468338 0.0467725 0.046711 0.0466494 0.0465877 0.0465261 0.0464646 0.0464033 0.0463421 0.0462813 0.0462209 0.0461609 0.0461013 0.0460424 0.0459842 0.0459266 0.0458699 0.045814 0.0457591 0.0457052 0.0456523 0.0456006 0.0455502 0.045501 0.0454532 0.0454068 0.045362 0.0453186 0.0452769 0.0452369 0.0451986 0.0451621 0.0451275 0.0450947 0.0450639 0.0450351 0.0450083 0.0449836 0.0449611 0.0449407 0.0449225 0.0449064 0.0448927 0.0448812 0.0448719 0.044865 0.0448604 0.0448581 0.0448581 0.0448604 0.044865 0.0448719 0.0448812 0.0448927 0.0449064 0.0449225 0.0449407 0.0449611 0.0449836 0.0450083 0.0450351 0.0450639 0.0450947 0.0451275 0.0451621 0.0451986 0.0452369 0.0452769 0.0453186 0.045362 0.0454068 0.0454532 0.045501 0.0455502 0.0456006 0.0456523 0.0457052 0.0457591 0.045814 0.0458699 0.0459266 0.0459842 0.0460424 0.0461013 0.0461609 0.0462209 0.0462813 0.0463421 0.0464033 0.0464646 0.0465261 0.0465877 0.0466494 0.046711 0.0467725 0.0468338 0.0468949 0.0469558 0.0470163 0.0470764 0.047136 0.0471951 0.0472537 0.0473116 0.0473689 0.0474255 0.0474813 0.0475363 0.0475905 0.0476438 0.0476961 0.0477475 0.0477979 0.0478472 0.0478954 0.0479426 0.0479886 0.0480334 0.0480771 0.0481195 0.0481606 0.0482005 0.0482391 0.0482763 0.0483122 0.0483468 0.0483799 0.0484117 0.0484421 0.048471 0.0484985 0.0485245 0.048549 0.0485721 0.0485937 0.0486138 0.0486323 0.0486494 0.0486649 0.0486789 0.0486913 0.0487022 0.0487116 0.0487194 0.0487256 0.0487303 0.0487334 0.048735 
0.0487182 0.0487166 0.0487134 0.0487086 0.0487023 0.0486944 0.0486848 0.0486738 0.0486611 0.0486469 0.0486311 0.0486138 0.0485949 0.0485745 0.0485525 0.0485291 0.0485041 0.0484776 0.0484497 0.0484203 0.0483894 0.048357 0.0483233 0.0482882 0.0482516 0.0482137 0.0481744 0.0481339 0.048092 0.0480488 0.0480044 0.0479588 0.0479119 0.0478639 0.0478148 0.0477645 0.0477133 0.0476609 0.0476076 0.0475533 0.0474981 0.0474421 0.0473852 0.0473276 0.0472692 0.0472101 0.0471504 0.0470901 0.0470293 0.046968 0.0469063 0.0468443 0.0467819 0.0467194 0.0466566 0.0465938 0.0465308 0.046468 0.0464052 0.0463425 0.0462801 0.046218 0.0461563 0.046095 0.0460342 0.0459741 0.0459145 0.0458557 0.0457978 0.0457407 0.0456845 0.0456294 0.0455754 0.0455225 0.045471 0.0454207 0.0453718 0.0453244 0.0452784 0.0452341 0.0451914 0.0451505 0.0451113 0.045074 0.0450385 0.045005 0.0449735 0.044944 0.0449166 0.0448913 0.0448682 0.0448473 0.0448287 0.0448123 0.0447982 0.0447864 0.0447769 0.0447698 0.0447651 0.0447627 0.0447627 0.0447651 0.0447698 0.0447769 0.0447864 0.0447982 0.0448123 0.0448287 0.0448473 0.0448682 0.0448913 0.0449166 0.044944 0.0449735 0.045005 0.0450385 0.045074 0.0451113 0.0451505 0.0451914 0.0452341 0.0452784 0.0453244 0.0453718 0.0454207 0.045471 0.0455225 0.0455754 0.0456294 0.0456845 0.0457407 0.0457978 0.0458557 0.0459145 0.0459741 0.0460342 0.046095 0.0461563 0.046218 0.0462801 0.0463425 0.0464052 0.046468 0.0465308 0.0465938 0.0466566 0.0467194 0.0467819 0.0468443 0.0469063 0.046968 0.0470293 0.0470901 0.0471504 0.0472101 0.0472692 0.0473276 0.0473852 0.0474421 0.0474981 0.0475533 0.0476076 0.0476609 0.0477133 0.0477645 0.0478148 0.0478639 0.0479119 0.0479588 0.0480044 0.0480488 0.048092 0.0481339 0.0481744 0.0482137 0.0482516 0.0482882 0.0483233 0.048357 0.0483894 0.0484203 0.0484497 0.0484776 0.0485041 0.0485291 0.0485525 0.0485745 0.0485949 0.0486138 0.0486311 0.0486469 0.0486611 0.0486738 0.0486848 0.0486944 0.0487023 0.0487086 0.0487134 0.0487166 0.0487182 
0.0487 0.0486983 0.0486951 0.0486903 0.0486838 0.0486757 0.0486661 0.0486548 0.0486419 0.0486274 0.0486113 0.0485937 0.0485745 0.0485537 0.0485313 0.0485075 0.048482 0.0484551 0.0484266 0.0483966 0.0483652 0.0483323 0.0482979 0.0482621 0.0482249 0.0481862 0.0481463 0.0481049 0.0480622 0.0480182 0.047973 0.0479265 0.0478787 0.0478298 0.0477797 0.0477285 0.0476762 0.0476228 0.0475684 0.0475131 0.0474568 0.0473996 0.0473416 0.0472827 0.0472232 0.0471629 0.0471019 0.0470404 0.0469783 0.0469158 0.0468528 0.0467894 0.0467257 0.0466618 0.0465977 0.0465335 0.0464692 0.0464049 0.0463407 0.0462767 0.0462129 0.0461494 0.0460863 0.0460236 0.0459615 0.0458999 0.045839 0.0457788 0.0457195 0.0456611 0.0456036 0.0455472 0.0454919 0.0454378 0.045385 0.0453335 0.0452834 0.0452348 0.0451878 0.0451424 0.0450987 0.0450567 0.0450165 0.0449783 0.0449419 0.0449076 0.0448752 0.044845 0.0448169 0.044791 0.0447673 0.0447459 0.0447268 0.04471 0.0446955 0.0446834 0.0446737 0.0446665 0.0446616 0.0446592 0.0446592 0.0446616 0.0446665 0.0446737 0.0446834 0.0446955 0.04471 0.0447268 0.0447459 0.0447673 0.044791 0.0448169 0.044845 0.0448752 0.0449076 0.0449419 0.0449783 0.0450165 0.0450567 0.0450987 0.0451424 0.0451878 0.0452348 0.0452834 0.0453335 0.045385 0.0454378 0.0454919 0.0455472 0.0456036 0.0456611 0.0457195 0.0457788 0.045839 0.0458999 0.0459615 0.0460236 0.0460863 0.0461494 0.0462129 0.0462767 0.0463407 0.0464049 0.0464692 0.0465335 0.0465977 0.0466618 0.0467257 0.0467894 0.0468528 0.0469158 0.0469783 0.0470404 0.0471019 0.0471629 0.0472232 0.0472827 0.0473416 0.0473996 0.0474568 0.0475131 0.0475684 0.0476228 0.0476762 0.0477285 0.0477797 0.0478298 0.0478787 0.0479265 0.047973 0.0480182 0.0480622 0.0481049 0.0481463 0.0481862 0.0482249 0.0482621 0.0482979 0.0483323 0.0483652 0.0483966 0.0484266 0.0484551 0.048482 0.0485075 0.0485313 0.0485537 0.0485745 0.0485937 0.0486113 0.0486274 0.0486419 0.0486548 0.0486661 0.0486757 0.0486838 0.0486903 0.0486951 0.0486983 0.0487 
0.0486804 0.0486788 0.0486755 0.0486705 0.0486639 0.0486557 0.0486459 0.0486344 0.0486212 0.0486065 0.0485901 0.0485721 0.0485525 0.0485313 0.0485086 0.0484842 0.0484583 0.0484308 0.0484018 0.0483713 0.0483392 0.0483056 0.0482706 0.0482341 0.0481961 0.0481567 0.0481159 0.0480738 0.0480302 0.0479853 0.0479392 0.0478917 0.047843 0.0477931 0.0477419 0.0476897 0.0476363 0.0475818 0.0475263 0.0474697 0.0474123 0.0473539 0.0472946 0.0472345 0.0471736 0.047112 0.0470498 0.0469869 0.0469234 0.0468595 0.046795 0.0467303 0.0466651 0.0465998 0.0465342 0.0464685 0.0464027 0.046337 0.0462713 0.0462058 0.0461405 0.0460755 0.0460108 0.0459466 0.045883 0.0458199 0.0457575 0.0456959 0.0456351 0.0455752 0.0455163 0.0454585 0.0454018 0.0453463 0.0452922 0.0452394 0.045188 0.0451382 0.0450899 0.0450433 0.0449985 0.0449554 0.0449142 0.0448749 0.0448376 0.0448024 0.0447692 0.0447382 0.0447093 0.0446827 0.0446584 0.0446364 0.0446168 0.0445995 0.0445846 0.0445722 0.0445623 0.0445548 0.0445498 0.0445473 0.0445473 0.0445498 0.0445548 0.0445623 0.0445722 0.0445846 0.0445995 0.0446168 0.0446364 0.0446584 0.0446827 0.0447093 0.0447382 0.0447692 0.0448024 0.0448376 0.0448749 0.0449142 0.0449554 0.0449985 0.0450433 0.0450899 0.0451382 0.045188 0.0452394 0.0452922 0.0453463 0.0454018 0.0454585 0.0455163 0.0455752 0.0456351 0.0456959 0.0457575 0.0458199 0.045883 0.0459466 0.0460108 0.0460755 0.0461405 0.0462058 0.0462713 0.046337 0.0464027 0.0464685 0.0465342 0.0465998 0.0466651 0.0467303 0.046795 0.0468595 0.0469234 0.0469869 0.0470498 0.047112 0.0471736 0.0472345 0.0472946 0.0473539 0.0474123 0.0474697 0.0475263 0.0475818 0.0476363 0.0476897 0.0477419 0.0477931 0.047843 0.0478917 0.0479392 0.0479853 0.0480302 0.0480738 0.0481159 0.0481567 0.0481961 0.0482341 0.0482706 0.0483056 0.0483392 0.0483713 0.0484018 0.0484308 0.0484583 0.0484842 0.0485086 0.0485313 0.0485525 0.0485721 0.0485901 0.0486065 0.0486212 0.0486344 0.0486459 0.0486557 0.0486639 0.0486705 0.0486755 0.0486788 0.0486804 
0.0486595 0.0486578 0.0486545 0.0486494 0.0486427 0.0486343 0.0486243 0.0486125 0.0485991 0.0485841 0.0485674 0.048549 0.0485291 0.0485075 0.0484842 0.0484594 0.0484329 0.0484049 0.0483753 0.0483441 0.0483114 0.0482771 0.0482414 0.0482041 0.0481653 0.0481251 0.0480835 0.0480404 0.047996 0.0479501 0.047903 0.0478545 0.0478047 0.0477537 0.0477015 0.0476481 0.0475935 0.0475379 0.0474811 0.0474233 0.0473646 0.0473049 0.0472443 0.0471828 0.0471205 0.0470575 0.0469938 0.0469295 0.0468646 0.0467991 0.0467332 0.0466669 0.0466002 0.0465333 0.0464661 0.0463988 0.0463315 0.0462641 0.0461968 0.0461297 0.0460627 0.0459961 0.0459299 0.0458641 0.0457988 0.0457341 0.0456701 0.0456069 0.0455445 0.0454831 0.0454226 0.0453633 0.0453051 0.0452482 0.0451925 0.0451383 0.0450856 0.0450344 0.0449849 0.044937 0.0448909 0.0448467 0.0448043 0.0447639 0.0447256 0.0446894 0.0446553 0.0446234 0.0445937 0.0445664 0.0445414 0.0445187 0.0444985 0.0444808 0.0444655 0.0444527 0.0444425 0.0444348 0.0444297 0.0444271 0.0444271 0.0444297 0.0444348 0.0444425 0.0444527 0.0444655 0.0444808 0.0444985 0.0445187 0.0445414 0.0445664 0.0445937 0.0446234 0.0446553 0.0446894 0.0447256 0.0447639 0.0448043 0.0448467 0.0448909 0.044937 0.0449849 0.0450344 0.0450856 0.0451383 0.0451925 0.0452482 0.0453051 0.0453633 0.0454226 0.0454831 0.0455445 0.0456069 0.0456701 0.0457341 0.0457988 0.0458641 0.0459299 0.0459961 0.0460627 0.0461297 0.0461968 0.0462641 0.0463315 0.0463988 0.0464661 0.0465333 0.0466002 0.0466669 0.0467332 0.0467991 0.0468646 0.0469295 0.0469938 0.0470575 0.0471205 0.0471828 0.0472443 0.0473049 0.0473646 0.0474233 0.0474811 0.0475379 0.0475935 0.0476481 0.0477015 0.0477537 0.0478047 0.0478545 0.047903 0.0479501 0.047996 0.0480404 0.0480835 0.0481251 0.0481653 0.0482041 0.0482414 0.0482771 0.0483114 0.0483441 0.0483753 0.0484049 0.0484329 0.0484594 0.0484842 0.0485075 0.0485291 0.048549 0.0485674 0.0485841 0.0485991 0.0486125 0.0486243 0.0486343 0.0486427 0.0486494 0.0486545 0.0486578 0.0486595 
0.0486373 0.0486355 0.0486321 0.048627 0.0486201 0.0486116 0.0486013 0.0485893 0.0485756 0.0485603 0.0485432 0.0485245 0.0485041 0.048482 0.0484583 0.0484329 0.0484059 0.0483773 0.0483471 0.0483152 0.0482818 0.0482468 0.0482103 0.0481722 0.0481326 0.0480915 0.0480489 0.0480049 0.0479595 0.0479126 0.0478644 0.0478149 0.047764 0.0477118 0.0476584 0.0476038 0.047548 0.047491 0.047433 0.0473739 0.0473137 0.0472526 0.0471906 0.0471277 0.0470639 0.0469994 0.0469342 0.0468683 0.0468018 0.0467347 0.0466672 0.0465992 0.0465309 0.0464623 0.0463935 0.0463245 0.0462554 0.0461863 0.0461173 0.0460484 0.0459798 0.0459114 0.0458434 0.0457758 0.0457088 0.0456424 0.0455767 0.0455118 0.0454477 0.0453846 0.0453225 0.0452615 0.0452017 0.0451432 0.045086 0.0450303 0.0449761 0.0449235 0.0448725 0.0448233 0.0447759 0.0447303 0.0446868 0.0446452 0.0446058 0.0445685 0.0445334 0.0445005 0.04447 0.0444419 0.0444161 0.0443928 0.044372 0.0443537 0.044338 0.0443249 0.0443143 0.0443064 0.0443011 0.0442985 0.0442985 0.0443011 0.0443064 0.0443143 0.0443249 0.044338 0.0443537 0.044372 0.0443928 0.0444161 0.0444419 0.04447 0.0445005 0.0445334 0.0445685 0.0446058 0.0446452 0.0446868 0.0447303 0.0447759 0.0448233 0.0448725 0.0449235 0.0449761 0.0450303 0.045086 0.0451432 0.0452017 0.0452615 0.0453225 0.0453846 0.0454477 0.0455118 0.0455767 0.0456424 0.0457088 0.0457758 0.0458434 0.0459114 0.0459798 0.0460484 0.0461173 0.0461863 0.0462554 0.0463245 0.0463935 0.0464623 0.0465309 0.0465992 0.0466672 0.0467347 0.0468018 0.0468683 0.0469342 0.0469994 0.0470639 0.0471277 0.0471906 0.0472526 0.0473137 0.0473739 0.047433 0.047491 0.047548 0.0476038 0.0476584 0.0477118 0.047764 0.0478149 0.0478644 0.0479126 0.0479595 0.0480049 0.0480489 0.0480915 0.0481326 0.0481722 0.0482103 0.0482468 0.0482818 0.0483152 0.0483471 0.0483773 0.0484059 0.0484329 0.0484583 0.048482 0.0485041 0.0485245 0.0485432 0.0485603 0.0485756 0.0485893 0.0486013 0.0486116 0.0486201 0.048627 0.0486321 0.0486355 0.0486373 
0.0486137 0.0486119 0.0486084 0.0486032 0.0485962 0.0485874 0.0485769 0.0485647 0.0485507 0.048535 0.0485176 0.0484985 0.0484776 0.0484551 0.0484308 0.0484049 0.0483773 0.048348 0.0483171 0.0482846 0.0482504 0.0482146 0.0481773 0.0481383 0.0480978 0.0480558 0.0480123 0.0479673 0.0479208 0.0478729 0.0478235 0.0477728 0.0477208 0.0476674 0.0476127 0.0475568 0.0474996 0.0474413 0.0473819 0.0473213 0.0472598 0.0471972 0.0471336 0.0470691 0.0470038 0.0469377 0.0468708 0.0468033 0.0467351 0.0466663 0.0465971 0.0465274 0.0464573 0.0463869 0.0463162 0.0462454 0.0461745 0.0461036 0.0460327 0.045962 0.0458915 0.0458213 0.0457514 0.045682 0.0456131 0.0455449 0.0454773 0.0454106 0.0453447 0.0452798 0.0452159 0.0451532 0.0450917 0.0450315 0.0449726 0.0449153 0.0448595 0.0448053 0.0447528 0.0447021 0.0446533 0.0446064 0.0445615 0.0445187 0.0444781 0.0444396 0.0444035 0.0443696 0.0443382 0.0443092 0.0442826 0.0442586 0.0442372 0.0442183 0.0442021 0.0441886 0.0441777 0.0441695 0.0441641 0.0441613 0.0441613 0.0441641 0.0441695 0.0441777 0.0441886 0.0442021 0.0442183 0.0442372 0.0442586 0.0442826 0.0443092 0.0443382 0.0443696 0.0444035 0.0444396 0.0444781 0.0445187 0.0445615 0.0446064 0.0446533 0.0447021 0.0447528 0.0448053 0.0448595 0.0449153 0.0449726 0.0450315 0.0450917 0.0451532 0.0452159 0.0452798 0.0453447 0.0454106 0.0454773 0.0455449 0.0456131 0.045682 0.0457514 0.0458213 0.0458915 0.045962 0.0460327 0.0461036 0.0461745 0.0462454 0.0463162 0.0463869 0.0464573 0.0465274 0.0465971 0.0466663 0.0467351 0.0468033 0.0468708 0.0469377 0.0470038 0.0470691 0.0471336 0.0471972 0.0472598 0.0473213 0.0473819 0.0474413 0.0474996 0.0475568 0.0476127 0.0476674 0.0477208 0.0477728 0.0478235 0.0478729 0.0479208 0.0479673 0.0480123 0.0480558 0.0480978 0.0481383 0.0481773 0.0482146 0.0482504 0.0482846 0.0483171 0.048348 0.0483773 0.0484049 0.0484308 0.0484551 0.0484776 0.0484985 0.0485176 0.048535 0.0485507 0.0485647 0.0485769 0.0485874 0.0485962 0.0486032 0.0486084 0.0486119 0.0486137 
0.0485888 0.048587 0.0485834 0.0485781 0.0485709 0.048562 0.0485512 0.0485387 0.0485244 0.0485084 0.0484906 0.048471 0.0484497 0.0484266 0.0484018 0.0483753 0.0483471 0.0483171 0.0482855 0.0482522 0.0482172 0.0481806 0.0481424 0.0481025 0.0480611 0.0480181 0.0479735 0.0479275 0.0478799 0.0478308 0.0477803 0.0477284 0.047675 0.0476204 0.0475643 0.0475071 0.0474485 0.0473888 0.0473278 0.0472658 0.0472026 0.0471384 0.0470733 0.0470072 0.0469402 0.0468724 0.0468038 0.0467344 0.0466645 0.0465939 0.0465228 0.0464512 0.0463793 0.046307 0.0462344 0.0461617 0.0460888 0.0460159 0.0459431 0.0458704 0.0457979 0.0457257 0.0456539 0.0455825 0.0455116 0.0454414 0.0453719 0.0453032 0.0452354 0.0451686 0.0451029 0.0450383 0.0449749 0.0449129 0.0448523 0.0447932 0.0447356 0.0446798 0.0446257 0.0445735 0.0445231 0.0444748 0.0444285 0.0443844 0.0443424 0.0443028 0.0442655 0.0442306 0.0441981 0.0441682 0.0441408 0.044116 0.0440939 0.0440744 0.0440577 0.0440437 0.0440325 0.044024 0.0440184 0.0440156 0.0440156 0.0440184 0.044024 0.0440325 0.0440437 0.0440577 0.0440744 0.0440939 0.044116 0.0441408 0.0441682 0.0441981 0.0442306 0.0442655 0.0443028 0.0443424 0.0443844 0.0444285 0.0444748 0.0445231 0.0445735 0.0446257 0.0446798 0.0447356 0.0447932 0.0448523 0.0449129 0.0449749 0.0450383 0.0451029 0.0451686 0.0452354 0.0453032 0.0453719 0.0454414 0.0455116 0.0455825 0.0456539 0.0457257 0.0457979 0.0458704 0.0459431 0.0460159 0.0460888 0.0461617 0.0462344 0.046307 0.0463793 0.0464512 0.0465228 0.0465939 0.0466645 0.0467344 0.0468038 0.0468724 0.0469402 0.0470072 0.0470733 0.0471384 0.0472026 0.0472658 0.0473278 0.0473888 0.0474485 0.0475071 0.0475643 0.0476204 0.047675 0.0477284 0.0477803 0.0478308 0.0478799 0.0479275 0.0479735 0.0480181 0.0480611 0.0481025 0.0481424 0.0481806 0.0482172 0.0482522 0.0482855 0.0483171 0.0483471 0.0483753 0.0484018 0.0484266 0.0484497 0.048471 0.0484906 0.0485084 0.0485244 0.0485387 0.0485512 0.048562 0.0485709 0.0485781 0.0485834 0.048587 0.0485888 
0.0485626 0.0485608 0.0485571 0.0485516 0.0485443 0.0485352 0.0485242 0.0485114 0.0484968 0.0484803 0.0484621 0.0484421 0.0484203 0.0483966 0.0483713 0.0483441 0.0483152 0.0482846 0.0482522 0.0482181 0.0481823 0.0481448 0.0481057 0.0480649 0.0480224 0.0479784 0.0479327 0.0478855 0.0478368 0.0477865 0.0477347 0.0476815 0.0476268 0.0475708 0.0475134 0.0474546 0.0473946 0.0473333 0.0472708 0.0472072 0.0471424 0.0470765 0.0470096 0.0469418 0.046873 0.0468034 0.046733 0.0466618 0.0465899 0.0465174 0.0464444 0.0463708 0.0462969 0.0462226 0.046148 0.0460732 0.0459983 0.0459233 0.0458484 0.0457736 0.045699 0.0456247 0.0455508 0.0454773 0.0454043 0.045332 0.0452605 0.0451897 0.0451199 0.045051 0.0449832 0.0449166 0.0448513 0.0447874 0.0447249 0.0446639 0.0446046 0.044547 0.0444912 0.0444373 0.0443853 0.0443354 0.0442876 0.0442421 0.0441988 0.0441578 0.0441193 0.0440833 0.0440497 0.0440188 0.0439905 0.0439649 0.043942 0.0439219 0.0439046 0.0438902 0.0438786 0.0438699 0.0438641 0.0438612 0.0438612 0.0438641 0.0438699 0.0438786 0.0438902 0.0439046 0.0439219 0.043942 0.0439649 0.0439905 0.0440188 0.0440497 0.0440833 0.0441193 0.0441578 0.0441988 0.0442421 0.0442876 0.0443354 0.0443853 0.0444373 0.0444912 0.044547 0.0446046 0.0446639 0.0447249 0.0447874 0.0448513 0.0449166 0.0449832 0.045051 0.0451199 0.0451897 0.0452605 0.045332 0.0454043 0.0454773 0.0455508 0.0456247 0.045699 0.0457736 0.0458484 0.0459233 0.0459983 0.0460732 0.046148 0.0462226 0.0462969 0.0463708 0.0464444 0.0465174 0.0465899 0.0466618 0.046733 0.0468034 0.046873 0.0469418 0.0470096 0.0470765 0.0471424 0.0472072 0.0472708 0.0473333 0.0473946 0.0474546 0.0475134 0.0475708 0.0476268 0.0476815 0.0477347 0.0477865 0.0478368 0.0478855 0.0479327 0.0479784 0.0480224 0.0480649 0.0481057 0.0481448 0.0481823 0.0482181 0.0482522 0.0482846 0.0483152 0.0483441 0.0483713 0.0483966 0.0484203 0.0484421 0.0484621 0.0484803 0.0484968 0.0485114 0.0485242 0.0485352 0.0485443 0.0485516 0.0485571 0.0485608 0.0485626 
