0.0495013 0.0495004 0.0494985 0.0494958 0.0494921 0.0494876 0.0494821 0.0494757 0.0494684 0.0494602 0.0494511 0.049441 0.0494301 0.0494183 0.0494055 0.0493919 0.0493774 0.049362 0.0493457 0.0493285 0.0493104 0.0492915 0.0492717 0.049251 0.0492295 0.0492071 0.0491839 0.0491599 0.0491351 0.0491094 0.049083 0.0490557 0.0490278 0.048999 0.0489695 0.0489393 0.0489084 0.0488768 0.0488446 0.0488117 0.0487781 0.048744 0.0487093 0.0486741 0.0486383 0.0486021 0.0485654 0.0485283 0.0484907 0.0484529 0.0484146 0.0483761 0.0483374 0.0482984 0.0482592 0.0482199 0.0481805 0.0481411 0.0481016 0.0480622 0.0480229 0.0479837 0.0479447 0.0479059 0.0478674 0.0478292 0.0477913 0.0477539 0.047717 0.0476806 0.0476447 0.0476095 0.0475749 0.047541 0.047508 0.0474757 0.0474443 0.0474138 0.0473842 0.0473557 0.0473282 0.0473018 0.0472765 0.0472524 0.0472295 0.0472078 0.0471874 0.0471683 0.0471506 0.0471342 0.0471193 0.0471057 0.0470937 0.047083 0.0470739 0.0470662 0.0470601 0.0470555 0.0470524 0.0470509 0.0470509 0.0470524 0.0470555 0.0470601 0.0470662 0.0470739 0.047083 0.0470937 0.0471057 0.0471193 0.0471342 0.0471506 0.0471683 0.0471874 0.0472078 0.0472295 0.0472524 0.0472765 0.0473018 0.0473282 0.0473557 0.0473842 0.0474138 0.0474443 0.0474757 0.047508 0.047541 0.0475749 0.0476095 0.0476447 0.0476806 0.047717 0.0477539 0.0477913 0.0478292 0.0478674 0.0479059 0.0479447 0.0479837 0.0480229 0.0480622 0.0481016 0.0481411 0.0481805 0.0482199 0.0482592 0.0482984 0.0483374 0.0483761 0.0484146 0.0484529 0.0484907 0.0485283 0.0485654 0.0486021 0.0486383 0.0486741 0.0487093 0.048744 0.0487781 0.0488117 0.0488446 0.0488768 0.0489084 0.0489393 0.0489695 0.048999 0.0490278 0.0490557 0.049083 0.0491094 0.0491351 0.0491599 0.0491839 0.0492071 0.0492295 0.049251 0.0492717 0.0492915 0.0493104 0.0493285 0.0493457 0.049362 0.0493774 0.0493919 0.0494055 0.0494183 0.0494301 0.049441 0.0494511 0.0494602 0.0494684 0.0494757 0.0494821 0.0494876 0.0494921 0.0494958 0.0494985 0.0495004 0.0495013 
0.0495004 0.0494994 0.0494976 0.0494949 0.0494912 0.0494866 0.0494811 0.0494747 0.0494674 0.0494592 0.04945 0.04944 0.049429 0.0494172 0.0494044 0.0493908 0.0493762 0.0493607 0.0493444 0.0493272 0.0493091 0.0492901 0.0492703 0.0492495 0.049228 0.0492056 0.0491823 0.0491582 0.0491333 0.0491076 0.0490811 0.0490539 0.0490258 0.048997 0.0489674 0.0489372 0.0489062 0.0488745 0.0488422 0.0488092 0.0487756 0.0487414 0.0487066 0.0486713 0.0486355 0.0485992 0.0485624 0.0485251 0.0484875 0.0484495 0.0484112 0.0483726 0.0483338 0.0482947 0.0482554 0.048216 0.0481765 0.048137 0.0480975 0.0480579 0.0480185 0.0479792 0.0479401 0.0479012 0.0478626 0.0478243 0.0477863 0.0477488 0.0477118 0.0476753 0.0476393 0.047604 0.0475693 0.0475354 0.0475022 0.0474698 0.0474383 0.0474078 0.0473781 0.0473495 0.0473219 0.0472955 0.0472701 0.0472459 0.0472229 0.0472012 0.0471808 0.0471616 0.0471439 0.0471274 0.0471124 0.0470989 0.0470867 0.0470761 0.0470669 0.0470592 0.0470531 0.0470485 0.0470454 0.0470439 0.0470439 0.0470454 0.0470485 0.0470531 0.0470592 0.0470669 0.0470761 0.0470867 0.0470989 0.0471124 0.0471274 0.0471439 0.0471616 0.0471808 0.0472012 0.0472229 0.0472459 0.0472701 0.0472955 0.0473219 0.0473495 0.0473781 0.0474078 0.0474383 0.0474698 0.0475022 0.0475354 0.0475693 0.047604 0.0476393 0.0476753 0.0477118 0.0477488 0.0477863 0.0478243 0.0478626 0.0479012 0.0479401 0.0479792 0.0480185 0.0480579 0.0480975 0.048137 0.0481765 0.048216 0.0482554 0.0482947 0.0483338 0.0483726 0.0484112 0.0484495 0.0484875 0.0485251 0.0485624 0.0485992 0.0486355 0.0486713 0.0487066 0.0487414 0.0487756 0.0488092 0.0488422 0.0488745 0.0489062 0.0489372 0.0489674 0.048997 0.0490258 0.0490539 0.0490811 0.0491076 0.0491333 0.0491582 0.0491823 0.0492056 0.049228 0.0492495 0.0492703 0.0492901 0.0493091 0.0493272 0.0493444 0.0493607 0.0493762 0.0493908 0.0494044 0.0494172 0.049429 0.04944 0.04945 0.0494592 0.0494674 0.0494747 0.0494811 0.0494866 0.0494912 0.0494949 0.0494976 0.0494994 0.0495004 
0.0494985 0.0494976 0.0494958 0.049493 0.0494893 0.0494847 0.0494792 0.0494728 0.0494654 0.0494572 0.049448 0.0494379 0.0494269 0.049415 0.0494022 0.0493885 0.0493738 0.0493583 0.0493419 0.0493246 0.0493064 0.0492874 0.0492674 0.0492466 0.049225 0.0492025 0.0491791 0.0491549 0.0491299 0.0491041 0.0490775 0.0490501 0.0490219 0.0489929 0.0489633 0.0489328 0.0489017 0.0488699 0.0488374 0.0488043 0.0487705 0.0487362 0.0487012 0.0486658 0.0486297 0.0485932 0.0485563 0.0485189 0.0484811 0.0484429 0.0484044 0.0483656 0.0483266 0.0482873 0.0482478 0.0482082 0.0481686 0.0481288 0.0480891 0.0480494 0.0480097 0.0479702 0.0479309 0.0478918 0.047853 0.0478145 0.0477763 0.0477386 0.0477014 0.0476647 0.0476285 0.047593 0.0475582 0.047524 0.0474907 0.0474581 0.0474265 0.0473957 0.0473659 0.0473372 0.0473094 0.0472828 0.0472573 0.047233 0.0472099 0.047188 0.0471675 0.0471482 0.0471303 0.0471138 0.0470987 0.0470851 0.0470729 0.0470622 0.047053 0.0470453 0.0470391 0.0470344 0.0470313 0.0470298 0.0470298 0.0470313 0.0470344 0.0470391 0.0470453 0.047053 0.0470622 0.0470729 0.0470851 0.0470987 0.0471138 0.0471303 0.0471482 0.0471675 0.047188 0.0472099 0.047233 0.0472573 0.0472828 0.0473094 0.0473372 0.0473659 0.0473957 0.0474265 0.0474581 0.0474907 0.047524 0.0475582 0.047593 0.0476285 0.0476647 0.0477014 0.0477386 0.0477763 0.0478145 0.047853 0.0478918 0.0479309 0.0479702 0.0480097 0.0480494 0.0480891 0.0481288 0.0481686 0.0482082 0.0482478 0.0482873 0.0483266 0.0483656 0.0484044 0.0484429 0.0484811 0.0485189 0.0485563 0.0485932 0.0486297 0.0486658 0.0487012 0.0487362 0.0487705 0.0488043 0.0488374 0.0488699 0.0489017 0.0489328 0.0489633 0.0489929 0.0490219 0.0490501 0.0490775 0.0491041 0.0491299 0.0491549 0.0491791 0.0492025 0.049225 0.0492466 0.0492674 0.0492874 0.0493064 0.0493246 0.0493419 0.0493583 0.0493738 0.0493885 0.0494022 0.049415 0.0494269 0.0494379 0.049448 0.0494572 0.0494654 0.0494728 0.0494792 0.0494847 0.0494893 0.049493 0.0494958 0.0494976 0.0494985 
0.0494958 0.0494949 0.049493 0.0494902 0.0494865 0.0494819 0.0494764 0.0494699 0.0494625 0.0494542 0.0494449 0.0494348 0.0494237 0.0494117 0.0493988 0.049385 0.0493703 0.0493547 0.0493382 0.0493208 0.0493025 0.0492833 0.0492632 0.0492423 0.0492205 0.0491978 0.0491743 0.0491499 0.0491248 0.0490988 0.049072 0.0490444 0.049016 0.0489869 0.048957 0.0489264 0.048895 0.048863 0.0488303 0.0487969 0.0487629 0.0487283 0.0486931 0.0486574 0.0486211 0.0485844 0.0485471 0.0485095 0.0484714 0.048433 0.0483942 0.0483551 0.0483157 0.0482762 0.0482364 0.0481965 0.0481566 0.0481165 0.0480765 0.0480365 0.0479965 0.0479567 0.0479171 0.0478777 0.0478386 0.0477998 0.0477613 0.0477233 0.0476858 0.0476488 0.0476123 0.0475765 0.0475414 0.047507 0.0474734 0.0474406 0.0474086 0.0473776 0.0473476 0.0473186 0.0472906 0.0472638 0.0472381 0.0472135 0.0471903 0.0471682 0.0471475 0.0471281 0.0471101 0.0470934 0.0470782 0.0470644 0.0470521 0.0470413 0.047032 0.0470242 0.047018 0.0470133 0.0470102 0.0470086 0.0470086 0.0470102 0.0470133 0.047018 0.0470242 0.047032 0.0470413 0.0470521 0.0470644 0.0470782 0.0470934 0.0471101 0.0471281 0.0471475 0.0471682 0.0471903 0.0472135 0.0472381 0.0472638 0.0472906 0.0473186 0.0473476 0.0473776 0.0474086 0.0474406 0.0474734 0.047507 0.0475414 0.0475765 0.0476123 0.0476488 0.0476858 0.0477233 0.0477613 0.0477998 0.0478386 0.0478777 0.0479171 0.0479567 0.0479965 0.0480365 0.0480765 0.0481165 0.0481566 0.0481965 0.0482364 0.0482762 0.0483157 0.0483551 0.0483942 0.048433 0.0484714 0.0485095 0.0485471 0.0485844 0.0486211 0.0486574 0.0486931 0.0487283 0.0487629 0.0487969 0.0488303 0.048863 0.048895 0.0489264 0.048957 0.0489869 0.049016 0.0490444 0.049072 0.0490988 0.0491248 0.0491499 0.0491743 0.0491978 0.0492205 0.0492423 0.0492632 0.0492833 0.0493025 0.0493208 0.0493382 0.0493547 0.0493703 0.049385 0.0493988 0.0494117 0.0494237 0.0494348 0.0494449 0.0494542 0.0494625 0.0494699 0.0494764 0.0494819 0.0494865 0.0494902 0.049493 0.0494949 0.0494958 
0.0494921 0.0494912 0.0494893 0.0494865 0.0494828 0.0494781 0.0494725 0.049466 0.0494585 0.0494502 0.0494408 0.0494306 0.0494194 0.0494074 0.0493943 0.0493804 0.0493656 0.0493498 0.0493332 0.0493156 0.0492971 0.0492778 0.0492576 0.0492364 0.0492144 0.0491916 0.0491679 0.0491433 0.0491179 0.0490917 0.0490646 0.0490368 0.0490082 0.0489788 0.0489486 0.0489177 0.0488861 0.0488538 0.0488208 0.0487871 0.0487528 0.0487179 0.0486824 0.0486463 0.0486097 0.0485726 0.048535 0.0484969 0.0484585 0.0484197 0.0483805 0.0483411 0.0483013 0.0482614 0.0482212 0.048181 0.0481406 0.0481001 0.0480597 0.0480193 0.0479789 0.0479387 0.0478987 0.0478589 0.0478193 0.0477801 0.0477413 0.0477029 0.047665 0.0476276 0.0475907 0.0475545 0.047519 0.0474843 0.0474503 0.0474171 0.0473849 0.0473535 0.0473232 0.0472938 0.0472656 0.0472384 0.0472124 0.0471876 0.0471641 0.0471418 0.0471208 0.0471012 0.047083 0.0470661 0.0470508 0.0470368 0.0470244 0.0470135 0.0470041 0.0469962 0.0469899 0.0469852 0.046982 0.0469804 0.0469804 0.046982 0.0469852 0.0469899 0.0469962 0.0470041 0.0470135 0.0470244 0.0470368 0.0470508 0.0470661 0.047083 0.0471012 0.0471208 0.0471418 0.0471641 0.0471876 0.0472124 0.0472384 0.0472656 0.0472938 0.0473232 0.0473535 0.0473849 0.0474171 0.0474503 0.0474843 0.047519 0.0475545 0.0475907 0.0476276 0.047665 0.0477029 0.0477413 0.0477801 0.0478193 0.0478589 0.0478987 0.0479387 0.0479789 0.0480193 0.0480597 0.0481001 0.0481406 0.048181 0.0482212 0.0482614 0.0483013 0.0483411 0.0483805 0.0484197 0.0484585 0.0484969 0.048535 0.0485726 0.0486097 0.0486463 0.0486824 0.0487179 0.0487528 0.0487871 0.0488208 0.0488538 0.0488861 0.0489177 0.0489486 0.0489788 0.0490082 0.0490368 0.0490646 0.0490917 0.0491179 0.0491433 0.0491679 0.0491916 0.0492144 0.0492364 0.0492576 0.0492778 0.0492971 0.0493156 0.0493332 0.0493498 0.0493656 0.0493804 0.0493943 0.0494074 0.0494194 0.0494306 0.0494408 0.0494502 0.0494585 0.049466 0.0494725 0.0494781 0.0494828 0.0494865 0.0494893 0.0494912 0.0494921 
0.0494876 0.0494866 0.0494847 0.0494819 0.0494781 0.0494734 0.0494678 0.0494612 0.0494536 0.0494452 0.0494357 0.0494254 0.0494141 0.0494019 0.0493887 0.0493747 0.0493597 0.0493438 0.0493269 0.0493092 0.0492905 0.049271 0.0492505 0.0492292 0.0492069 0.0491838 0.0491598 0.049135 0.0491093 0.0490828 0.0490555 0.0490273 0.0489984 0.0489687 0.0489382 0.0489069 0.0488749 0.0488422 0.0488089 0.0487748 0.0487401 0.0487048 0.0486688 0.0486324 0.0485953 0.0485578 0.0485197 0.0484813 0.0484424 0.0484031 0.0483634 0.0483235 0.0482833 0.0482428 0.0482022 0.0481614 0.0481206 0.0480796 0.0480387 0.0479977 0.0479569 0.0479162 0.0478756 0.0478353 0.0477953 0.0477556 0.0477162 0.0476773 0.0476389 0.047601 0.0475637 0.047527 0.0474911 0.0474558 0.0474214 0.0473878 0.0473551 0.0473233 0.0472926 0.0472628 0.0472342 0.0472067 0.0471803 0.0471552 0.0471313 0.0471087 0.0470875 0.0470676 0.0470491 0.047032 0.0470164 0.0470023 0.0469897 0.0469786 0.0469691 0.0469611 0.0469547 0.0469499 0.0469467 0.0469451 0.0469451 0.0469467 0.0469499 0.0469547 0.0469611 0.0469691 0.0469786 0.0469897 0.0470023 0.0470164 0.047032 0.0470491 0.0470676 0.0470875 0.0471087 0.0471313 0.0471552 0.0471803 0.0472067 0.0472342 0.0472628 0.0472926 0.0473233 0.0473551 0.0473878 0.0474214 0.0474558 0.0474911 0.047527 0.0475637 0.047601 0.0476389 0.0476773 0.0477162 0.0477556 0.0477953 0.0478353 0.0478756 0.0479162 0.0479569 0.0479977 0.0480387 0.0480796 0.0481206 0.0481614 0.0482022 0.0482428 0.0482833 0.0483235 0.0483634 0.0484031 0.0484424 0.0484813 0.0485197 0.0485578 0.0485953 0.0486324 0.0486688 0.0487048 0.0487401 0.0487748 0.0488089 0.0488422 0.0488749 0.0489069 0.0489382 0.0489687 0.0489984 0.0490273 0.0490555 0.0490828 0.0491093 0.049135 0.0491598 0.0491838 0.0492069 0.0492292 0.0492505 0.049271 0.0492905 0.0493092 0.0493269 0.0493438 0.0493597 0.0493747 0.0493887 0.0494019 0.0494141 0.0494254 0.0494357 0.0494452 0.0494536 0.0494612 0.0494678 0.0494734 0.0494781 0.0494819 0.0494847 0.0494866 0.0494876 
0.0494821 0.0494811 0.0494792 0.0494764 0.0494725 0.0494678 0.049462 0.0494554 0.0494477 0.0494391 0.0494296 0.0494191 0.0494077 0.0493953 0.049382 0.0493678 0.0493526 0.0493365 0.0493194 0.0493015 0.0492826 0.0492628 0.049242 0.0492204 0.0491979 0.0491745 0.0491502 0.0491251 0.049099 0.0490722 0.0490445 0.049016 0.0489866 0.0489565 0.0489256 0.0488939 0.0488615 0.0488284 0.0487946 0.04876 0.0487249 0.0486891 0.0486526 0.0486156 0.0485781 0.04854 0.0485014 0.0484624 0.048423 0.0483831 0.0483429 0.0483024 0.0482616 0.0482206 0.0481794 0.048138 0.0480965 0.048055 0.0480134 0.0479719 0.0479304 0.0478891 0.0478479 0.047807 0.0477664 0.047726 0.0476861 0.0476466 0.0476076 0.0475691 0.0475312 0.047494 0.0474574 0.0474217 0.0473867 0.0473525 0.0473193 0.047287 0.0472558 0.0472256 0.0471964 0.0471685 0.0471417 0.0471162 0.0470919 0.0470689 0.0470473 0.0470271 0.0470083 0.046991 0.0469751 0.0469608 0.046948 0.0469367 0.046927 0.0469189 0.0469124 0.0469075 0.0469042 0.0469026 0.0469026 0.0469042 0.0469075 0.0469124 0.0469189 0.046927 0.0469367 0.046948 0.0469608 0.0469751 0.046991 0.0470083 0.0470271 0.0470473 0.0470689 0.0470919 0.0471162 0.0471417 0.0471685 0.0471964 0.0472256 0.0472558 0.047287 0.0473193 0.0473525 0.0473867 0.0474217 0.0474574 0.047494 0.0475312 0.0475691 0.0476076 0.0476466 0.0476861 0.047726 0.0477664 0.047807 0.0478479 0.0478891 0.0479304 0.0479719 0.0480134 0.048055 0.0480965 0.048138 0.0481794 0.0482206 0.0482616 0.0483024 0.0483429 0.0483831 0.048423 0.0484624 0.0485014 0.04854 0.0485781 0.0486156 0.0486526 0.0486891 0.0487249 0.04876 0.0487946 0.0488284 0.0488615 0.0488939 0.0489256 0.0489565 0.0489866 0.049016 0.0490445 0.0490722 0.049099 0.0491251 0.0491502 0.0491745 0.0491979 0.0492204 0.049242 0.0492628 0.0492826 0.0493015 0.0493194 0.0493365 0.0493526 0.0493678 0.049382 0.0493953 0.0494077 0.0494191 0.0494296 0.0494391 0.0494477 0.0494554 0.049462 0.0494678 0.0494725 0.0494764 0.0494792 0.0494811 0.0494821 
0.0494757 0.0494747 0.0494728 0.0494699 0.049466 0.0494612 0.0494554 0.0494486 0.0494408 0.0494321 0.0494225 0.0494118 0.0494003 0.0493877 0.0493742 0.0493597 0.0493443 0.049328 0.0493107 0.0492925 0.0492733 0.0492532 0.0492322 0.0492102 0.0491874 0.0491636 0.049139 0.0491134 0.049087 0.0490598 0.0490317 0.0490027 0.0489729 0.0489423 0.048911 0.0488788 0.0488459 0.0488122 0.0487779 0.0487428 0.0487071 0.0486707 0.0486337 0.0485961 0.048558 0.0485193 0.0484801 0.0484404 0.0484003 0.0483598 0.048319 0.0482778 0.0482363 0.0481946 0.0481527 0.0481106 0.0480684 0.0480262 0.0479839 0.0479417 0.0478995 0.0478575 0.0478156 0.0477739 0.0477326 0.0476916 0.0476509 0.0476107 0.047571 0.0475318 0.0474933 0.0474553 0.0474181 0.0473817 0.0473461 0.0473113 0.0472775 0.0472446 0.0472128 0.047182 0.0471524 0.0471239 0.0470966 0.0470706 0.0470458 0.0470225 0.0470004 0.0469798 0.0469607 0.046943 0.0469269 0.0469122 0.0468992 0.0468877 0.0468778 0.0468695 0.0468629 0.0468579 0.0468546 0.046853 0.046853 0.0468546 0.0468579 0.0468629 0.0468695 0.0468778 0.0468877 0.0468992 0.0469122 0.0469269 0.046943 0.0469607 0.0469798 0.0470004 0.0470225 0.0470458 0.0470706 0.0470966 0.0471239 0.0471524 0.047182 0.0472128 0.0472446 0.0472775 0.0473113 0.0473461 0.0473817 0.0474181 0.0474553 0.0474933 0.0475318 0.047571 0.0476107 0.0476509 0.0476916 0.0477326 0.0477739 0.0478156 0.0478575 0.0478995 0.0479417 0.0479839 0.0480262 0.0480684 0.0481106 0.0481527 0.0481946 0.0482363 0.0482778 0.048319 0.0483598 0.0484003 0.0484404 0.0484801 0.0485193 0.048558 0.0485961 0.0486337 0.0486707 0.0487071 0.0487428 0.0487779 0.0488122 0.0488459 0.0488788 0.048911 0.0489423 0.0489729 0.0490027 0.0490317 0.0490598 0.049087 0.0491134 0.049139 0.0491636 0.0491874 0.0492102 0.0492322 0.0492532 0.0492733 0.0492925 0.0493107 0.049328 0.0493443 0.0493597 0.0493742 0.0493877 0.0494003 0.0494118 0.0494225 0.0494321 0.0494408 0.0494486 0.0494554 0.0494612 0.049466 0.0494699 0.0494728 0.0494747 0.0494757 
0.0494684 0.0494674 0.0494654 0.0494625 0.0494585 0.0494536 0.0494477 0.0494408 0.049433 0.0494241 0.0494143 0.0494035 0.0493917 0.049379 0.0493653 0.0493506 0.0493349 0.0493183 0.0493007 0.0492822 0.0492627 0.0492422 0.0492209 0.0491986 0.0491753 0.0491512 0.0491261 0.0491002 0.0490733 0.0490456 0.049017 0.0489875 0.0489572 0.0489261 0.0488942 0.0488615 0.048828 0.0487938 0.0487588 0.0487231 0.0486867 0.0486497 0.0486121 0.0485738 0.0485349 0.0484956 0.0484557 0.0484153 0.0483744 0.0483332 0.0482916 0.0482496 0.0482074 0.0481649 0.0481222 0.0480793 0.0480363 0.0479933 0.0479502 0.0479071 0.0478641 0.0478213 0.0477786 0.0477361 0.0476939 0.0476521 0.0476106 0.0475696 0.0475291 0.0474891 0.0474498 0.0474111 0.0473732 0.047336 0.0472996 0.0472641 0.0472296 0.0471961 0.0471635 0.0471321 0.0471019 0.0470728 0.0470449 0.0470183 0.0469931 0.0469692 0.0469467 0.0469257 0.0469061 0.0468881 0.0468716 0.0468566 0.0468433 0.0468315 0.0468215 0.046813 0.0468062 0.0468012 0.0467978 0.0467961 0.0467961 0.0467978 0.0468012 0.0468062 0.046813 0.0468215 0.0468315 0.0468433 0.0468566 0.0468716 0.0468881 0.0469061 0.0469257 0.0469467 0.0469692 0.0469931 0.0470183 0.0470449 0.0470728 0.0471019 0.0471321 0.0471635 0.0471961 0.0472296 0.0472641 0.0472996 0.047336 0.0473732 0.0474111 0.0474498 0.0474891 0.0475291 0.0475696 0.0476106 0.0476521 0.0476939 0.0477361 0.0477786 0.0478213 0.0478641 0.0479071 0.0479502 0.0479933 0.0480363 0.0480793 0.0481222 0.0481649 0.0482074 0.0482496 0.0482916 0.0483332 0.0483744 0.0484153 0.0484557 0.0484956 0.0485349 0.0485738 0.0486121 0.0486497 0.0486867 0.0487231 0.0487588 0.0487938 0.048828 0.0488615 0.0488942 0.0489261 0.0489572 0.0489875 0.049017 0.0490456 0.0490733 0.0491002 0.0491261 0.0491512 0.0491753 0.0491986 0.0492209 0.0492422 0.0492627 0.0492822 0.0493007 0.0493183 0.0493349 0.0493506 0.0493653 0.049379 0.0493917 0.0494035 0.0494143 0.0494241 0.049433 0.0494408 0.0494477 0.0494536 0.0494585 0.0494625 0.0494654 0.0494674 0.0494684 
0.0494602 0.0494592 0.0494572 0.0494542 0.0494502 0.0494452 0.0494391 0.0494321 0.0494241 0.0494151 0.0494051 0.0493941 0.0493821 0.0493692 0.0493552 0.0493402 0.0493243 0.0493074 0.0492895 0.0492706 0.0492507 0.0492299 0.0492082 0.0491854 0.0491618 0.0491372 0.0491117 0.0490852 0.0490579 0.0490296 0.0490005 0.0489705 0.0489396 0.0489079 0.0488753 0.048842 0.0488079 0.048773 0.0487373 0.0487009 0.0486638 0.0486261 0.0485877 0.0485487 0.048509 0.0484689 0.0484281 0.0483869 0.0483453 0.0483032 0.0482607 0.0482179 0.0481748 0.0481314 0.0480878 0.048044 0.0480001 0.0479562 0.0479121 0.0478682 0.0478242 0.0477805 0.0477368 0.0476935 0.0476503 0.0476076 0.0475652 0.0475233 0.0474819 0.047441 0.0474008 0.0473613 0.0473224 0.0472844 0.0472472 0.0472109 0.0471756 0.0471413 0.047108 0.0470759 0.0470449 0.0470151 0.0469866 0.0469594 0.0469336 0.0469091 0.0468861 0.0468646 0.0468446 0.0468261 0.0468092 0.0467939 0.0467802 0.0467682 0.0467579 0.0467492 0.0467423 0.0467371 0.0467336 0.0467319 0.0467319 0.0467336 0.0467371 0.0467423 0.0467492 0.0467579 0.0467682 0.0467802 0.0467939 0.0468092 0.0468261 0.0468446 0.0468646 0.0468861 0.0469091 0.0469336 0.0469594 0.0469866 0.0470151 0.0470449 0.0470759 0.047108 0.0471413 0.0471756 0.0472109 0.0472472 0.0472844 0.0473224 0.0473613 0.0474008 0.047441 0.0474819 0.0475233 0.0475652 0.0476076 0.0476503 0.0476935 0.0477368 0.0477805 0.0478242 0.0478682 0.0479121 0.0479562 0.0480001 0.048044 0.0480878 0.0481314 0.0481748 0.0482179 0.0482607 0.0483032 0.0483453 0.0483869 0.0484281 0.0484689 0.048509 0.0485487 0.0485877 0.0486261 0.0486638 0.0487009 0.0487373 0.048773 0.0488079 0.048842 0.0488753 0.0489079 0.0489396 0.0489705 0.0490005 0.0490296 0.0490579 0.0490852 0.0491117 0.0491372 0.0491618 0.0491854 0.0492082 0.0492299 0.0492507 0.0492706 0.0492895 0.0493074 0.0493243 0.0493402 0.0493552 0.0493692 0.0493821 0.0493941 0.0494051 0.0494151 0.0494241 0.0494321 0.0494391 0.0494452 0.0494502 0.0494542 0.0494572 0.0494592 0.0494602 
0.0494511 0.04945 0.049448 0.0494449 0.0494408 0.0494357 0.0494296 0.0494225 0.0494143 0.0494051 0.0493949 0.0493837 0.0493715 0.0493583 0.049344 0.0493288 0.0493125 0.0492952 0.049277 0.0492577 0.0492375 0.0492163 0.049194 0.0491709 0.0491467 0.0491216 0.0490956 0.0490686 0.0490407 0.0490118 0.0489821 0.0489515 0.04892 0.0488876 0.0488544 0.0488203 0.0487855 0.0487498 0.0487134 0.0486763 0.0486384 0.0485998 0.0485606 0.0485207 0.0484802 0.0484391 0.0483975 0.0483554 0.0483128 0.0482698 0.0482264 0.0481826 0.0481385 0.0480941 0.0480495 0.0480048 0.0479598 0.0479149 0.0478698 0.0478248 0.0477799 0.047735 0.0476904 0.047646 0.0476018 0.047558 0.0475147 0.0474717 0.0474293 0.0473875 0.0473462 0.0473057 0.0472659 0.047227 0.0471889 0.0471517 0.0471154 0.0470803 0.0470462 0.0470132 0.0469814 0.0469509 0.0469217 0.0468938 0.0468673 0.0468422 0.0468186 0.0467965 0.046776 0.046757 0.0467397 0.046724 0.04671 0.0466976 0.046687 0.0466782 0.0466711 0.0466657 0.0466621 0.0466604 0.0466604 0.0466621 0.0466657 0.0466711 0.0466782 0.046687 0.0466976 0.04671 0.046724 0.0467397 0.046757 0.046776 0.0467965 0.0468186 0.0468422 0.0468673 0.0468938 0.0469217 0.0469509 0.0469814 0.0470132 0.0470462 0.0470803 0.0471154 0.0471517 0.0471889 0.047227 0.0472659 0.0473057 0.0473462 0.0473875 0.0474293 0.0474717 0.0475147 0.047558 0.0476018 0.047646 0.0476904 0.047735 0.0477799 0.0478248 0.0478698 0.0479149 0.0479598 0.0480048 0.0480495 0.0480941 0.0481385 0.0481826 0.0482264 0.0482698 0.0483128 0.0483554 0.0483975 0.0484391 0.0484802 0.0485207 0.0485606 0.0485998 0.0486384 0.0486763 0.0487134 0.0487498 0.0487855 0.0488203 0.0488544 0.0488876 0.04892 0.0489515 0.0489821 0.0490118 0.0490407 0.0490686 0.0490956 0.0491216 0.0491467 0.0491709 0.049194 0.0492163 0.0492375 0.0492577 0.049277 0.0492952 0.0493125 0.0493288 0.049344 0.0493583 0.0493715 0.0493837 0.0493949 0.0494051 0.0494143 0.0494225 0.0494296 0.0494357 0.0494408 0.0494449 0.049448 0.04945 0.0494511 
0.049441 0.04944 0.0494379 0.0494348 0.0494306 0.0494254 0.0494191 0.0494118 0.0494035 0.0493941 0.0493837 0.0493723 0.0493598 0.0493463 0.0493317 0.0493161 0.0492995 0.0492819 0.0492632 0.0492436 0.0492229 0.0492012 0.0491785 0.0491548 0.0491302 0.0491045 0.0490779 0.0490503 0.0490218 0.0489923 0.0489619 0.0489306 0.0488984 0.0488653 0.0488313 0.0487965 0.0487608 0.0487244 0.0486871 0.0486491 0.0486103 0.0485709 0.0485307 0.0484899 0.0484485 0.0484064 0.0483638 0.0483207 0.0482771 0.048233 0.0481885 0.0481437 0.0480985 0.0480531 0.0480074 0.0479615 0.0479155 0.0478693 0.0478232 0.047777 0.0477309 0.047685 0.0476392 0.0475936 0.0475484 0.0475034 0.0474589 0.0474149 0.0473713 0.0473284 0.0472861 0.0472445 0.0472036 0.0471636 0.0471245 0.0470863 0.0470491 0.047013 0.0469779 0.0469441 0.0469114 0.0468801 0.04685 0.0468214 0.0467941 0.0467684 0.0467441 0.0467214 0.0467003 0.0466808 0.046663 0.0466468 0.0466324 0.0466197 0.0466088 0.0465997 0.0465924 0.0465869 0.0465832 0.0465814 0.0465814 0.0465832 0.0465869 0.0465924 0.0465997 0.0466088 0.0466197 0.0466324 0.0466468 0.046663 0.0466808 0.0467003 0.0467214 0.0467441 0.0467684 0.0467941 0.0468214 0.04685 0.0468801 0.0469114 0.0469441 0.0469779 0.047013 0.0470491 0.0470863 0.0471245 0.0471636 0.0472036 0.0472445 0.0472861 0.0473284 0.0473713 0.0474149 0.0474589 0.0475034 0.0475484 0.0475936 0.0476392 0.047685 0.0477309 0.047777 0.0478232 0.0478693 0.0479155 0.0479615 0.0480074 0.0480531 0.0480985 0.0481437 0.0481885 0.048233 0.0482771 0.0483207 0.0483638 0.0484064 0.0484485 0.0484899 0.0485307 0.0485709 0.0486103 0.0486491 0.0486871 0.0487244 0.0487608 0.0487965 0.0488313 0.0488653 0.0488984 0.0489306 0.0489619 0.0489923 0.0490218 0.0490503 0.0490779 0.0491045 0.0491302 0.0491548 0.0491785 0.0492012 0.0492229 0.0492436 0.0492632 0.0492819 0.0492995 0.0493161 0.0493317 0.0493463 0.0493598 0.0493723 0.0493837 0.0493941 0.0494035 0.0494118 0.0494191 0.0494254 0.0494306 0.0494348 0.0494379 0.04944 0.049441 
0.0494301 0.049429 0.0494269 0.0494237 0.0494194 0.0494141 0.0494077 0.0494003 0.0493917 0.0493821 0.0493715 0.0493598 0.049347 0.0493332 0.0493183 0.0493024 0.0492854 0.0492673 0.0492483 0.0492281 0.049207 0.0491848 0.0491616 0.0491373 0.0491121 0.0490858 0.0490586 0.0490304 0.0490012 0.048971 0.0489399 0.0489078 0.0488748 0.0488409 0.0488061 0.0487704 0.0487339 0.0486966 0.0486584 0.0486194 0.0485797 0.0485393 0.0484981 0.0484563 0.0484138 0.0483707 0.048327 0.0482828 0.048238 0.0481928 0.0481472 0.0481012 0.0480548 0.0480082 0.0479613 0.0479142 0.0478669 0.0478196 0.0477722 0.0477248 0.0476775 0.0476302 0.0475832 0.0475364 0.0474899 0.0474437 0.0473979 0.0473527 0.0473079 0.0472637 0.0472202 0.0471775 0.0471355 0.0470943 0.047054 0.0470147 0.0469765 0.0469393 0.0469032 0.0468684 0.0468348 0.0468025 0.0467716 0.0467421 0.0467141 0.0466875 0.0466625 0.0466392 0.0466174 0.0465973 0.046579 0.0465623 0.0465475 0.0465344 0.0465232 0.0465138 0.0465063 0.0465006 0.0464968 0.046495 0.046495 0.0464968 0.0465006 0.0465063 0.0465138 0.0465232 0.0465344 0.0465475 0.0465623 0.046579 0.0465973 0.0466174 0.0466392 0.0466625 0.0466875 0.0467141 0.0467421 0.0467716 0.0468025 0.0468348 0.0468684 0.0469032 0.0469393 0.0469765 0.0470147 0.047054 0.0470943 0.0471355 0.0471775 0.0472202 0.0472637 0.0473079 0.0473527 0.0473979 0.0474437 0.0474899 0.0475364 0.0475832 0.0476302 0.0476775 0.0477248 0.0477722 0.0478196 0.0478669 0.0479142 0.0479613 0.0480082 0.0480548 0.0481012 0.0481472 0.0481928 0.048238 0.0482828 0.048327 0.0483707 0.0484138 0.0484563 0.0484981 0.0485393 0.0485797 0.0486194 0.0486584 0.0486966 0.0487339 0.0487704 0.0488061 0.0488409 0.0488748 0.0489078 0.0489399 0.048971 0.0490012 0.0490304 0.0490586 0.0490858 0.0491121 0.0491373 0.0491616 0.0491848 0.049207 0.0492281 0.0492483 0.0492673 0.0492854 0.0493024 0.0493183 0.0493332 0.049347 0.0493598 0.0493715 0.0493821 0.0493917 0.0494003 0.0494077 0.0494141 0.0494194 0.0494237 0.0494269 0.049429 0.0494301 
0.0494183 0.0494172 0.049415 0.0494117 0.0494074 0.0494019 0.0493953 0.0493877 0.049379 0.0493692 0.0493583 0.0493463 0.0493332 0.049319 0.0493038 0.0492875 0.0492701 0.0492516 0.049232 0.0492114 0.0491897 0.049167 0.0491432 0.0491184 0.0490925 0.0490656 0.0490377 0.0490087 0.0489788 0.0489479 0.048916 0.0488831 0.0488492 0.0488145 0.0487788 0.0487422 0.0487047 0.0486664 0.0486273 0.0485873 0.0485465 0.048505 0.0484628 0.0484198 0.0483762 0.0483319 0.0482871 0.0482416 0.0481957 0.0481493 0.0481024 0.0480551 0.0480074 0.0479595 0.0479113 0.0478629 0.0478143 0.0477656 0.0477168 0.0476681 0.0476194 0.0475708 0.0475224 0.0474742 0.0474263 0.0473788 0.0473317 0.0472851 0.047239 0.0471935 0.0471487 0.0471047 0.0470614 0.047019 0.0469775 0.046937 0.0468976 0.0468592 0.0468221 0.0467861 0.0467515 0.0467182 0.0466863 0.0466559 0.046627 0.0465996 0.0465738 0.0465497 0.0465273 0.0465066 0.0464876 0.0464705 0.0464551 0.0464417 0.0464301 0.0464204 0.0464126 0.0464068 0.0464029 0.0464009 0.0464009 0.0464029 0.0464068 0.0464126 0.0464204 0.0464301 0.0464417 0.0464551 0.0464705 0.0464876 0.0465066 0.0465273 0.0465497 0.0465738 0.0465996 0.046627 0.0466559 0.0466863 0.0467182 0.0467515 0.0467861 0.0468221 0.0468592 0.0468976 0.046937 0.0469775 0.047019 0.0470614 0.0471047 0.0471487 0.0471935 0.047239 0.0472851 0.0473317 0.0473788 0.0474263 0.0474742 0.0475224 0.0475708 0.0476194 0.0476681 0.0477168 0.0477656 0.0478143 0.0478629 0.0479113 0.0479595 0.0480074 0.0480551 0.0481024 0.0481493 0.0481957 0.0482416 0.0482871 0.0483319 0.0483762 0.0484198 0.0484628 0.048505 0.0485465 0.0485873 0.0486273 0.0486664 0.0487047 0.0487422 0.0487788 0.0488145 0.0488492 0.0488831 0.048916 0.0489479 0.0489788 0.0490087 0.0490377 0.0490656 0.0490925 0.0491184 0.0491432 0.049167 0.0491897 0.0492114 0.049232 0.0492516 0.0492701 0.0492875 0.0493038 0.049319 0.0493332 0.0493463 0.0493583 0.0493692 0.049379 0.0493877 0.0493953 0.0494019 0.0494074 0.0494117 0.049415 0.0494172 0.0494183 
0.0494055 0.0494044 0.0494022 0.0493988 0.0493943 0.0493887 0.049382 0.0493742 0.0493653 0.0493552 0.049344 0.0493317 0.0493183 0.0493038 0.0492882 0.0492714 0.0492536 0.0492346 0.0492146 0.0491934 0.0491712 0.0491479 0.0491235 0.049098 0.0490714 0.0490438 0.0490152 0.0489855 0.0489547 0.048923 0.0488902 0.0488564 0.0488217 0.048786 0.0487494 0.0487118 0.0486733 0.0486339 0.0485937 0.0485526 0.0485107 0.0484681 0.0484246 0.0483805 0.0483356 0.0482901 0.048244 0.0481973 0.04815 0.0481022 0.048054 0.0480053 0.0479563 0.0479069 0.0478573 0.0478075 0.0477574 0.0477073 0.0476571 0.0476069 0.0475567 0.0475066 0.0474568 0.0474071 0.0473578 0.0473088 0.0472602 0.0472121 0.0471646 0.0471177 0.0470715 0.047026 0.0469813 0.0469376 0.0468948 0.046853 0.0468123 0.0467727 0.0467343 0.0466972 0.0466615 0.0466271 0.0465942 0.0465627 0.0465328 0.0465046 0.0464779 0.046453 0.0464298 0.0464084 0.0463888 0.0463711 0.0463553 0.0463413 0.0463294 0.0463194 0.0463113 0.0463053 0.0463012 0.0462992 0.0462992 0.0463012 0.0463053 0.0463113 0.0463194 0.0463294 0.0463413 0.0463553 0.0463711 0.0463888 0.0464084 0.0464298 0.046453 0.0464779 0.0465046 0.0465328 0.0465627 0.0465942 0.0466271 0.0466615 0.0466972 0.0467343 0.0467727 0.0468123 0.046853 0.0468948 0.0469376 0.0469813 0.047026 0.0470715 0.0471177 0.0471646 0.0472121 0.0472602 0.0473088 0.0473578 0.0474071 0.0474568 0.0475066 0.0475567 0.0476069 0.0476571 0.0477073 0.0477574 0.0478075 0.0478573 0.0479069 0.0479563 0.0480053 0.048054 0.0481022 0.04815 0.0481973 0.048244 0.0482901 0.0483356 0.0483805 0.0484246 0.0484681 0.0485107 0.0485526 0.0485937 0.0486339 0.0486733 0.0487118 0.0487494 0.048786 0.0488217 0.0488564 0.0488902 0.048923 0.0489547 0.0489855 0.0490152 0.0490438 0.0490714 0.049098 0.0491235 0.0491479 0.0491712 0.0491934 0.0492146 0.0492346 0.0492536 0.0492714 0.0492882 0.0493038 0.0493183 0.0493317 0.049344 0.0493552 0.0493653 0.0493742 0.049382 0.0493887 0.0493943 0.0493988 0.0494022 0.0494044 0.0494055 
0.0493919 0.0493908 0.0493885 0.049385 0.0493804 0.0493747 0.0493678 0.0493597 0.0493506 0.0493402 0.0493288 0.0493161 0.0493024 0.0492875 0.0492714 0.0492542 0.0492359 0.0492164 0.0491959 0.0491741 0.0491513 0.0491274 0.0491023 0.0490761 0.0490488 0.0490205 0.048991 0.0489605 0.0489289 0.0488963 0.0488626 0.0488279 0.0487922 0.0487555 0.0487178 0.0486792 0.0486396 0.0485991 0.0485577 0.0485154 0.0484723 0.0484284 0.0483837 0.0483383 0.0482921 0.0482453 0.0481977 0.0481496 0.048101 0.0480517 0.048002 0.0479519 0.0479014 0.0478505 0.0477994 0.047748 0.0476964 0.0476447 0.0475929 0.0475411 0.0474893 0.0474377 0.0473862 0.047335 0.047284 0.0472335 0.0471833 0.0471337 0.0470846 0.0470361 0.0469884 0.0469414 0.0468953 0.0468501 0.0468058 0.0467626 0.0467205 0.0466796 0.04664 0.0466016 0.0465646 0.0465291 0.046495 0.0464625 0.0464315 0.0464023 0.0463747 0.0463489 0.0463249 0.0463028 0.0462825 0.0462642 0.0462478 0.0462334 0.046221 0.0462106 0.0462023 0.046196 0.0461918 0.0461898 0.0461898 0.0461918 0.046196 0.0462023 0.0462106 0.046221 0.0462334 0.0462478 0.0462642 0.0462825 0.0463028 0.0463249 0.0463489 0.0463747 0.0464023 0.0464315 0.0464625 0.046495 0.0465291 0.0465646 0.0466016 0.04664 0.0466796 0.0467205 0.0467626 0.0468058 0.0468501 0.0468953 0.0469414 0.0469884 0.0470361 0.0470846 0.0471337 0.0471833 0.0472335 0.047284 0.047335 0.0473862 0.0474377 0.0474893 0.0475411 0.0475929 0.0476447 0.0476964 0.047748 0.0477994 0.0478505 0.0479014 0.0479519 0.048002 0.0480517 0.048101 0.0481496 0.0481977 0.0482453 0.0482921 0.0483383 0.0483837 0.0484284 0.0484723 0.0485154 0.0485577 0.0485991 0.0486396 0.0486792 0.0487178 0.0487555 0.0487922 0.0488279 0.0488626 0.0488963 0.0489289 0.0489605 0.048991 0.0490205 0.0490488 0.0490761 0.0491023 0.0491274 0.0491513 0.0491741 0.0491959 0.0492164 0.0492359 0.0492542 0.0492714 0.0492875 0.0493024 0.0493161 0.0493288 0.0493402 0.0493506 0.0493597 0.0493678 0.0493747 0.0493804 0.049385 0.0493885 0.0493908 0.0493919 
0.0493774 0.0493762 0.0493738 0.0493703 0.0493656 0.0493597 0.0493526 0.0493443 0.0493349 0.0493243 0.0493125 0.0492995 0.0492854 0.0492701 0.0492536 0.0492359 0.0492171 0.0491971 0.0491759 0.0491536 0.0491301 0.0491055 0.0490797 0.0490528 0.0490247 0.0489956 0.0489653 0.0489339 0.0489014 0.0488678 0.0488332 0.0487974 0.0487607 0.0487229 0.0486841 0.0486443 0.0486036 0.0485619 0.0485193 0.0484757 0.0484313 0.0483861 0.04834 0.0482932 0.0482456 0.0481973 0.0481484 0.0480987 0.0480485 0.0479978 0.0479465 0.0478948 0.0478427 0.0477902 0.0477374 0.0476844 0.0476311 0.0475777 0.0475242 0.0474708 0.0474173 0.0473639 0.0473108 0.0472578 0.0472052 0.0471529 0.0471011 0.0470497 0.046999 0.0469489 0.0468995 0.0468509 0.0468032 0.0467564 0.0467106 0.0466659 0.0466223 0.04658 0.0465389 0.0464992 0.0464609 0.046424 0.0463887 0.046355 0.046323 0.0462927 0.0462642 0.0462374 0.0462126 0.0461896 0.0461686 0.0461496 0.0461326 0.0461176 0.0461048 0.046094 0.0460854 0.0460789 0.0460746 0.0460724 0.0460724 0.0460746 0.0460789 0.0460854 0.046094 0.0461048 0.0461176 0.0461326 0.0461496 0.0461686 0.0461896 0.0462126 0.0462374 0.0462642 0.0462927 0.046323 0.046355 0.0463887 0.046424 0.0464609 0.0464992 0.0465389 0.04658 0.0466223 0.0466659 0.0467106 0.0467564 0.0468032 0.0468509 0.0468995 0.0469489 0.046999 0.0470497 0.0471011 0.0471529 0.0472052 0.0472578 0.0473108 0.0473639 0.0474173 0.0474708 0.0475242 0.0475777 0.0476311 0.0476844 0.0477374 0.0477902 0.0478427 0.0478948 0.0479465 0.0479978 0.0480485 0.0480987 0.0481484 0.0481973 0.0482456 0.0482932 0.04834 0.0483861 0.0484313 0.0484757 0.0485193 0.0485619 0.0486036 0.0486443 0.0486841 0.0487229 0.0487607 0.0487974 0.0488332 0.0488678 0.0489014 0.0489339 0.0489653 0.0489956 0.0490247 0.0490528 0.0490797 0.0491055 0.0491301 0.0491536 0.0491759 0.0491971 0.0492171 0.0492359 0.0492536 0.0492701 0.0492854 0.0492995 0.0493125 0.0493243 0.0493349 0.0493443 0.0493526 0.0493597 0.0493656 0.0493703 0.0493738 0.0493762 0.0493774 
0.049362 0.0493607 0.0493583 0.0493547 0.0493498 0.0493438 0.0493365 0.049328 0.0493183 0.0493074 0.0492952 0.0492819 0.0492673 0.0492516 0.0492346 0.0492164 0.0491971 0.0491765 0.0491547 0.0491317 0.0491076 0.0490822 0.0490557 0.049028 0.0489991 0.0489691 0.0489379 0.0489056 0.0488721 0.0488375 0.0488019 0.0487651 0.0487272 0.0486883 0.0486483 0.0486073 0.0485653 0.0485223 0.0484784 0.0484335 0.0483877 0.0483411 0.0482936 0.0482452 0.0481962 0.0481463 0.0480958 0.0480446 0.0479928 0.0479404 0.0478874 0.047834 0.0477802 0.047726 0.0476714 0.0476166 0.0475616 0.0475064 0.0474511 0.0473958 0.0473405 0.0472854 0.0472304 0.0471756 0.0471211 0.047067 0.0470134 0.0469602 0.0469077 0.0468558 0.0468047 0.0467543 0.0467049 0.0466564 0.046609 0.0465626 0.0465175 0.0464736 0.046431 0.0463898 0.0463501 0.0463119 0.0462753 0.0462404 0.0462072 0.0461757 0.0461461 0.0461184 0.0460925 0.0460687 0.0460469 0.0460272 0.0460095 0.045994 0.0459807 0.0459695 0.0459606 0.0459538 0.0459493 0.0459471 0.0459471 0.0459493 0.0459538 0.0459606 0.0459695 0.0459807 0.045994 0.0460095 0.0460272 0.0460469 0.0460687 0.0460925 0.0461184 0.0461461 0.0461757 0.0462072 0.0462404 0.0462753 0.0463119 0.0463501 0.0463898 0.046431 0.0464736 0.0465175 0.0465626 0.046609 0.0466564 0.0467049 0.0467543 0.0468047 0.0468558 0.0469077 0.0469602 0.0470134 0.047067 0.0471211 0.0471756 0.0472304 0.0472854 0.0473405 0.0473958 0.0474511 0.0475064 0.0475616 0.0476166 0.0476714 0.047726 0.0477802 0.047834 0.0478874 0.0479404 0.0479928 0.0480446 0.0480958 0.0481463 0.0481962 0.0482452 0.0482936 0.0483411 0.0483877 0.0484335 0.0484784 0.0485223 0.0485653 0.0486073 0.0486483 0.0486883 0.0487272 0.0487651 0.0488019 0.0488375 0.0488721 0.0489056 0.0489379 0.0489691 0.0489991 0.049028 0.0490557 0.0490822 0.0491076 0.0491317 0.0491547 0.0491765 0.0491971 0.0492164 0.0492346 0.0492516 0.0492673 0.0492819 0.0492952 0.0493074 0.0493183 0.049328 0.0493365 0.0493438 0.0493498 0.0493547 0.0493583 0.0493607 0.049362 
0.0493457 0.0493444 0.0493419 0.0493382 0.0493332 0.0493269 0.0493194 0.0493107 0.0493007 0.0492895 0.049277 0.0492632 0.0492483 0.049232 0.0492146 0.0491959 0.0491759 0.0491547 0.0491323 0.0491086 0.0490838 0.0490576 0.0490303 0.0490018 0.048972 0.0489411 0.0489089 0.0488756 0.0488411 0.0488055 0.0487687 0.0487308 0.0486917 0.0486516 0.0486104 0.0485681 0.0485247 0.0484804 0.048435 0.0483887 0.0483415 0.0482933 0.0482443 0.0481944 0.0481437 0.0480922 0.04804 0.0479871 0.0479336 0.0478794 0.0478247 0.0477695 0.0477139 0.0476578 0.0476014 0.0475447 0.0474878 0.0474307 0.0473735 0.0473162 0.047259 0.0472019 0.0471449 0.0470882 0.0470318 0.0469758 0.0469202 0.0468651 0.0468107 0.0467569 0.0467039 0.0466517 0.0466004 0.0465502 0.0465009 0.0464529 0.046406 0.0463605 0.0463163 0.0462735 0.0462323 0.0461927 0.0461547 0.0461184 0.0460839 0.0460512 0.0460204 0.0459916 0.0459648 0.0459401 0.0459174 0.0458969 0.0458786 0.0458625 0.0458486 0.045837 0.0458277 0.0458207 0.045816 0.0458137 0.0458137 0.045816 0.0458207 0.0458277 0.045837 0.0458486 0.0458625 0.0458786 0.0458969 0.0459174 0.0459401 0.0459648 0.0459916 0.0460204 0.0460512 0.0460839 0.0461184 0.0461547 0.0461927 0.0462323 0.0462735 0.0463163 0.0463605 0.046406 0.0464529 0.0465009 0.0465502 0.0466004 0.0466517 0.0467039 0.0467569 0.0468107 0.0468651 0.0469202 0.0469758 0.0470318 0.0470882 0.0471449 0.0472019 0.047259 0.0473162 0.0473735 0.0474307 0.0474878 0.0475447 0.0476014 0.0476578 0.0477139 0.0477695 0.0478247 0.0478794 0.0479336 0.0479871 0.04804 0.0480922 0.0481437 0.0481944 0.0482443 0.0482933 0.0483415 0.0483887 0.048435 0.0484804 0.0485247 0.0485681 0.0486104 0.0486516 0.0486917 0.0487308 0.0487687 0.0488055 0.0488411 0.0488756 0.0489089 0.0489411 0.048972 0.0490018 0.0490303 0.0490576 0.0490838 0.0491086 0.0491323 0.0491547 0.0491759 0.0491959 0.0492146 0.049232 0.0492483 0.0492632 0.049277 0.0492895 0.0493007 0.0493107 0.0493194 0.0493269 0.0493332 0.0493382 0.0493419 0.0493444 0.0493457 
0.0493285 0.0493272 0.0493246 0.0493208 0.0493156 0.0493092 0.0493015 0.0492925 0.0492822 0.0492706 0.0492577 0.0492436 0.0492281 0.0492114 0.0491934 0.0491741 0.0491536 0.0491317 0.0491086 0.0490843 0.0490586 0.0490317 0.0490035 0.0489741 0.0489434 0.0489115 0.0488784 0.048844 0.0488084 0.0487716 0.0487337 0.0486945 0.0486543 0.0486128 0.0485703 0.0485266 0.0484819 0.0484361 0.0483893 0.0483414 0.0482926 0.0482429 0.0481922 0.0481406 0.0480882 0.048035 0.0479811 0.0479264 0.047871 0.047815 0.0477584 0.0477013 0.0476437 0.0475857 0.0475273 0.0474686 0.0474097 0.0473505 0.0472913 0.047232 0.0471727 0.0471135 0.0470545 0.0469957 0.0469372 0.0468791 0.0468214 0.0467643 0.0467079 0.0466521 0.046597 0.0465429 0.0464897 0.0464375 0.0463864 0.0463365 0.0462878 0.0462405 0.0461946 0.0461502 0.0461074 0.0460661 0.0460267 0.0459889 0.0459531 0.0459191 0.0458871 0.0458572 0.0458293 0.0458035 0.04578 0.0457586 0.0457396 0.0457228 0.0457084 0.0456963 0.0456866 0.0456793 0.0456745 0.045672 0.045672 0.0456745 0.0456793 0.0456866 0.0456963 0.0457084 0.0457228 0.0457396 0.0457586 0.04578 0.0458035 0.0458293 0.0458572 0.0458871 0.0459191 0.0459531 0.0459889 0.0460267 0.0460661 0.0461074 0.0461502 0.0461946 0.0462405 0.0462878 0.0463365 0.0463864 0.0464375 0.0464897 0.0465429 0.046597 0.0466521 0.0467079 0.0467643 0.0468214 0.0468791 0.0469372 0.0469957 0.0470545 0.0471135 0.0471727 0.047232 0.0472913 0.0473505 0.0474097 0.0474686 0.0475273 0.0475857 0.0476437 0.0477013 0.0477584 0.047815 0.047871 0.0479264 0.0479811 0.048035 0.0480882 0.0481406 0.0481922 0.0482429 0.0482926 0.0483414 0.0483893 0.0484361 0.0484819 0.0485266 0.0485703 0.0486128 0.0486543 0.0486945 0.0487337 0.0487716 0.0488084 0.048844 0.0488784 0.0489115 0.0489434 0.0489741 0.0490035 0.0490317 0.0490586 0.0490843 0.0491086 0.0491317 0.0491536 0.0491741 0.0491934 0.0492114 0.0492281 0.0492436 0.0492577 0.0492706 0.0492822 0.0492925 0.0493015 0.0493092 0.0493156 0.0493208 0.0493246 0.0493272 0.0493285 
