0.0492015 0.0492003 0.049198 0.0491945 0.0491898 0.0491839 0.0491769 0.0491687 0.0491593 0.0491488 0.0491371 0.0491243 0.0491103 0.0490952 0.0490789 0.0490615 0.049043 0.0490233 0.0490026 0.0489807 0.0489578 0.0489338 0.0489087 0.0488826 0.0488554 0.0488271 0.0487979 0.0487677 0.0487364 0.0487042 0.0486711 0.048637 0.048602 0.0485662 0.0485294 0.0484919 0.0484535 0.0484143 0.0483743 0.0483337 0.0482923 0.0482502 0.0482075 0.0481643 0.0481204 0.048076 0.0480311 0.0479858 0.04794 0.0478939 0.0478475 0.0478007 0.0477538 0.0477066 0.0476593 0.0476119 0.0475644 0.047517 0.0474696 0.0474223 0.0473752 0.0473283 0.0472817 0.0472354 0.0471895 0.047144 0.047099 0.0470546 0.0470107 0.0469676 0.0469251 0.0468834 0.0468426 0.0468027 0.0467637 0.0467256 0.0466887 0.0466528 0.0466181 0.0465846 0.0465523 0.0465214 0.0464917 0.0464635 0.0464367 0.0464114 0.0463875 0.0463652 0.0463445 0.0463254 0.046308 0.0462922 0.0462781 0.0462657 0.0462551 0.0462462 0.046239 0.0462336 0.0462301 0.0462283 0.0462283 0.0462301 0.0462336 0.046239 0.0462462 0.0462551 0.0462657 0.0462781 0.0462922 0.046308 0.0463254 0.0463445 0.0463652 0.0463875 0.0464114 0.0464367 0.0464635 0.0464917 0.0465214 0.0465523 0.0465846 0.0466181 0.0466528 0.0466887 0.0467256 0.0467637 0.0468027 0.0468426 0.0468834 0.0469251 0.0469676 0.0470107 0.0470546 0.047099 0.047144 0.0471895 0.0472354 0.0472817 0.0473283 0.0473752 0.0474223 0.0474696 0.047517 0.0475644 0.0476119 0.0476593 0.0477066 0.0477538 0.0478007 0.0478475 0.0478939 0.04794 0.0479858 0.0480311 0.048076 0.0481204 0.0481643 0.0482075 0.0482502 0.0482923 0.0483337 0.0483743 0.0484143 0.0484535 0.0484919 0.0485294 0.0485662 0.048602 0.048637 0.0486711 0.0487042 0.0487364 0.0487677 0.0487979 0.0488271 0.0488554 0.0488826 0.0489087 0.0489338 0.0489578 0.0489807 0.0490026 0.0490233 0.049043 0.0490615 0.0490789 0.0490952 0.0491103 0.0491243 0.0491371 0.0491488 0.0491593 0.0491687 0.0491769 0.0491839 0.0491898 0.0491945 0.049198 0.0492003 0.0492015 
0.0492003 0.0491992 0.0491968 0.0491933 0.0491886 0.0491827 0.0491757 0.0491674 0.0491581 0.0491475 0.0491358 0.049123 0.0491089 0.0490938 0.0490775 0.0490601 0.0490415 0.0490218 0.0490011 0.0489792 0.0489562 0.0489321 0.048907 0.0488808 0.0488536 0.0488253 0.048796 0.0487657 0.0487344 0.0487022 0.0486689 0.0486348 0.0485998 0.0485638 0.048527 0.0484894 0.0484509 0.0484116 0.0483716 0.0483309 0.0482894 0.0482473 0.0482045 0.0481611 0.0481172 0.0480727 0.0480277 0.0479823 0.0479364 0.0478902 0.0478437 0.0477968 0.0477498 0.0477025 0.0476551 0.0476076 0.04756 0.0475125 0.047465 0.0474176 0.0473704 0.0473234 0.0472767 0.0472302 0.0471842 0.0471386 0.0470936 0.047049 0.0470051 0.0469618 0.0469193 0.0468775 0.0468366 0.0467965 0.0467574 0.0467193 0.0466823 0.0466463 0.0466115 0.046578 0.0465456 0.0465146 0.0464849 0.0464566 0.0464297 0.0464043 0.0463804 0.0463581 0.0463373 0.0463182 0.0463007 0.0462849 0.0462707 0.0462583 0.0462476 0.0462387 0.0462315 0.0462262 0.0462226 0.0462208 0.0462208 0.0462226 0.0462262 0.0462315 0.0462387 0.0462476 0.0462583 0.0462707 0.0462849 0.0463007 0.0463182 0.0463373 0.0463581 0.0463804 0.0464043 0.0464297 0.0464566 0.0464849 0.0465146 0.0465456 0.046578 0.0466115 0.0466463 0.0466823 0.0467193 0.0467574 0.0467965 0.0468366 0.0468775 0.0469193 0.0469618 0.0470051 0.047049 0.0470936 0.0471386 0.0471842 0.0472302 0.0472767 0.0473234 0.0473704 0.0474176 0.047465 0.0475125 0.04756 0.0476076 0.0476551 0.0477025 0.0477498 0.0477968 0.0478437 0.0478902 0.0479364 0.0479823 0.0480277 0.0480727 0.0481172 0.0481611 0.0482045 0.0482473 0.0482894 0.0483309 0.0483716 0.0484116 0.0484509 0.0484894 0.048527 0.0485638 0.0485998 0.0486348 0.0486689 0.0487022 0.0487344 0.0487657 0.048796 0.0488253 0.0488536 0.0488808 0.048907 0.0489321 0.0489562 0.0489792 0.0490011 0.0490218 0.0490415 0.0490601 0.0490775 0.0490938 0.0491089 0.049123 0.0491358 0.0491475 0.0491581 0.0491674 0.0491757 0.0491827 0.0491886 0.0491933 0.0491968 0.0491992 0.0492003 
0.049198 0.0491968 0.0491945 0.0491909 0.0491862 0.0491803 0.0491732 0.049165 0.0491556 0.049145 0.0491332 0.0491203 0.0491063 0.0490911 0.0490747 0.0490572 0.0490386 0.0490188 0.048998 0.048976 0.048953 0.0489288 0.0489036 0.0488773 0.0488499 0.0488216 0.0487922 0.0487617 0.0487303 0.048698 0.0486646 0.0486304 0.0485952 0.0485591 0.0485222 0.0484844 0.0484457 0.0484063 0.0483662 0.0483252 0.0482836 0.0482413 0.0481984 0.0481548 0.0481107 0.048066 0.0480209 0.0479752 0.0479292 0.0478828 0.0478361 0.047789 0.0477418 0.0476943 0.0476467 0.047599 0.0475512 0.0475035 0.0474558 0.0474082 0.0473608 0.0473135 0.0472666 0.04722 0.0471738 0.047128 0.0470827 0.047038 0.0469938 0.0469504 0.0469076 0.0468657 0.0468246 0.0467843 0.046745 0.0467068 0.0466695 0.0466334 0.0465985 0.0465647 0.0465322 0.046501 0.0464712 0.0464427 0.0464157 0.0463902 0.0463662 0.0463438 0.0463229 0.0463037 0.0462861 0.0462702 0.046256 0.0462435 0.0462328 0.0462238 0.0462166 0.0462112 0.0462076 0.0462058 0.0462058 0.0462076 0.0462112 0.0462166 0.0462238 0.0462328 0.0462435 0.046256 0.0462702 0.0462861 0.0463037 0.0463229 0.0463438 0.0463662 0.0463902 0.0464157 0.0464427 0.0464712 0.046501 0.0465322 0.0465647 0.0465985 0.0466334 0.0466695 0.0467068 0.046745 0.0467843 0.0468246 0.0468657 0.0469076 0.0469504 0.0469938 0.047038 0.0470827 0.047128 0.0471738 0.04722 0.0472666 0.0473135 0.0473608 0.0474082 0.0474558 0.0475035 0.0475512 0.047599 0.0476467 0.0476943 0.0477418 0.047789 0.0478361 0.0478828 0.0479292 0.0479752 0.0480209 0.048066 0.0481107 0.0481548 0.0481984 0.0482413 0.0482836 0.0483252 0.0483662 0.0484063 0.0484457 0.0484844 0.0485222 0.0485591 0.0485952 0.0486304 0.0486646 0.048698 0.0487303 0.0487617 0.0487922 0.0488216 0.0488499 0.0488773 0.0489036 0.0489288 0.048953 0.048976 0.048998 0.0490188 0.0490386 0.0490572 0.0490747 0.0490911 0.0491063 0.0491203 0.0491332 0.049145 0.0491556 0.049165 0.0491732 0.0491803 0.0491862 0.0491909 0.0491945 0.0491968 0.049198 
0.0491945 0.0491933 0.0491909 0.0491874 0.0491826 0.0491767 0.0491696 0.0491613 0.0491518 0.0491412 0.0491294 0.0491164 0.0491023 0.049087 0.0490705 0.0490529 0.0490342 0.0490144 0.0489934 0.0489713 0.0489481 0.0489238 0.0488985 0.048872 0.0488445 0.048816 0.0487864 0.0487558 0.0487243 0.0486917 0.0486582 0.0486237 0.0485883 0.048552 0.0485149 0.0484769 0.048438 0.0483984 0.048358 0.0483168 0.0482749 0.0482324 0.0481892 0.0481454 0.048101 0.048056 0.0480106 0.0479647 0.0479184 0.0478717 0.0478247 0.0477773 0.0477298 0.047682 0.0476341 0.0475861 0.047538 0.04749 0.0474419 0.047394 0.0473463 0.0472988 0.0472515 0.0472046 0.0471581 0.047112 0.0470664 0.0470214 0.0469769 0.0469332 0.0468901 0.0468479 0.0468065 0.046766 0.0467264 0.0466879 0.0466504 0.046614 0.0465788 0.0465448 0.0465121 0.0464807 0.0464506 0.046422 0.0463948 0.0463691 0.0463449 0.0463223 0.0463013 0.0462819 0.0462642 0.0462482 0.0462338 0.0462213 0.0462105 0.0462014 0.0461942 0.0461887 0.0461851 0.0461833 0.0461833 0.0461851 0.0461887 0.0461942 0.0462014 0.0462105 0.0462213 0.0462338 0.0462482 0.0462642 0.0462819 0.0463013 0.0463223 0.0463449 0.0463691 0.0463948 0.046422 0.0464506 0.0464807 0.0465121 0.0465448 0.0465788 0.046614 0.0466504 0.0466879 0.0467264 0.046766 0.0468065 0.0468479 0.0468901 0.0469332 0.0469769 0.0470214 0.0470664 0.047112 0.0471581 0.0472046 0.0472515 0.0472988 0.0473463 0.047394 0.0474419 0.04749 0.047538 0.0475861 0.0476341 0.047682 0.0477298 0.0477773 0.0478247 0.0478717 0.0479184 0.0479647 0.0480106 0.048056 0.048101 0.0481454 0.0481892 0.0482324 0.0482749 0.0483168 0.048358 0.0483984 0.048438 0.0484769 0.0485149 0.048552 0.0485883 0.0486237 0.0486582 0.0486917 0.0487243 0.0487558 0.0487864 0.048816 0.0488445 0.048872 0.0488985 0.0489238 0.0489481 0.0489713 0.0489934 0.0490144 0.0490342 0.0490529 0.0490705 0.049087 0.0491023 0.0491164 0.0491294 0.0491412 0.0491518 0.0491613 0.0491696 0.0491767 0.0491826 0.0491874 0.0491909 0.0491933 0.0491945 
0.0491898 0.0491886 0.0491862 0.0491826 0.0491778 0.0491719 0.0491647 0.0491563 0.0491468 0.0491361 0.0491242 0.0491111 0.0490969 0.0490815 0.0490649 0.0490472 0.0490284 0.0490084 0.0489873 0.048965 0.0489416 0.0489172 0.0488916 0.048865 0.0488373 0.0488086 0.0487788 0.048748 0.0487161 0.0486833 0.0486496 0.0486148 0.0485792 0.0485426 0.0485052 0.0484669 0.0484277 0.0483878 0.048347 0.0483056 0.0482634 0.0482205 0.0481769 0.0481328 0.048088 0.0480427 0.0479969 0.0479507 0.047904 0.0478569 0.0478095 0.0477617 0.0477138 0.0476656 0.0476173 0.0475689 0.0475204 0.0474719 0.0474235 0.0473752 0.047327 0.0472791 0.0472314 0.0471841 0.0471372 0.0470907 0.0470446 0.0469992 0.0469544 0.0469102 0.0468668 0.0468242 0.0467824 0.0467415 0.0467016 0.0466627 0.0466248 0.0465881 0.0465526 0.0465183 0.0464852 0.0464535 0.0464232 0.0463943 0.0463668 0.0463408 0.0463164 0.0462936 0.0462724 0.0462528 0.0462349 0.0462188 0.0462043 0.0461916 0.0461807 0.0461716 0.0461643 0.0461588 0.0461551 0.0461533 0.0461533 0.0461551 0.0461588 0.0461643 0.0461716 0.0461807 0.0461916 0.0462043 0.0462188 0.0462349 0.0462528 0.0462724 0.0462936 0.0463164 0.0463408 0.0463668 0.0463943 0.0464232 0.0464535 0.0464852 0.0465183 0.0465526 0.0465881 0.0466248 0.0466627 0.0467016 0.0467415 0.0467824 0.0468242 0.0468668 0.0469102 0.0469544 0.0469992 0.0470446 0.0470907 0.0471372 0.0471841 0.0472314 0.0472791 0.047327 0.0473752 0.0474235 0.0474719 0.0475204 0.0475689 0.0476173 0.0476656 0.0477138 0.0477617 0.0478095 0.0478569 0.047904 0.0479507 0.0479969 0.0480427 0.048088 0.0481328 0.0481769 0.0482205 0.0482634 0.0483056 0.048347 0.0483878 0.0484277 0.0484669 0.0485052 0.0485426 0.0485792 0.0486148 0.0486496 0.0486833 0.0487161 0.048748 0.0487788 0.0488086 0.0488373 0.048865 0.0488916 0.0489172 0.0489416 0.048965 0.0489873 0.0490084 0.0490284 0.0490472 0.0490649 0.0490815 0.0490969 0.0491111 0.0491242 0.0491361 0.0491468 0.0491563 0.0491647 0.0491719 0.0491778 0.0491826 0.0491862 0.0491886 0.0491898 
0.0491839 0.0491827 0.0491803 0.0491767 0.0491719 0.0491658 0.0491586 0.0491502 0.0491406 0.0491298 0.0491178 0.0491046 0.0490902 0.0490747 0.049058 0.0490401 0.0490211 0.0490009 0.0489796 0.0489571 0.0489336 0.0489089 0.0488831 0.0488562 0.0488283 0.0487993 0.0487692 0.0487381 0.048706 0.0486729 0.0486388 0.0486038 0.0485678 0.0485309 0.048493 0.0484544 0.0484149 0.0483745 0.0483334 0.0482915 0.0482489 0.0482056 0.0481616 0.048117 0.0480718 0.0480261 0.0479798 0.0479331 0.0478859 0.0478383 0.0477904 0.0477422 0.0476938 0.0476451 0.0475963 0.0475473 0.0474984 0.0474494 0.0474004 0.0473516 0.0473029 0.0472545 0.0472063 0.0471584 0.047111 0.047064 0.0470174 0.0469715 0.0469262 0.0468815 0.0468376 0.0467945 0.0467522 0.0467109 0.0466705 0.0466311 0.0465928 0.0465557 0.0465197 0.046485 0.0464516 0.0464195 0.0463888 0.0463596 0.0463318 0.0463055 0.0462808 0.0462577 0.0462362 0.0462164 0.0461983 0.046182 0.0461673 0.0461545 0.0461434 0.0461342 0.0461268 0.0461212 0.0461175 0.0461157 0.0461157 0.0461175 0.0461212 0.0461268 0.0461342 0.0461434 0.0461545 0.0461673 0.046182 0.0461983 0.0462164 0.0462362 0.0462577 0.0462808 0.0463055 0.0463318 0.0463596 0.0463888 0.0464195 0.0464516 0.046485 0.0465197 0.0465557 0.0465928 0.0466311 0.0466705 0.0467109 0.0467522 0.0467945 0.0468376 0.0468815 0.0469262 0.0469715 0.0470174 0.047064 0.047111 0.0471584 0.0472063 0.0472545 0.0473029 0.0473516 0.0474004 0.0474494 0.0474984 0.0475473 0.0475963 0.0476451 0.0476938 0.0477422 0.0477904 0.0478383 0.0478859 0.0479331 0.0479798 0.0480261 0.0480718 0.048117 0.0481616 0.0482056 0.0482489 0.0482915 0.0483334 0.0483745 0.0484149 0.0484544 0.048493 0.0485309 0.0485678 0.0486038 0.0486388 0.0486729 0.048706 0.0487381 0.0487692 0.0487993 0.0488283 0.0488562 0.0488831 0.0489089 0.0489336 0.0489571 0.0489796 0.0490009 0.0490211 0.0490401 0.049058 0.0490747 0.0490902 0.0491046 0.0491178 0.0491298 0.0491406 0.0491502 0.0491586 0.0491658 0.0491719 0.0491767 0.0491803 0.0491827 0.0491839 
0.0491769 0.0491757 0.0491732 0.0491696 0.0491647 0.0491586 0.0491513 0.0491428 0.0491331 0.0491222 0.04911 0.0490967 0.0490822 0.0490665 0.0490496 0.0490316 0.0490123 0.0489919 0.0489704 0.0489477 0.0489239 0.0488989 0.0488729 0.0488457 0.0488175 0.0487881 0.0487577 0.0487263 0.0486938 0.0486604 0.0486259 0.0485904 0.048554 0.0485167 0.0484785 0.0484394 0.0483994 0.0483586 0.048317 0.0482747 0.0482315 0.0481877 0.0481432 0.0480981 0.0480524 0.0480061 0.0479593 0.047912 0.0478642 0.0478161 0.0477676 0.0477188 0.0476697 0.0476205 0.047571 0.0475215 0.0474719 0.0474223 0.0473727 0.0473233 0.047274 0.0472249 0.0471761 0.0471276 0.0470795 0.0470319 0.0469848 0.0469382 0.0468923 0.046847 0.0468025 0.0467588 0.046716 0.0466741 0.0466331 0.0465932 0.0465544 0.0465168 0.0464803 0.0464451 0.0464112 0.0463787 0.0463476 0.0463179 0.0462897 0.0462631 0.046238 0.0462146 0.0461928 0.0461727 0.0461544 0.0461378 0.0461229 0.0461099 0.0460987 0.0460893 0.0460818 0.0460762 0.0460724 0.0460705 0.0460705 0.0460724 0.0460762 0.0460818 0.0460893 0.0460987 0.0461099 0.0461229 0.0461378 0.0461544 0.0461727 0.0461928 0.0462146 0.046238 0.0462631 0.0462897 0.0463179 0.0463476 0.0463787 0.0464112 0.0464451 0.0464803 0.0465168 0.0465544 0.0465932 0.0466331 0.0466741 0.046716 0.0467588 0.0468025 0.046847 0.0468923 0.0469382 0.0469848 0.0470319 0.0470795 0.0471276 0.0471761 0.0472249 0.047274 0.0473233 0.0473727 0.0474223 0.0474719 0.0475215 0.047571 0.0476205 0.0476697 0.0477188 0.0477676 0.0478161 0.0478642 0.047912 0.0479593 0.0480061 0.0480524 0.0480981 0.0481432 0.0481877 0.0482315 0.0482747 0.048317 0.0483586 0.0483994 0.0484394 0.0484785 0.0485167 0.048554 0.0485904 0.0486259 0.0486604 0.0486938 0.0487263 0.0487577 0.0487881 0.0488175 0.0488457 0.0488729 0.0488989 0.0489239 0.0489477 0.0489704 0.0489919 0.0490123 0.0490316 0.0490496 0.0490665 0.0490822 0.0490967 0.04911 0.0491222 0.0491331 0.0491428 0.0491513 0.0491586 0.0491647 0.0491696 0.0491732 0.0491757 0.0491769 
0.0491687 0.0491674 0.049165 0.0491613 0.0491563 0.0491502 0.0491428 0.0491342 0.0491244 0.0491133 0.049101 0.0490875 0.0490729 0.049057 0.0490399 0.0490216 0.0490021 0.0489815 0.0489597 0.0489367 0.0489126 0.0488873 0.0488609 0.0488334 0.0488048 0.0487751 0.0487443 0.0487125 0.0486796 0.0486457 0.0486108 0.0485749 0.0485381 0.0485002 0.0484615 0.0484219 0.0483814 0.0483401 0.0482979 0.048255 0.0482113 0.0481669 0.0481218 0.0480761 0.0480297 0.0479828 0.0479353 0.0478874 0.0478389 0.0477901 0.047741 0.0476915 0.0476417 0.0475917 0.0475416 0.0474913 0.047441 0.0473907 0.0473404 0.0472902 0.0472402 0.0471904 0.0471408 0.0470916 0.0470428 0.0469945 0.0469466 0.0468993 0.0468527 0.0468067 0.0467616 0.0467172 0.0466737 0.0466311 0.0465895 0.046549 0.0465096 0.0464713 0.0464343 0.0463985 0.046364 0.046331 0.0462994 0.0462692 0.0462406 0.0462135 0.046188 0.0461642 0.0461421 0.0461216 0.046103 0.0460861 0.046071 0.0460578 0.0460464 0.0460368 0.0460292 0.0460235 0.0460196 0.0460177 0.0460177 0.0460196 0.0460235 0.0460292 0.0460368 0.0460464 0.0460578 0.046071 0.0460861 0.046103 0.0461216 0.0461421 0.0461642 0.046188 0.0462135 0.0462406 0.0462692 0.0462994 0.046331 0.046364 0.0463985 0.0464343 0.0464713 0.0465096 0.046549 0.0465895 0.0466311 0.0466737 0.0467172 0.0467616 0.0468067 0.0468527 0.0468993 0.0469466 0.0469945 0.0470428 0.0470916 0.0471408 0.0471904 0.0472402 0.0472902 0.0473404 0.0473907 0.047441 0.0474913 0.0475416 0.0475917 0.0476417 0.0476915 0.047741 0.0477901 0.0478389 0.0478874 0.0479353 0.0479828 0.0480297 0.0480761 0.0481218 0.0481669 0.0482113 0.048255 0.0482979 0.0483401 0.0483814 0.0484219 0.0484615 0.0485002 0.0485381 0.0485749 0.0486108 0.0486457 0.0486796 0.0487125 0.0487443 0.0487751 0.0488048 0.0488334 0.0488609 0.0488873 0.0489126 0.0489367 0.0489597 0.0489815 0.0490021 0.0490216 0.0490399 0.049057 0.0490729 0.0490875 0.049101 0.0491133 0.0491244 0.0491342 0.0491428 0.0491502 0.0491563 0.0491613 0.049165 0.0491674 0.0491687 
0.0491593 0.0491581 0.0491556 0.0491518 0.0491468 0.0491406 0.0491331 0.0491244 0.0491144 0.0491032 0.0490907 0.0490771 0.0490622 0.0490461 0.0490287 0.0490102 0.0489905 0.0489695 0.0489474 0.0489241 0.0488997 0.0488741 0.0488473 0.0488194 0.0487904 0.0487603 0.0487291 0.0486968 0.0486634 0.048629 0.0485936 0.0485572 0.0485198 0.0484814 0.0484421 0.0484019 0.0483608 0.0483188 0.0482761 0.0482325 0.0481881 0.0481431 0.0480973 0.0480508 0.0480038 0.0479561 0.0479079 0.0478592 0.04781 0.0477604 0.0477105 0.0476602 0.0476096 0.0475589 0.0475079 0.0474568 0.0474057 0.0473545 0.0473034 0.0472524 0.0472015 0.0471509 0.0471005 0.0470505 0.0470008 0.0469516 0.046903 0.0468549 0.0468074 0.0467607 0.0467147 0.0466695 0.0466252 0.0465819 0.0465396 0.0464983 0.0464582 0.0464192 0.0463815 0.0463451 0.04631 0.0462764 0.0462442 0.0462134 0.0461843 0.0461567 0.0461308 0.0461065 0.046084 0.0460632 0.0460441 0.0460269 0.0460116 0.0459981 0.0459865 0.0459768 0.045969 0.0459631 0.0459592 0.0459573 0.0459573 0.0459592 0.0459631 0.045969 0.0459768 0.0459865 0.0459981 0.0460116 0.0460269 0.0460441 0.0460632 0.046084 0.0461065 0.0461308 0.0461567 0.0461843 0.0462134 0.0462442 0.0462764 0.04631 0.0463451 0.0463815 0.0464192 0.0464582 0.0464983 0.0465396 0.0465819 0.0466252 0.0466695 0.0467147 0.0467607 0.0468074 0.0468549 0.046903 0.0469516 0.0470008 0.0470505 0.0471005 0.0471509 0.0472015 0.0472524 0.0473034 0.0473545 0.0474057 0.0474568 0.0475079 0.0475589 0.0476096 0.0476602 0.0477105 0.0477604 0.04781 0.0478592 0.0479079 0.0479561 0.0480038 0.0480508 0.0480973 0.0481431 0.0481881 0.0482325 0.0482761 0.0483188 0.0483608 0.0484019 0.0484421 0.0484814 0.0485198 0.0485572 0.0485936 0.048629 0.0486634 0.0486968 0.0487291 0.0487603 0.0487904 0.0488194 0.0488473 0.0488741 0.0488997 0.0489241 0.0489474 0.0489695 0.0489905 0.0490102 0.0490287 0.0490461 0.0490622 0.0490771 0.0490907 0.0491032 0.0491144 0.0491244 0.0491331 0.0491406 0.0491468 0.0491518 0.0491556 0.0491581 0.0491593 
0.0491488 0.0491475 0.049145 0.0491412 0.0491361 0.0491298 0.0491222 0.0491133 0.0491032 0.0490918 0.0490792 0.0490653 0.0490502 0.0490338 0.0490162 0.0489974 0.0489774 0.0489561 0.0489337 0.04891 0.0488852 0.0488592 0.048832 0.0488036 0.0487742 0.0487436 0.0487119 0.0486791 0.0486452 0.0486102 0.0485742 0.0485372 0.0484992 0.0484602 0.0484203 0.0483794 0.0483376 0.048295 0.0482515 0.0482072 0.0481621 0.0481162 0.0480697 0.0480224 0.0479746 0.0479261 0.0478771 0.0478275 0.0477775 0.047727 0.0476762 0.047625 0.0475736 0.0475219 0.04747 0.047418 0.0473659 0.0473138 0.0472618 0.0472098 0.047158 0.0471064 0.0470551 0.0470041 0.0469535 0.0469034 0.0468538 0.0468048 0.0467564 0.0467087 0.0466618 0.0466158 0.0465707 0.0465265 0.0464833 0.0464412 0.0464003 0.0463606 0.0463221 0.0462849 0.0462492 0.0462148 0.0461819 0.0461506 0.0461208 0.0460927 0.0460662 0.0460415 0.0460184 0.0459972 0.0459778 0.0459602 0.0459446 0.0459308 0.0459189 0.045909 0.0459011 0.0458951 0.0458911 0.0458891 0.0458891 0.0458911 0.0458951 0.0459011 0.045909 0.0459189 0.0459308 0.0459446 0.0459602 0.0459778 0.0459972 0.0460184 0.0460415 0.0460662 0.0460927 0.0461208 0.0461506 0.0461819 0.0462148 0.0462492 0.0462849 0.0463221 0.0463606 0.0464003 0.0464412 0.0464833 0.0465265 0.0465707 0.0466158 0.0466618 0.0467087 0.0467564 0.0468048 0.0468538 0.0469034 0.0469535 0.0470041 0.0470551 0.0471064 0.047158 0.0472098 0.0472618 0.0473138 0.0473659 0.047418 0.04747 0.0475219 0.0475736 0.047625 0.0476762 0.047727 0.0477775 0.0478275 0.0478771 0.0479261 0.0479746 0.0480224 0.0480697 0.0481162 0.0481621 0.0482072 0.0482515 0.048295 0.0483376 0.0483794 0.0484203 0.0484602 0.0484992 0.0485372 0.0485742 0.0486102 0.0486452 0.0486791 0.0487119 0.0487436 0.0487742 0.0488036 0.048832 0.0488592 0.0488852 0.04891 0.0489337 0.0489561 0.0489774 0.0489974 0.0490162 0.0490338 0.0490502 0.0490653 0.0490792 0.0490918 0.0491032 0.0491133 0.0491222 0.0491298 0.0491361 0.0491412 0.049145 0.0491475 0.0491488 
0.0491371 0.0491358 0.0491332 0.0491294 0.0491242 0.0491178 0.04911 0.049101 0.0490907 0.0490792 0.0490663 0.0490522 0.0490368 0.0490202 0.0490023 0.0489832 0.0489628 0.0489412 0.0489184 0.0488943 0.0488691 0.0488426 0.0488149 0.0487861 0.0487561 0.048725 0.0486928 0.0486594 0.0486249 0.0485893 0.0485527 0.0485151 0.0484764 0.0484367 0.048396 0.0483544 0.0483119 0.0482685 0.0482242 0.0481791 0.0481331 0.0480864 0.048039 0.0479909 0.0479421 0.0478927 0.0478428 0.0477923 0.0477413 0.0476899 0.047638 0.0475859 0.0475334 0.0474807 0.0474278 0.0473748 0.0473217 0.0472685 0.0472154 0.0471624 0.0471095 0.0470569 0.0470045 0.0469525 0.0469009 0.0468497 0.0467991 0.046749 0.0466996 0.0466509 0.0466031 0.046556 0.0465099 0.0464648 0.0464207 0.0463777 0.0463358 0.0462952 0.0462559 0.046218 0.0461814 0.0461463 0.0461127 0.0460806 0.0460502 0.0460214 0.0459943 0.045969 0.0459455 0.0459238 0.0459039 0.045886 0.0458699 0.0458558 0.0458437 0.0458336 0.0458254 0.0458193 0.0458152 0.0458132 0.0458132 0.0458152 0.0458193 0.0458254 0.0458336 0.0458437 0.0458558 0.0458699 0.045886 0.0459039 0.0459238 0.0459455 0.045969 0.0459943 0.0460214 0.0460502 0.0460806 0.0461127 0.0461463 0.0461814 0.046218 0.0462559 0.0462952 0.0463358 0.0463777 0.0464207 0.0464648 0.0465099 0.046556 0.0466031 0.0466509 0.0466996 0.046749 0.0467991 0.0468497 0.0469009 0.0469525 0.0470045 0.0470569 0.0471095 0.0471624 0.0472154 0.0472685 0.0473217 0.0473748 0.0474278 0.0474807 0.0475334 0.0475859 0.047638 0.0476899 0.0477413 0.0477923 0.0478428 0.0478927 0.0479421 0.0479909 0.048039 0.0480864 0.0481331 0.0481791 0.0482242 0.0482685 0.0483119 0.0483544 0.048396 0.0484367 0.0484764 0.0485151 0.0485527 0.0485893 0.0486249 0.0486594 0.0486928 0.048725 0.0487561 0.0487861 0.0488149 0.0488426 0.0488691 0.0488943 0.0489184 0.0489412 0.0489628 0.0489832 0.0490023 0.0490202 0.0490368 0.0490522 0.0490663 0.0490792 0.0490907 0.049101 0.04911 0.0491178 0.0491242 0.0491294 0.0491332 0.0491358 0.0491371 
0.0491243 0.049123 0.0491203 0.0491164 0.0491111 0.0491046 0.0490967 0.0490875 0.0490771 0.0490653 0.0490522 0.0490379 0.0490222 0.0490053 0.0489871 0.0489676 0.0489468 0.0489248 0.0489016 0.0488771 0.0488513 0.0488244 0.0487962 0.0487669 0.0487363 0.0487046 0.0486718 0.0486378 0.0486026 0.0485664 0.0485291 0.0484907 0.0484513 0.0484108 0.0483694 0.0483269 0.0482836 0.0482393 0.0481941 0.0481481 0.0481013 0.0480537 0.0480053 0.0479562 0.0479064 0.047856 0.047805 0.0477535 0.0477015 0.047649 0.0475961 0.0475428 0.0474892 0.0474354 0.0473814 0.0473272 0.0472729 0.0472187 0.0471644 0.0471102 0.0470562 0.0470024 0.0469489 0.0468957 0.0468429 0.0467905 0.0467388 0.0466876 0.046637 0.0465873 0.0465383 0.0464902 0.046443 0.0463968 0.0463516 0.0463076 0.0462648 0.0462232 0.046183 0.0461441 0.0461067 0.0460707 0.0460363 0.0460035 0.0459723 0.0459428 0.0459151 0.0458891 0.045865 0.0458428 0.0458224 0.045804 0.0457876 0.0457731 0.0457607 0.0457503 0.045742 0.0457357 0.0457316 0.0457295 0.0457295 0.0457316 0.0457357 0.045742 0.0457503 0.0457607 0.0457731 0.0457876 0.045804 0.0458224 0.0458428 0.045865 0.0458891 0.0459151 0.0459428 0.0459723 0.0460035 0.0460363 0.0460707 0.0461067 0.0461441 0.046183 0.0462232 0.0462648 0.0463076 0.0463516 0.0463968 0.046443 0.0464902 0.0465383 0.0465873 0.046637 0.0466876 0.0467388 0.0467905 0.0468429 0.0468957 0.0469489 0.0470024 0.0470562 0.0471102 0.0471644 0.0472187 0.0472729 0.0473272 0.0473814 0.0474354 0.0474892 0.0475428 0.0475961 0.047649 0.0477015 0.0477535 0.047805 0.047856 0.0479064 0.0479562 0.0480053 0.0480537 0.0481013 0.0481481 0.0481941 0.0482393 0.0482836 0.0483269 0.0483694 0.0484108 0.0484513 0.0484907 0.0485291 0.0485664 0.0486026 0.0486378 0.0486718 0.0487046 0.0487363 0.0487669 0.0487962 0.0488244 0.0488513 0.0488771 0.0489016 0.0489248 0.0489468 0.0489676 0.0489871 0.0490053 0.0490222 0.0490379 0.0490522 0.0490653 0.0490771 0.0490875 0.0490967 0.0491046 0.0491111 0.0491164 0.0491203 0.049123 0.0491243 
0.0491103 0.0491089 0.0491063 0.0491023 0.0490969 0.0490902 0.0490822 0.0490729 0.0490622 0.0490502 0.0490368 0.0490222 0.0490062 0.048989 0.0489704 0.0489506 0.0489294 0.048907 0.0488832 0.0488583 0.048832 0.0488046 0.0487758 0.0487459 0.0487147 0.0486824 0.0486489 0.0486142 0.0485783 0.0485414 0.0485033 0.0484641 0.0484239 0.0483826 0.0483403 0.0482969 0.0482527 0.0482075 0.0481614 0.0481144 0.0480665 0.0480179 0.0479685 0.0479183 0.0478675 0.047816 0.0477638 0.0477112 0.047658 0.0476043 0.0475502 0.0474958 0.047441 0.0473859 0.0473307 0.0472752 0.0472197 0.0471642 0.0471087 0.0470532 0.0469979 0.0469428 0.046888 0.0468336 0.0467795 0.0467259 0.0466729 0.0466204 0.0465687 0.0465177 0.0464675 0.0464181 0.0463698 0.0463224 0.0462762 0.046231 0.0461871 0.0461445 0.0461032 0.0460634 0.0460249 0.0459881 0.0459527 0.0459191 0.0458871 0.0458568 0.0458284 0.0458018 0.045777 0.0457542 0.0457333 0.0457144 0.0456975 0.0456827 0.0456699 0.0456593 0.0456507 0.0456443 0.04564 0.0456379 0.0456379 0.04564 0.0456443 0.0456507 0.0456593 0.0456699 0.0456827 0.0456975 0.0457144 0.0457333 0.0457542 0.045777 0.0458018 0.0458284 0.0458568 0.0458871 0.0459191 0.0459527 0.0459881 0.0460249 0.0460634 0.0461032 0.0461445 0.0461871 0.046231 0.0462762 0.0463224 0.0463698 0.0464181 0.0464675 0.0465177 0.0465687 0.0466204 0.0466729 0.0467259 0.0467795 0.0468336 0.046888 0.0469428 0.0469979 0.0470532 0.0471087 0.0471642 0.0472197 0.0472752 0.0473307 0.0473859 0.047441 0.0474958 0.0475502 0.0476043 0.047658 0.0477112 0.0477638 0.047816 0.0478675 0.0479183 0.0479685 0.0480179 0.0480665 0.0481144 0.0481614 0.0482075 0.0482527 0.0482969 0.0483403 0.0483826 0.0484239 0.0484641 0.0485033 0.0485414 0.0485783 0.0486142 0.0486489 0.0486824 0.0487147 0.0487459 0.0487758 0.0488046 0.048832 0.0488583 0.0488832 0.048907 0.0489294 0.0489506 0.0489704 0.048989 0.0490062 0.0490222 0.0490368 0.0490502 0.0490622 0.0490729 0.0490822 0.0490902 0.0490969 0.0491023 0.0491063 0.0491089 0.0491103 
0.0490952 0.0490938 0.0490911 0.049087 0.0490815 0.0490747 0.0490665 0.049057 0.0490461 0.0490338 0.0490202 0.0490053 0.048989 0.0489714 0.0489524 0.0489321 0.0489105 0.0488876 0.0488634 0.0488379 0.0488111 0.0487831 0.0487537 0.0487232 0.0486914 0.0486583 0.0486241 0.0485886 0.048552 0.0485142 0.0484753 0.0484353 0.0483942 0.048352 0.0483087 0.0482645 0.0482192 0.048173 0.0481258 0.0480778 0.0480289 0.0479791 0.0479285 0.0478772 0.0478252 0.0477725 0.0477192 0.0476653 0.0476108 0.0475559 0.0475005 0.0474447 0.0473886 0.0473323 0.0472757 0.0472189 0.047162 0.0471051 0.0470482 0.0469914 0.0469347 0.0468782 0.046822 0.0467662 0.0467107 0.0466558 0.0466013 0.0465476 0.0464944 0.0464421 0.0463906 0.04634 0.0462903 0.0462417 0.0461942 0.0461479 0.0461028 0.046059 0.0460166 0.0459756 0.0459362 0.0458983 0.045862 0.0458274 0.0457945 0.0457634 0.0457342 0.0457068 0.0456814 0.0456579 0.0456364 0.045617 0.0455996 0.0455844 0.0455713 0.0455603 0.0455515 0.0455449 0.0455405 0.0455383 0.0455383 0.0455405 0.0455449 0.0455515 0.0455603 0.0455713 0.0455844 0.0455996 0.045617 0.0456364 0.0456579 0.0456814 0.0457068 0.0457342 0.0457634 0.0457945 0.0458274 0.045862 0.0458983 0.0459362 0.0459756 0.0460166 0.046059 0.0461028 0.0461479 0.0461942 0.0462417 0.0462903 0.04634 0.0463906 0.0464421 0.0464944 0.0465476 0.0466013 0.0466558 0.0467107 0.0467662 0.046822 0.0468782 0.0469347 0.0469914 0.0470482 0.0471051 0.047162 0.0472189 0.0472757 0.0473323 0.0473886 0.0474447 0.0475005 0.0475559 0.0476108 0.0476653 0.0477192 0.0477725 0.0478252 0.0478772 0.0479285 0.0479791 0.0480289 0.0480778 0.0481258 0.048173 0.0482192 0.0482645 0.0483087 0.048352 0.0483942 0.0484353 0.0484753 0.0485142 0.048552 0.0485886 0.0486241 0.0486583 0.0486914 0.0487232 0.0487537 0.0487831 0.0488111 0.0488379 0.0488634 0.0488876 0.0489105 0.0489321 0.0489524 0.0489714 0.048989 0.0490053 0.0490202 0.0490338 0.0490461 0.049057 0.0490665 0.0490747 0.0490815 0.049087 0.0490911 0.0490938 0.0490952 
0.0490789 0.0490775 0.0490747 0.0490705 0.0490649 0.049058 0.0490496 0.0490399 0.0490287 0.0490162 0.0490023 0.0489871 0.0489704 0.0489524 0.048933 0.0489123 0.0488903 0.0488668 0.0488421 0.048816 0.0487887 0.04876 0.04873 0.0486987 0.0486662 0.0486324 0.0485974 0.0485611 0.0485237 0.0484851 0.0484453 0.0484043 0.0483622 0.048319 0.0482748 0.0482295 0.0481832 0.0481359 0.0480876 0.0480384 0.0479883 0.0479373 0.0478856 0.047833 0.0477797 0.0477257 0.0476711 0.0476158 0.04756 0.0475037 0.0474469 0.0473898 0.0473322 0.0472744 0.0472164 0.0471581 0.0470998 0.0470414 0.046983 0.0469247 0.0468665 0.0468085 0.0467508 0.0466935 0.0466365 0.0465801 0.0465242 0.0464689 0.0464143 0.0463605 0.0463076 0.0462556 0.0462045 0.0461545 0.0461057 0.0460581 0.0460117 0.0459667 0.045923 0.0458809 0.0458403 0.0458013 0.045764 0.0457283 0.0456945 0.0456625 0.0456324 0.0456042 0.045578 0.0455539 0.0455317 0.0455117 0.0454939 0.0454782 0.0454647 0.0454534 0.0454443 0.0454375 0.045433 0.0454307 0.0454307 0.045433 0.0454375 0.0454443 0.0454534 0.0454647 0.0454782 0.0454939 0.0455117 0.0455317 0.0455539 0.045578 0.0456042 0.0456324 0.0456625 0.0456945 0.0457283 0.045764 0.0458013 0.0458403 0.0458809 0.045923 0.0459667 0.0460117 0.0460581 0.0461057 0.0461545 0.0462045 0.0462556 0.0463076 0.0463605 0.0464143 0.0464689 0.0465242 0.0465801 0.0466365 0.0466935 0.0467508 0.0468085 0.0468665 0.0469247 0.046983 0.0470414 0.0470998 0.0471581 0.0472164 0.0472744 0.0473322 0.0473898 0.0474469 0.0475037 0.04756 0.0476158 0.0476711 0.0477257 0.0477797 0.047833 0.0478856 0.0479373 0.0479883 0.0480384 0.0480876 0.0481359 0.0481832 0.0482295 0.0482748 0.048319 0.0483622 0.0484043 0.0484453 0.0484851 0.0485237 0.0485611 0.0485974 0.0486324 0.0486662 0.0486987 0.04873 0.04876 0.0487887 0.048816 0.0488421 0.0488668 0.0488903 0.0489123 0.048933 0.0489524 0.0489704 0.0489871 0.0490023 0.0490162 0.0490287 0.0490399 0.0490496 0.049058 0.0490649 0.0490705 0.0490747 0.0490775 0.0490789 
0.0490615 0.0490601 0.0490572 0.0490529 0.0490472 0.0490401 0.0490316 0.0490216 0.0490102 0.0489974 0.0489832 0.0489676 0.0489506 0.0489321 0.0489123 0.0488911 0.0488685 0.0488446 0.0488193 0.0487926 0.0487646 0.0487352 0.0487046 0.0486726 0.0486393 0.0486047 0.0485688 0.0485317 0.0484934 0.0484538 0.048413 0.0483711 0.048328 0.0482838 0.0482384 0.048192 0.0481446 0.0480961 0.0480466 0.0479962 0.0479448 0.0478926 0.0478395 0.0477856 0.0477309 0.0476756 0.0476195 0.0475628 0.0475056 0.0474478 0.0473895 0.0473308 0.0472717 0.0472124 0.0471528 0.0470929 0.047033 0.046973 0.046913 0.0468531 0.0467933 0.0467337 0.0466744 0.0466154 0.0465569 0.0464988 0.0464413 0.0463845 0.0463283 0.046273 0.0462185 0.0461649 0.0461124 0.0460609 0.0460106 0.0459616 0.0459138 0.0458674 0.0458225 0.0457791 0.0457372 0.0456971 0.0456586 0.0456219 0.045587 0.045554 0.045523 0.0454939 0.0454669 0.045442 0.0454192 0.0453986 0.0453802 0.045364 0.04535 0.0453384 0.045329 0.045322 0.0453173 0.045315 0.045315 0.0453173 0.045322 0.045329 0.0453384 0.04535 0.045364 0.0453802 0.0453986 0.0454192 0.045442 0.0454669 0.0454939 0.045523 0.045554 0.045587 0.0456219 0.0456586 0.0456971 0.0457372 0.0457791 0.0458225 0.0458674 0.0459138 0.0459616 0.0460106 0.0460609 0.0461124 0.0461649 0.0462185 0.046273 0.0463283 0.0463845 0.0464413 0.0464988 0.0465569 0.0466154 0.0466744 0.0467337 0.0467933 0.0468531 0.046913 0.046973 0.047033 0.0470929 0.0471528 0.0472124 0.0472717 0.0473308 0.0473895 0.0474478 0.0475056 0.0475628 0.0476195 0.0476756 0.0477309 0.0477856 0.0478395 0.0478926 0.0479448 0.0479962 0.0480466 0.0480961 0.0481446 0.048192 0.0482384 0.0482838 0.048328 0.0483711 0.048413 0.0484538 0.0484934 0.0485317 0.0485688 0.0486047 0.0486393 0.0486726 0.0487046 0.0487352 0.0487646 0.0487926 0.0488193 0.0488446 0.0488685 0.0488911 0.0489123 0.0489321 0.0489506 0.0489676 0.0489832 0.0489974 0.0490102 0.0490216 0.0490316 0.0490401 0.0490472 0.0490529 0.0490572 0.0490601 0.0490615 
0.049043 0.0490415 0.0490386 0.0490342 0.0490284 0.0490211 0.0490123 0.0490021 0.0489905 0.0489774 0.0489628 0.0489468 0.0489294 0.0489105 0.0488903 0.0488685 0.0488454 0.0488209 0.048795 0.0487677 0.048739 0.0487089 0.0486774 0.0486447 0.0486106 0.0485751 0.0485384 0.0485004 0.0484611 0.0484205 0.0483787 0.0483357 0.0482915 0.0482462 0.0481997 0.0481521 0.0481034 0.0480536 0.0480029 0.0479511 0.0478984 0.0478448 0.0477903 0.047735 0.0476789 0.047622 0.0475644 0.0475062 0.0474474 0.047388 0.0473282 0.0472678 0.0472071 0.0471461 0.0470848 0.0470233 0.0469617 0.0469 0.0468382 0.0467766 0.0467151 0.0466537 0.0465927 0.046532 0.0464717 0.0464119 0.0463527 0.0462942 0.0462363 0.0461793 0.0461232 0.046068 0.0460138 0.0459608 0.0459089 0.0458583 0.0458091 0.0457613 0.0457149 0.0456701 0.045627 0.0455855 0.0455458 0.0455079 0.0454719 0.0454379 0.0454058 0.0453759 0.045348 0.0453222 0.0452987 0.0452774 0.0452584 0.0452417 0.0452273 0.0452152 0.0452056 0.0451983 0.0451935 0.0451911 0.0451911 0.0451935 0.0451983 0.0452056 0.0452152 0.0452273 0.0452417 0.0452584 0.0452774 0.0452987 0.0453222 0.045348 0.0453759 0.0454058 0.0454379 0.0454719 0.0455079 0.0455458 0.0455855 0.045627 0.0456701 0.0457149 0.0457613 0.0458091 0.0458583 0.0459089 0.0459608 0.0460138 0.046068 0.0461232 0.0461793 0.0462363 0.0462942 0.0463527 0.0464119 0.0464717 0.046532 0.0465927 0.0466537 0.0467151 0.0467766 0.0468382 0.0469 0.0469617 0.0470233 0.0470848 0.0471461 0.0472071 0.0472678 0.0473282 0.047388 0.0474474 0.0475062 0.0475644 0.047622 0.0476789 0.047735 0.0477903 0.0478448 0.0478984 0.0479511 0.0480029 0.0480536 0.0481034 0.0481521 0.0481997 0.0482462 0.0482915 0.0483357 0.0483787 0.0484205 0.0484611 0.0485004 0.0485384 0.0485751 0.0486106 0.0486447 0.0486774 0.0487089 0.048739 0.0487677 0.048795 0.0488209 0.0488454 0.0488685 0.0488903 0.0489105 0.0489294 0.0489468 0.0489628 0.0489774 0.0489905 0.0490021 0.0490123 0.0490211 0.0490284 0.0490342 0.0490386 0.0490415 0.049043 
0.0490233 0.0490218 0.0490188 0.0490144 0.0490084 0.0490009 0.0489919 0.0489815 0.0489695 0.0489561 0.0489412 0.0489248 0.048907 0.0488876 0.0488668 0.0488446 0.0488209 0.0487958 0.0487692 0.0487412 0.0487117 0.0486809 0.0486487 0.0486151 0.0485801 0.0485437 0.0485061 0.0484671 0.0484267 0.0483851 0.0483422 0.0482981 0.0482528 0.0482062 0.0481585 0.0481096 0.0480596 0.0480086 0.0479564 0.0479033 0.0478491 0.0477941 0.0477381 0.0476812 0.0476235 0.0475651 0.0475059 0.0474461 0.0473856 0.0473245 0.0472629 0.0472009 0.0471384 0.0470756 0.0470125 0.0469492 0.0468858 0.0468222 0.0467587 0.0466952 0.0466318 0.0465686 0.0465057 0.0464432 0.046381 0.0463194 0.0462584 0.046198 0.0461383 0.0460795 0.0460216 0.0459647 0.0459088 0.0458541 0.0458005 0.0457483 0.0456975 0.0456481 0.0456002 0.045554 0.0455094 0.0454666 0.0454255 0.0453864 0.0453492 0.045314 0.0452809 0.0452499 0.0452211 0.0451945 0.0451702 0.0451481 0.0451285 0.0451112 0.0450963 0.0450839 0.0450739 0.0450664 0.0450614 0.0450589 0.0450589 0.0450614 0.0450664 0.0450739 0.0450839 0.0450963 0.0451112 0.0451285 0.0451481 0.0451702 0.0451945 0.0452211 0.0452499 0.0452809 0.045314 0.0453492 0.0453864 0.0454255 0.0454666 0.0455094 0.045554 0.0456002 0.0456481 0.0456975 0.0457483 0.0458005 0.0458541 0.0459088 0.0459647 0.0460216 0.0460795 0.0461383 0.046198 0.0462584 0.0463194 0.046381 0.0464432 0.0465057 0.0465686 0.0466318 0.0466952 0.0467587 0.0468222 0.0468858 0.0469492 0.0470125 0.0470756 0.0471384 0.0472009 0.0472629 0.0473245 0.0473856 0.0474461 0.0475059 0.0475651 0.0476235 0.0476812 0.0477381 0.0477941 0.0478491 0.0479033 0.0479564 0.0480086 0.0480596 0.0481096 0.0481585 0.0482062 0.0482528 0.0482981 0.0483422 0.0483851 0.0484267 0.0484671 0.0485061 0.0485437 0.0485801 0.0486151 0.0486487 0.0486809 0.0487117 0.0487412 0.0487692 0.0487958 0.0488209 0.0488446 0.0488668 0.0488876 0.048907 0.0489248 0.0489412 0.0489561 0.0489695 0.0489815 0.0489919 0.0490009 0.0490084 0.0490144 0.0490188 0.0490218 0.0490233 
0.0490026 0.0490011 0.048998 0.0489934 0.0489873 0.0489796 0.0489704 0.0489597 0.0489474 0.0489337 0.0489184 0.0489016 0.0488832 0.0488634 0.0488421 0.0488193 0.048795 0.0487692 0.0487419 0.0487132 0.048683 0.0486513 0.0486183 0.0485838 0.0485479 0.0485106 0.0484719 0.0484318 0.0483904 0.0483477 0.0483037 0.0482583 0.0482118 0.0481639 0.0481149 0.0480647 0.0480133 0.0479608 0.0479072 0.0478526 0.0477969 0.0477403 0.0476827 0.0476243 0.0475649 0.0475048 0.0474439 0.0473823 0.04732 0.0472572 0.0471938 0.0471299 0.0470656 0.0470009 0.0469359 0.0468707 0.0468053 0.0467398 0.0466743 0.0466088 0.0465435 0.0464783 0.0464134 0.0463489 0.0462848 0.0462212 0.0461582 0.0460959 0.0460343 0.0459736 0.0459138 0.045855 0.0457973 0.0457407 0.0456854 0.0456314 0.0455789 0.0455278 0.0454784 0.0454305 0.0453844 0.0453402 0.0452977 0.0452572 0.0452188 0.0451824 0.0451481 0.045116 0.0450862 0.0450587 0.0450335 0.0450107 0.0449903 0.0449724 0.044957 0.0449441 0.0449338 0.044926 0.0449209 0.0449183 0.0449183 0.0449209 0.044926 0.0449338 0.0449441 0.044957 0.0449724 0.0449903 0.0450107 0.0450335 0.0450587 0.0450862 0.045116 0.0451481 0.0451824 0.0452188 0.0452572 0.0452977 0.0453402 0.0453844 0.0454305 0.0454784 0.0455278 0.0455789 0.0456314 0.0456854 0.0457407 0.0457973 0.045855 0.0459138 0.0459736 0.0460343 0.0460959 0.0461582 0.0462212 0.0462848 0.0463489 0.0464134 0.0464783 0.0465435 0.0466088 0.0466743 0.0467398 0.0468053 0.0468707 0.0469359 0.0470009 0.0470656 0.0471299 0.0471938 0.0472572 0.04732 0.0473823 0.0474439 0.0475048 0.0475649 0.0476243 0.0476827 0.0477403 0.0477969 0.0478526 0.0479072 0.0479608 0.0480133 0.0480647 0.0481149 0.0481639 0.0482118 0.0482583 0.0483037 0.0483477 0.0483904 0.0484318 0.0484719 0.0485106 0.0485479 0.0485838 0.0486183 0.0486513 0.048683 0.0487132 0.0487419 0.0487692 0.048795 0.0488193 0.0488421 0.0488634 0.0488832 0.0489016 0.0489184 0.0489337 0.0489474 0.0489597 0.0489704 0.0489796 0.0489873 0.0489934 0.048998 0.0490011 0.0490026 
0.0489807 0.0489792 0.048976 0.0489713 0.048965 0.0489571 0.0489477 0.0489367 0.0489241 0.04891 0.0488943 0.0488771 0.0488583 0.0488379 0.048816 0.0487926 0.0487677 0.0487412 0.0487132 0.0486837 0.0486527 0.0486202 0.0485862 0.0485508 0.0485139 0.0484756 0.0484358 0.0483947 0.0483521 0.0483082 0.048263 0.0482164 0.0481685 0.0481193 0.0480689 0.0480173 0.0479645 0.0479105 0.0478553 0.0477991 0.0477419 0.0476836 0.0476243 0.0475641 0.047503 0.0474411 0.0473784 0.0473149 0.0472508 0.0471861 0.0471207 0.0470549 0.0469886 0.0469219 0.0468549 0.0467876 0.0467202 0.0466526 0.0465851 0.0465175 0.0464501 0.0463828 0.0463158 0.0462492 0.046183 0.0461173 0.0460522 0.0459878 0.0459242 0.0458615 0.0457996 0.0457388 0.0456792 0.0456207 0.0455635 0.0455077 0.0454533 0.0454005 0.0453493 0.0452998 0.0452521 0.0452062 0.0451623 0.0451204 0.0450805 0.0450428 0.0450073 0.0449741 0.0449432 0.0449147 0.0448886 0.0448649 0.0448438 0.0448253 0.0448093 0.044796 0.0447853 0.0447772 0.0447718 0.0447692 0.0447692 0.0447718 0.0447772 0.0447853 0.044796 0.0448093 0.0448253 0.0448438 0.0448649 0.0448886 0.0449147 0.0449432 0.0449741 0.0450073 0.0450428 0.0450805 0.0451204 0.0451623 0.0452062 0.0452521 0.0452998 0.0453493 0.0454005 0.0454533 0.0455077 0.0455635 0.0456207 0.0456792 0.0457388 0.0457996 0.0458615 0.0459242 0.0459878 0.0460522 0.0461173 0.046183 0.0462492 0.0463158 0.0463828 0.0464501 0.0465175 0.0465851 0.0466526 0.0467202 0.0467876 0.0468549 0.0469219 0.0469886 0.0470549 0.0471207 0.0471861 0.0472508 0.0473149 0.0473784 0.0474411 0.047503 0.0475641 0.0476243 0.0476836 0.0477419 0.0477991 0.0478553 0.0479105 0.0479645 0.0480173 0.0480689 0.0481193 0.0481685 0.0482164 0.048263 0.0483082 0.0483521 0.0483947 0.0484358 0.0484756 0.0485139 0.0485508 0.0485862 0.0486202 0.0486527 0.0486837 0.0487132 0.0487412 0.0487677 0.0487926 0.048816 0.0488379 0.0488583 0.0488771 0.0488943 0.04891 0.0489241 0.0489367 0.0489477 0.0489571 0.048965 0.0489713 0.048976 0.0489792 0.0489807 
