1.0926e-53 1.35006e-53 2.24022e-53 4.1686e-53 8.00726e-53 1.54762e-52 2.98886e-52 5.75696e-52 1.10536e-51 2.11524e-51 4.03389e-51 7.66608e-51 1.45171e-50 2.73918e-50 5.14957e-50 9.64508e-50 1.7997e-49 3.34523e-49 6.19383e-49 1.14228e-48 2.09816e-48 3.83821e-48 6.99224e-48 1.26845e-47 2.29122e-47 4.12068e-47 7.37821e-47 1.31517e-46 2.33361e-46 4.12155e-46 7.24511e-46 1.2675e-45 2.20669e-45 3.82282e-45 6.58941e-45 1.13003e-44 1.9279e-44 3.27181e-44 5.52291e-44 9.27225e-44 1.54811e-43 2.57029e-43 4.2431e-43 6.96417e-43 1.13632e-42 1.84303e-42 2.97117e-42 4.76041e-42 7.57949e-42 1.19915e-41 1.88495e-41 2.94359e-41 4.56628e-41 7.03576e-41 1.07666e-40 1.63613e-40 2.4688e-40 3.69859e-40 5.50078e-40 8.12088e-40 1.18994e-39 1.73041e-39 2.49702e-39 3.57519e-39 5.07849e-39 7.15619e-39 1.00022e-38 1.38651e-38 1.90601e-38 2.59807e-38 3.51122e-38 4.70433e-38 6.24779e-38 8.22431e-38 1.07293e-37 1.38708e-37 1.77683e-37 2.25507e-37 2.83535e-37 3.53137e-37 4.35644e-37 5.32272e-37 6.44039e-37 7.71672e-37 9.15504e-37 1.07538e-36 1.25057e-36 1.43969e-36 1.64064e-36 1.85062e-36 2.06614e-36 2.28304e-36 2.49666e-36 2.70197e-36 2.89373e-36 3.06676e-36 3.21612e-36 3.33739e-36 3.42684e-36 3.48167e-36 3.50015e-36 3.48167e-36 3.42684e-36 3.33739e-36 3.21612e-36 3.06676e-36 2.89373e-36 2.70197e-36 2.49666e-36 2.28304e-36 2.06614e-36 1.85062e-36 1.64064e-36 1.43969e-36 1.25057e-36 1.07538e-36 9.15504e-37 7.71672e-37 6.44039e-37 5.32272e-37 4.35644e-37 3.53137e-37 2.83535e-37 2.25507e-37 1.77683e-37 1.38708e-37 1.07293e-37 8.22431e-38 6.24779e-38 4.70433e-38 3.51122e-38 2.59807e-38 1.90601e-38 1.38651e-38 1.00022e-38 7.15619e-39 5.07849e-39 3.57519e-39 2.49702e-39 1.73041e-39 1.18994e-39 8.12088e-40 5.50078e-40 3.69859e-40 2.4688e-40 1.63613e-40 1.07666e-40 7.03576e-41 4.56628e-41 2.94359e-41 1.88495e-41 1.19915e-41 7.57949e-42 4.76041e-42 2.97117e-42 1.84303e-42 1.13632e-42 6.96417e-43 4.2431e-43 2.57029e-43 1.54811e-43 9.27225e-44 5.52291e-44 3.27181e-44 1.9279e-44 1.13003e-44 6.58941e-45 3.82282e-45 2.20669e-45 1.2675e-45 7.24511e-46 4.12155e-46 2.33361e-46 1.31517e-46 7.37821e-47 4.12068e-47 2.29122e-47 1.26845e-47 6.99224e-48 3.83821e-48 2.09816e-48 1.14228e-48 6.19383e-49 3.34523e-49 1.7997e-49 9.64508e-50 5.14957e-50 2.73918e-50 1.45171e-50 7.66608e-51 4.03389e-51 2.11524e-51 1.10536e-51 5.75696e-52 2.98886e-52 1.54762e-52 8.00726e-53 4.1686e-53 2.24022e-53 1.35006e-53 
1.35006e-53 1.66993e-53 2.77675e-53 5.17766e-53 9.96478e-53 1.92958e-52 3.73347e-52 7.20462e-52 1.38592e-51 2.65714e-51 5.07702e-51 9.66701e-51 1.83417e-50 3.46759e-50 6.53179e-50 1.22582e-49 2.29184e-49 4.26858e-49 7.91944e-49 1.46349e-48 2.69368e-48 4.93778e-48 9.01405e-48 1.63863e-47 2.96611e-47 5.34573e-47 9.59205e-47 1.71344e-46 3.04682e-46 5.39281e-46 9.50038e-46 1.66568e-45 2.90624e-45 5.04578e-45 8.71661e-45 1.49814e-44 2.56159e-44 4.35693e-44 7.37105e-44 1.24028e-43 2.07544e-43 3.45354e-43 5.71404e-43 9.39956e-43 1.53715e-42 2.49878e-42 4.03741e-42 6.48334e-42 1.0346e-41 1.64053e-41 2.58455e-41 4.04516e-41 6.28913e-41 9.71193e-41 1.48948e-40 2.26847e-40 3.43048e-40 5.15055e-40 7.67686e-40 1.13579e-39 1.66782e-39 2.43046e-39 3.51457e-39 5.04256e-39 7.17757e-39 1.01345e-38 1.41933e-38 1.97137e-38 2.71526e-38 3.70822e-38 5.02093e-38 6.73939e-38 8.96664e-38 1.1824e-37 1.54519e-37 2.00095e-37 2.56735e-37 3.2635e-37 4.10953e-37 5.12588e-37 6.33248e-37 7.74761e-37 9.38673e-37 1.1261e-36 1.33758e-36 1.57293e-36 1.83111e-36 2.11011e-36 2.40688e-36 2.71726e-36 3.03609e-36 3.35722e-36 3.67372e-36 3.97809e-36 4.26254e-36 4.51932e-36 4.74107e-36 4.92115e-36 5.05402e-36 5.13549e-36 5.16294e-36 5.13549e-36 5.05402e-36 4.92115e-36 4.74107e-36 4.51932e-36 4.26254e-36 3.97809e-36 3.67372e-36 3.35722e-36 3.03609e-36 2.71726e-36 2.40688e-36 2.11011e-36 1.83111e-36 1.57293e-36 1.33758e-36 1.1261e-36 9.38673e-37 7.74761e-37 6.33248e-37 5.12588e-37 4.10953e-37 3.2635e-37 2.56735e-37 2.00095e-37 1.54519e-37 1.1824e-37 8.96664e-38 6.73939e-38 5.02093e-38 3.70822e-38 2.71526e-38 1.97137e-38 1.41933e-38 1.01345e-38 7.17757e-39 5.04256e-39 3.51457e-39 2.43046e-39 1.66782e-39 1.13579e-39 7.67686e-40 5.15055e-40 3.43048e-40 2.26847e-40 1.48948e-40 9.71193e-41 6.28913e-41 4.04516e-41 2.58455e-41 1.64053e-41 1.0346e-41 6.48334e-42 4.03741e-42 2.49878e-42 1.53715e-42 9.39956e-43 5.71404e-43 3.45354e-43 2.07544e-43 1.24028e-43 7.37105e-44 4.35693e-44 2.56159e-44 1.49814e-44 8.71661e-45 5.04578e-45 2.90624e-45 1.66568e-45 9.50038e-46 5.39281e-46 3.04682e-46 1.71344e-46 9.59205e-47 5.34573e-47 2.96611e-47 1.63863e-47 9.01405e-48 4.93778e-48 2.69368e-48 1.46349e-48 7.91944e-49 4.26858e-49 2.29184e-49 1.22582e-49 6.53179e-50 3.46759e-50 1.83417e-50 9.66701e-51 5.07702e-51 2.65714e-51 1.38592e-51 7.20462e-52 3.73347e-52 1.92958e-52 9.96478e-53 5.17766e-53 2.77675e-53 1.66993e-53 
2.24022e-53 2.77675e-53 4.63602e-53 8.67965e-53 1.6768e-52 3.25886e-52 6.32831e-52 1.22564e-51 2.36629e-51 4.55337e-51 8.73219e-51 1.66882e-50 3.17812e-50 6.03084e-50 1.14027e-49 2.14801e-49 4.03124e-49 7.53678e-49 1.40363e-48 2.60383e-48 4.81101e-48 8.85315e-48 1.62244e-47 2.96085e-47 5.38041e-47 9.73494e-47 1.75364e-46 3.14489e-46 5.61431e-46 9.97657e-46 1.76452e-45 3.10599e-45 5.44086e-45 9.48404e-45 1.64491e-44 2.83845e-44 4.87273e-44 8.32106e-44 1.41339e-43 2.38774e-43 4.01155e-43 6.70194e-43 1.1133e-42 1.83867e-42 3.01883e-42 4.92689e-42 7.9922e-42 1.28847e-41 2.06422e-41 3.286e-41 5.19712e-41 8.1658e-41 1.27447e-40 1.97566e-40 3.04158e-40 4.64989e-40 7.05825e-40 1.06369e-39 1.5913e-39 2.36296e-39 3.48242e-39 5.09306e-39 7.39096e-39 1.06414e-38 1.51993e-38 2.15342e-38 3.02595e-38 4.21675e-38 5.82674e-38 7.98288e-38 1.08425e-37 1.45979e-37 1.94801e-37 2.57626e-37 3.37626e-37 4.38416e-37 5.64022e-37 7.18821e-37 9.07439e-37 1.1346e-36 1.40494e-36 1.72275e-36 2.09168e-36 2.51444e-36 2.99243e-36 3.52541e-36 4.11116e-36 4.74522e-36 5.42073e-36 6.12831e-36 6.85612e-36 7.59011e-36 8.31434e-36 9.01151e-36 9.66364e-36 1.02528e-35 1.07619e-35 1.11755e-35 1.14808e-35 1.16681e-35 1.17312e-35 1.16681e-35 1.14808e-35 1.11755e-35 1.07619e-35 1.02528e-35 9.66364e-36 9.01151e-36 8.31434e-36 7.59011e-36 6.85612e-36 6.12831e-36 5.42073e-36 4.74522e-36 4.11116e-36 3.52541e-36 2.99243e-36 2.51444e-36 2.09168e-36 1.72275e-36 1.40494e-36 1.1346e-36 9.07439e-37 7.18821e-37 5.64022e-37 4.38416e-37 3.37626e-37 2.57626e-37 1.94801e-37 1.45979e-37 1.08425e-37 7.98288e-38 5.82674e-38 4.21675e-38 3.02595e-38 2.15342e-38 1.51993e-38 1.06414e-38 7.39096e-39 5.09306e-39 3.48242e-39 2.36296e-39 1.5913e-39 1.06369e-39 7.05825e-40 4.64989e-40 3.04158e-40 1.97566e-40 1.27447e-40 8.1658e-41 5.19712e-41 3.286e-41 2.06422e-41 1.28847e-41 7.9922e-42 4.92689e-42 3.01883e-42 1.83867e-42 1.1133e-42 6.70194e-43 4.01155e-43 2.38774e-43 1.41339e-43 8.32106e-44 4.87273e-44 2.83845e-44 1.64491e-44 9.48404e-45 5.44086e-45 3.10599e-45 1.76452e-45 9.97657e-46 5.61431e-46 3.14489e-46 1.75364e-46 9.73494e-47 5.38041e-47 2.96085e-47 1.62244e-47 8.85315e-48 4.81101e-48 2.60383e-48 1.40363e-48 7.53678e-49 4.03124e-49 2.14801e-49 1.14027e-49 6.03084e-50 3.17812e-50 1.66882e-50 8.73219e-51 4.55337e-51 2.36629e-51 1.22564e-51 6.32831e-52 3.25886e-52 1.6768e-52 8.67965e-53 4.63602e-53 2.77675e-53 
4.1686e-53 5.17766e-53 8.67965e-53 1.63155e-52 3.16377e-52 6.17105e-52 1.20263e-51 2.33753e-51 4.52917e-51 8.74671e-51 1.68345e-50 3.22893e-50 6.17155e-50 1.1754e-49 2.2305e-49 4.2172e-49 7.94369e-49 1.49064e-48 2.78642e-48 5.18821e-48 9.62184e-48 1.77721e-47 3.26914e-47 5.9884e-47 1.0923e-46 1.98378e-46 3.58705e-46 6.45718e-46 1.15712e-45 2.06398e-45 3.66436e-45 6.4747e-45 1.13851e-44 1.9921e-44 3.46827e-44 6.00761e-44 1.03524e-43 1.77459e-43 3.02573e-43 5.13099e-43 8.65309e-43 1.45111e-42 2.41964e-42 4.01125e-42 6.61067e-42 1.08295e-41 1.76328e-41 2.85329e-41 4.58814e-41 7.33076e-41 1.16369e-40 1.8351e-40 2.87454e-40 4.47216e-40 6.9097e-40 1.0601e-39 1.61486e-39 2.44215e-39 3.66616e-39 5.46268e-39 8.07803e-39 1.18539e-38 1.72593e-38 2.49311e-38 3.57247e-38 5.07753e-38 7.15724e-38 1.00046e-37 1.38662e-37 1.90537e-37 2.59545e-37 3.50434e-37 4.68938e-37 6.21856e-37 8.17116e-37 1.06377e-36 1.37196e-36 1.75273e-36 2.21782e-36 2.77927e-36 3.44895e-36 4.23792e-36 5.15573e-36 6.20955e-36 7.4033e-36 8.73677e-36 1.02048e-35 1.17964e-35 1.34946e-35 1.52758e-35 1.71103e-35 1.89626e-35 2.07922e-35 2.2555e-35 2.42053e-35 2.56973e-35 2.69873e-35 2.8036e-35 2.88103e-35 2.92853e-35 2.94454e-35 2.92853e-35 2.88103e-35 2.8036e-35 2.69873e-35 2.56973e-35 2.42053e-35 2.2555e-35 2.07922e-35 1.89626e-35 1.71103e-35 1.52758e-35 1.34946e-35 1.17964e-35 1.02048e-35 8.73677e-36 7.4033e-36 6.20955e-36 5.15573e-36 4.23792e-36 3.44895e-36 2.77927e-36 2.21782e-36 1.75273e-36 1.37196e-36 1.06377e-36 8.17116e-37 6.21856e-37 4.68938e-37 3.50434e-37 2.59545e-37 1.90537e-37 1.38662e-37 1.00046e-37 7.15724e-38 5.07753e-38 3.57247e-38 2.49311e-38 1.72593e-38 1.18539e-38 8.07803e-39 5.46268e-39 3.66616e-39 2.44215e-39 1.61486e-39 1.0601e-39 6.9097e-40 4.47216e-40 2.87454e-40 1.8351e-40 1.16369e-40 7.33076e-41 4.58814e-41 2.85329e-41 1.76328e-41 1.08295e-41 6.61067e-42 4.01125e-42 2.41964e-42 1.45111e-42 8.65309e-43 5.13099e-43 3.02573e-43 1.77459e-43 1.03524e-43 6.00761e-44 3.46827e-44 1.9921e-44 1.13851e-44 6.4747e-45 3.66436e-45 2.06398e-45 1.15712e-45 6.45718e-46 3.58705e-46 1.98378e-46 1.0923e-46 5.9884e-47 3.26914e-47 1.77721e-47 9.62184e-48 5.18821e-48 2.78642e-48 1.49064e-48 7.94369e-49 4.2172e-49 2.2305e-49 1.1754e-49 6.17155e-50 3.22893e-50 1.68345e-50 8.74671e-51 4.52917e-51 2.33753e-51 1.20263e-51 6.17105e-52 3.16377e-52 1.63155e-52 8.67965e-53 5.17766e-53 
8.00726e-53 9.96478e-53 1.6768e-52 3.16377e-52 6.15635e-52 1.20488e-51 2.35596e-51 4.59453e-51 8.93212e-51 1.73077e-50 3.34239e-50 6.43257e-50 1.23366e-49 2.35758e-49 4.48921e-49 8.51693e-49 1.60982e-48 3.0313e-48 5.68604e-48 1.06241e-47 1.97719e-47 3.6648e-47 6.76501e-47 1.24358e-46 2.27633e-46 4.14882e-46 7.52851e-46 1.36006e-45 2.44588e-45 4.37838e-45 7.80111e-45 1.38335e-44 2.44119e-44 4.28681e-44 7.49017e-44 1.30208e-43 2.25185e-43 3.87394e-43 6.62895e-43 1.12817e-42 1.90941e-42 3.21355e-42 5.3776e-42 8.9468e-42 1.47973e-41 2.43269e-41 3.97504e-41 6.45507e-41 1.04165e-40 1.67016e-40 2.66052e-40 4.21016e-40 6.61774e-40 1.03312e-39 1.60169e-39 2.4657e-39 3.7687e-39 5.71848e-39 8.61311e-39 1.2876e-38 1.91025e-38 2.81218e-38 4.10757e-38 5.95206e-38 8.55537e-38 1.21969e-37 1.72444e-37 2.41761e-37 3.36054e-37 4.63095e-37 6.32582e-37 8.56448e-37 1.14914e-36 1.52786e-36 2.01272e-36 2.6268e-36 3.39597e-36 4.34862e-36 5.51496e-36 6.92617e-36 8.6131e-36 1.06047e-35 1.29263e-35 1.5597e-35 1.8628e-35 2.20196e-35 2.57595e-35 2.98206e-35 3.41599e-35 3.87176e-35 4.34175e-35 4.81682e-35 5.28654e-35 5.73956e-35 6.164e-35 6.54797e-35 6.88016e-35 7.15033e-35 7.34989e-35 7.47233e-35 7.5136e-35 7.47233e-35 7.34989e-35 7.15033e-35 6.88016e-35 6.54797e-35 6.164e-35 5.73956e-35 5.28654e-35 4.81682e-35 4.34175e-35 3.87176e-35 3.41599e-35 2.98206e-35 2.57595e-35 2.20196e-35 1.8628e-35 1.5597e-35 1.29263e-35 1.06047e-35 8.6131e-36 6.92617e-36 5.51496e-36 4.34862e-36 3.39597e-36 2.6268e-36 2.01272e-36 1.52786e-36 1.14914e-36 8.56448e-37 6.32582e-37 4.63095e-37 3.36054e-37 2.41761e-37 1.72444e-37 1.21969e-37 8.55537e-38 5.95206e-38 4.10757e-38 2.81218e-38 1.91025e-38 1.2876e-38 8.61311e-39 5.71848e-39 3.7687e-39 2.4657e-39 1.60169e-39 1.03312e-39 6.61774e-40 4.21016e-40 2.66052e-40 1.67016e-40 1.04165e-40 6.45507e-41 3.97504e-41 2.43269e-41 1.47973e-41 8.9468e-42 5.3776e-42 3.21355e-42 1.90941e-42 1.12817e-42 6.62895e-43 3.87394e-43 2.25185e-43 1.30208e-43 7.49017e-44 4.28681e-44 2.44119e-44 1.38335e-44 7.80111e-45 4.37838e-45 2.44588e-45 1.36006e-45 7.52851e-46 4.14882e-46 2.27633e-46 1.24358e-46 6.76501e-47 3.6648e-47 1.97719e-47 1.06241e-47 5.68604e-48 3.0313e-48 1.60982e-48 8.51693e-49 4.48921e-49 2.35758e-49 1.23366e-49 6.43257e-50 3.34239e-50 1.73077e-50 8.93212e-51 4.59453e-51 2.35596e-51 1.20488e-51 6.15635e-52 3.16377e-52 1.6768e-52 9.96478e-53 
1.54762e-52 1.92958e-52 3.25886e-52 6.17105e-52 1.20488e-51 2.36581e-51 4.64096e-51 9.07999e-51 1.77095e-50 3.44274e-50 6.67028e-50 1.28795e-49 2.47823e-49 4.75173e-49 9.07822e-49 1.72808e-48 3.27731e-48 6.192e-48 1.16541e-47 2.18492e-47 4.0801e-47 7.58852e-47 1.40561e-46 2.59277e-46 4.76239e-46 8.70997e-46 1.58602e-45 2.87519e-45 5.18873e-45 9.32089e-45 1.66656e-44 2.96566e-44 5.25193e-44 9.2551e-44 1.62282e-43 2.83108e-43 4.91344e-43 8.48274e-43 1.45668e-42 2.48787e-42 4.22563e-42 7.13695e-42 1.19853e-41 2.00107e-41 3.32128e-41 5.47947e-41 8.98499e-41 1.46419e-40 2.37102e-40 3.8149e-40 6.09812e-40 9.68338e-40 1.52732e-39 2.39252e-39 3.72184e-39 5.74893e-39 8.81645e-39 1.34223e-38 2.02834e-38 3.04216e-38 4.52793e-38 6.6872e-38 9.79859e-38 1.42432e-37 2.05363e-37 2.93668e-37 4.16449e-37 5.85575e-37 8.16338e-37 1.12816e-36 1.54538e-36 2.09802e-36 2.82259e-36 3.76267e-36 4.96942e-36 6.50173e-36 8.4259e-36 1.08149e-35 1.37466e-35 1.7302e-35 2.15615e-35 2.6601e-35 3.24872e-35 3.9272e-35 4.69861e-35 5.56332e-35 6.51843e-35 7.55719e-35 8.66873e-35 9.83779e-35 1.10448e-34 1.22663e-34 1.34753e-34 1.46423e-34 1.57367e-34 1.67273e-34 1.75849e-34 1.82827e-34 1.87983e-34 1.91147e-34 1.92214e-34 1.91147e-34 1.87983e-34 1.82827e-34 1.75849e-34 1.67273e-34 1.57367e-34 1.46423e-34 1.34753e-34 1.22663e-34 1.10448e-34 9.83779e-35 8.66873e-35 7.55719e-35 6.51843e-35 5.56332e-35 4.69861e-35 3.9272e-35 3.24872e-35 2.6601e-35 2.15615e-35 1.7302e-35 1.37466e-35 1.08149e-35 8.4259e-36 6.50173e-36 4.96942e-36 3.76267e-36 2.82259e-36 2.09802e-36 1.54538e-36 1.12816e-36 8.16338e-37 5.85575e-37 4.16449e-37 2.93668e-37 2.05363e-37 1.42432e-37 9.79859e-38 6.6872e-38 4.52793e-38 3.04216e-38 2.02834e-38 1.34223e-38 8.81645e-39 5.74893e-39 3.72184e-39 2.39252e-39 1.52732e-39 9.68338e-40 6.09812e-40 3.8149e-40 2.37102e-40 1.46419e-40 8.98499e-41 5.47947e-41 3.32128e-41 2.00107e-41 1.19853e-41 7.13695e-42 4.22563e-42 2.48787e-42 1.45668e-42 8.48274e-43 4.91344e-43 2.83108e-43 1.62282e-43 9.2551e-44 5.25193e-44 2.96566e-44 1.66656e-44 9.32089e-45 5.18873e-45 2.87519e-45 1.58602e-45 8.70997e-46 4.76239e-46 2.59277e-46 1.40561e-46 7.58852e-47 4.0801e-47 2.18492e-47 1.16541e-47 6.192e-48 3.27731e-48 1.72808e-48 9.07822e-49 4.75173e-49 2.47823e-49 1.28795e-49 6.67028e-50 3.44274e-50 1.77095e-50 9.07999e-51 4.64096e-51 2.36581e-51 1.20488e-51 6.17105e-52 3.25886e-52 1.92958e-52 
2.98886e-52 3.73347e-52 6.32831e-52 1.20263e-51 2.35596e-51 4.64096e-51 9.1333e-51 1.79266e-50 3.50764e-50 6.84096e-50 1.32974e-49 2.57595e-49 4.97285e-49 9.56634e-49 1.83372e-48 3.50219e-48 6.6641e-48 1.26332e-47 2.38574e-47 4.48795e-47 8.40925e-47 1.56936e-46 2.91686e-46 5.39891e-46 9.95092e-46 1.82623e-45 3.33697e-45 6.07046e-45 1.09934e-44 1.98173e-44 3.55576e-44 6.34975e-44 1.12845e-43 1.99562e-43 3.51157e-43 6.14778e-43 1.07076e-42 1.85516e-42 3.19705e-42 5.4797e-42 9.34032e-42 1.58316e-41 2.6681e-41 4.47048e-41 7.44624e-41 1.23284e-40 2.0287e-40 3.31764e-40 5.39128e-40 8.70484e-40 1.39634e-39 2.22501e-39 3.52158e-39 5.53555e-39 8.64074e-39 1.33924e-38 2.06079e-38 3.14795e-38 4.77297e-38 7.18231e-38 1.07252e-37 1.58912e-37 2.33597e-37 3.40633e-37 4.92675e-37 7.06702e-37 1.00522e-36 1.4177e-36 1.98221e-36 2.74731e-36 3.77402e-36 5.13793e-36 6.93117e-36 9.26423e-36 1.22672e-35 1.60903e-35 2.09034e-35 2.68939e-35 3.42633e-35 4.3221e-35 5.39766e-35 6.67294e-35 8.16557e-35 9.88945e-35 1.18532e-34 1.40583e-34 1.64981e-34 1.91558e-34 2.20039e-34 2.50036e-34 2.81046e-34 3.12464e-34 3.43593e-34 3.73671e-34 4.01897e-34 4.27469e-34 4.49618e-34 4.67648e-34 4.80976e-34 4.89157e-34 4.91915e-34 4.89157e-34 4.80976e-34 4.67648e-34 4.49618e-34 4.27469e-34 4.01897e-34 3.73671e-34 3.43593e-34 3.12464e-34 2.81046e-34 2.50036e-34 2.20039e-34 1.91558e-34 1.64981e-34 1.40583e-34 1.18532e-34 9.88945e-35 8.16557e-35 6.67294e-35 5.39766e-35 4.3221e-35 3.42633e-35 2.68939e-35 2.09034e-35 1.60903e-35 1.22672e-35 9.26423e-36 6.93117e-36 5.13793e-36 3.77402e-36 2.74731e-36 1.98221e-36 1.4177e-36 1.00522e-36 7.06702e-37 4.92675e-37 3.40633e-37 2.33597e-37 1.58912e-37 1.07252e-37 7.18231e-38 4.77297e-38 3.14795e-38 2.06079e-38 1.33924e-38 8.64074e-39 5.53555e-39 3.52158e-39 2.22501e-39 1.39634e-39 8.70484e-40 5.39128e-40 3.31764e-40 2.0287e-40 1.23284e-40 7.44624e-41 4.47048e-41 2.6681e-41 1.58316e-41 9.34032e-42 5.4797e-42 3.19705e-42 1.85516e-42 1.07076e-42 6.14778e-43 3.51157e-43 1.99562e-43 1.12845e-43 6.34975e-44 3.55576e-44 1.98173e-44 1.09934e-44 6.07046e-45 3.33697e-45 1.82623e-45 9.95092e-46 5.39891e-46 2.91686e-46 1.56936e-46 8.40925e-47 4.48795e-47 2.38574e-47 1.26332e-47 6.6641e-48 3.50219e-48 1.83372e-48 9.56634e-49 4.97285e-49 2.57595e-49 1.32974e-49 6.84096e-50 3.50764e-50 1.79266e-50 9.1333e-51 4.64096e-51 2.35596e-51 1.20263e-51 6.32831e-52 3.73347e-52 
5.75696e-52 7.20462e-52 1.22564e-51 2.33753e-51 4.59453e-51 9.07999e-51 1.79266e-50 3.52987e-50 6.92909e-50 1.35576e-49 2.6439e-49 5.13851e-49 9.95249e-49 1.9209e-48 3.69431e-48 7.07927e-48 1.35159e-47 2.57085e-47 4.87142e-47 9.19506e-47 1.7288e-46 3.2374e-46 6.03784e-46 1.12142e-45 2.0741e-45 3.81972e-45 7.00394e-45 1.27859e-44 2.32361e-44 4.20344e-44 7.56875e-44 1.35639e-43 2.41909e-43 4.29327e-43 7.58155e-43 1.33206e-42 2.32834e-42 4.04846e-42 7.00184e-42 1.20441e-41 2.06032e-41 3.50472e-41 5.92772e-41 9.96769e-41 1.66621e-40 2.76855e-40 4.57207e-40 7.5036e-40 1.2237e-39 1.98282e-39 3.19187e-39 5.10405e-39 8.10668e-39 1.27873e-38 2.00298e-38 3.11517e-38 4.81002e-38 7.37256e-38 1.12162e-37 1.69346e-37 2.53721e-37 3.77169e-37 5.56237e-37 8.1372e-37 1.18067e-36 1.69889e-36 2.424e-36 3.42906e-36 4.80885e-36 6.6846e-36 9.20926e-36 1.25729e-35 1.70081e-35 2.27946e-35 3.02631e-35 3.97967e-35 5.18303e-35 6.68455e-35 8.53621e-35 1.07923e-34 1.35074e-34 1.67337e-34 2.05179e-34 2.48971e-34 2.98952e-34 3.5518e-34 4.17498e-34 4.85493e-34 5.58469e-34 6.35437e-34 7.15108e-34 7.95923e-34 8.76081e-34 9.53606e-34 1.02642e-33 1.09243e-33 1.14965e-33 1.19624e-33 1.2307e-33 1.25185e-33 1.25899e-33 1.25185e-33 1.2307e-33 1.19624e-33 1.14965e-33 1.09243e-33 1.02642e-33 9.53606e-34 8.76081e-34 7.95923e-34 7.15108e-34 6.35437e-34 5.58469e-34 4.85493e-34 4.17498e-34 3.5518e-34 2.98952e-34 2.48971e-34 2.05179e-34 1.67337e-34 1.35074e-34 1.07923e-34 8.53621e-35 6.68455e-35 5.18303e-35 3.97967e-35 3.02631e-35 2.27946e-35 1.70081e-35 1.25729e-35 9.20926e-36 6.6846e-36 4.80885e-36 3.42906e-36 2.424e-36 1.69889e-36 1.18067e-36 8.1372e-37 5.56237e-37 3.77169e-37 2.53721e-37 1.69346e-37 1.12162e-37 7.37256e-38 4.81002e-38 3.11517e-38 2.00298e-38 1.27873e-38 8.10668e-39 5.10405e-39 3.19187e-39 1.98282e-39 1.2237e-39 7.5036e-40 4.57207e-40 2.76855e-40 1.66621e-40 9.96769e-41 5.92772e-41 3.50472e-41 2.06032e-41 1.20441e-41 7.00184e-42 4.04846e-42 2.32834e-42 1.33206e-42 7.58155e-43 4.29327e-43 2.41909e-43 1.35639e-43 7.56875e-44 4.20344e-44 2.32361e-44 1.27859e-44 7.00394e-45 3.81972e-45 2.0741e-45 1.12142e-45 6.03784e-46 3.2374e-46 1.7288e-46 9.19506e-47 4.87142e-47 2.57085e-47 1.35159e-47 7.07927e-48 3.69431e-48 1.9209e-48 9.95249e-49 5.13851e-49 2.6439e-49 1.35576e-49 6.92909e-50 3.52987e-50 1.79266e-50 9.07999e-51 4.59453e-51 2.33753e-51 1.22564e-51 7.20462e-52 
1.10536e-51 1.38592e-51 2.36629e-51 4.52917e-51 8.93212e-51 1.77095e-50 3.50764e-50 6.92909e-50 1.36458e-49 2.67866e-49 5.24081e-49 1.02192e-48 1.98585e-48 3.84557e-48 7.42056e-48 1.42675e-47 2.73318e-47 5.21638e-47 9.91801e-47 1.87848e-46 3.54394e-46 6.65939e-46 1.2463e-45 2.32283e-45 4.31114e-45 7.96735e-45 1.46605e-44 2.68577e-44 4.8982e-44 8.89241e-44 1.60688e-43 2.88996e-43 5.17264e-43 9.21309e-43 1.63281e-42 2.87914e-42 5.05071e-42 8.81379e-42 1.52987e-41 2.64112e-41 4.5344e-41 7.74125e-41 1.31407e-40 2.21766e-40 3.72051e-40 6.20431e-40 1.02831e-39 1.69373e-39 2.77211e-39 4.5079e-39 7.28266e-39 1.16871e-38 1.86284e-38 2.94881e-38 4.63522e-38 7.23426e-38 1.1209e-37 1.724e-37 2.6318e-37 3.98711e-37 5.9938e-37 8.93984e-37 1.32278e-36 1.94142e-36 2.82601e-36 4.07938e-36 5.83881e-36 8.28533e-36 1.16546e-35 1.62491e-35 2.24519e-35 3.07406e-35 4.17019e-35 5.60437e-35 7.46059e-35 9.83653e-35 1.28435e-34 1.66051e-34 2.12555e-34 2.69352e-34 3.37865e-34 4.1946e-34 5.15369e-34 6.26589e-34 7.53773e-34 8.97123e-34 1.05628e-33 1.23021e-33 1.41719e-33 1.61466e-33 1.81935e-33 2.02723e-33 2.23364e-33 2.43347e-33 2.62132e-33 2.79175e-33 2.93955e-33 3.05998e-33 3.14907e-33 3.20378e-33 3.22223e-33 3.20378e-33 3.14907e-33 3.05998e-33 2.93955e-33 2.79175e-33 2.62132e-33 2.43347e-33 2.23364e-33 2.02723e-33 1.81935e-33 1.61466e-33 1.41719e-33 1.23021e-33 1.05628e-33 8.97123e-34 7.53773e-34 6.26589e-34 5.15369e-34 4.1946e-34 3.37865e-34 2.69352e-34 2.12555e-34 1.66051e-34 1.28435e-34 9.83653e-35 7.46059e-35 5.60437e-35 4.17019e-35 3.07406e-35 2.24519e-35 1.62491e-35 1.16546e-35 8.28533e-36 5.83881e-36 4.07938e-36 2.82601e-36 1.94142e-36 1.32278e-36 8.93984e-37 5.9938e-37 3.98711e-37 2.6318e-37 1.724e-37 1.1209e-37 7.23426e-38 4.63522e-38 2.94881e-38 1.86284e-38 1.16871e-38 7.28266e-39 4.5079e-39 2.77211e-39 1.69373e-39 1.02831e-39 6.20431e-40 3.72051e-40 2.21766e-40 1.31407e-40 7.74125e-41 4.5344e-41 2.64112e-41 1.52987e-41 8.81379e-42 5.05071e-42 2.87914e-42 1.63281e-42 9.21309e-43 5.17264e-43 2.88996e-43 1.60688e-43 8.89241e-44 4.8982e-44 2.68577e-44 1.46605e-44 7.96735e-45 4.31114e-45 2.32283e-45 1.2463e-45 6.65939e-46 3.54394e-46 1.87848e-46 9.91801e-47 5.21638e-47 2.73318e-47 1.42675e-47 7.42056e-48 3.84557e-48 1.98585e-48 1.02192e-48 5.24081e-49 2.67866e-49 1.36458e-49 6.92909e-50 3.50764e-50 1.77095e-50 8.93212e-51 4.52917e-51 2.36629e-51 1.38592e-51 
2.11524e-51 2.65714e-51 4.55337e-51 8.74671e-51 1.73077e-50 3.44274e-50 6.84096e-50 1.35576e-49 2.67866e-49 5.2754e-49 1.03553e-48 2.02589e-48 3.94991e-48 7.67453e-48 1.48588e-47 2.86656e-47 5.51001e-47 1.0552e-46 2.01314e-46 3.82604e-46 7.24319e-46 1.36579e-45 2.56499e-45 4.79735e-45 8.93515e-45 1.65712e-44 3.06005e-44 5.62588e-44 1.02969e-43 1.87604e-43 3.40224e-43 6.14097e-43 1.10312e-42 1.97191e-42 3.50745e-42 6.20724e-42 1.09287e-41 1.91409e-41 3.33456e-41 5.77775e-41 9.9559e-41 1.70593e-40 2.90641e-40 4.92294e-40 8.28934e-40 1.38739e-39 2.30788e-39 3.8152e-39 6.26707e-39 1.02284e-38 1.65842e-38 2.67102e-38 4.27275e-38 6.78787e-38 1.07079e-37 1.67713e-37 2.60778e-37 4.02496e-37 6.16574e-37 9.37321e-37 1.41389e-36 2.116e-36 3.14144e-36 4.62597e-36 6.75584e-36 9.78371e-36 1.40481e-35 1.99972e-35 2.82163e-35 3.94596e-35 5.46856e-35 7.50937e-35 1.02162e-34 1.37682e-34 1.83785e-34 2.42961e-34 3.18053e-34 4.12241e-34 5.28977e-34 6.71903e-34 8.44719e-34 1.051e-33 1.29401e-33 1.5764e-33 1.89997e-33 2.26536e-33 2.67175e-33 3.11665e-33 3.59564e-33 4.1023e-33 4.62816e-33 5.16287e-33 5.69441e-33 6.20951e-33 6.69415e-33 7.13419e-33 7.51603e-33 7.82734e-33 8.0577e-33 8.19922e-33 8.24695e-33 8.19922e-33 8.0577e-33 7.82734e-33 7.51603e-33 7.13419e-33 6.69415e-33 6.20951e-33 5.69441e-33 5.16287e-33 4.62816e-33 4.1023e-33 3.59564e-33 3.11665e-33 2.67175e-33 2.26536e-33 1.89997e-33 1.5764e-33 1.29401e-33 1.051e-33 8.44719e-34 6.71903e-34 5.28977e-34 4.12241e-34 3.18053e-34 2.42961e-34 1.83785e-34 1.37682e-34 1.02162e-34 7.50937e-35 5.46856e-35 3.94596e-35 2.82163e-35 1.99972e-35 1.40481e-35 9.78371e-36 6.75584e-36 4.62597e-36 3.14144e-36 2.116e-36 1.41389e-36 9.37321e-37 6.16574e-37 4.02496e-37 2.60778e-37 1.67713e-37 1.07079e-37 6.78787e-38 4.27275e-38 2.67102e-38 1.65842e-38 1.02284e-38 6.26707e-39 3.8152e-39 2.30788e-39 1.38739e-39 8.28934e-40 4.92294e-40 2.90641e-40 1.70593e-40 9.9559e-41 5.77775e-41 3.33456e-41 1.91409e-41 1.09287e-41 6.20724e-42 3.50745e-42 1.97191e-42 1.10312e-42 6.14097e-43 3.40224e-43 1.87604e-43 1.02969e-43 5.62588e-44 3.06005e-44 1.65712e-44 8.93515e-45 4.79735e-45 2.56499e-45 1.36579e-45 7.24319e-46 3.82604e-46 2.01314e-46 1.0552e-46 5.51001e-47 2.86656e-47 1.48588e-47 7.67453e-48 3.94991e-48 2.02589e-48 1.03553e-48 5.2754e-49 2.67866e-49 1.35576e-49 6.84096e-50 3.44274e-50 1.73077e-50 8.74671e-51 4.55337e-51 2.65714e-51 
4.03389e-51 5.07702e-51 8.73219e-51 1.68345e-50 3.34239e-50 6.67028e-50 1.32974e-49 2.6439e-49 5.24081e-49 1.03553e-48 2.03942e-48 4.00314e-48 7.8311e-48 1.52667e-47 2.96583e-47 5.74111e-47 1.10731e-46 2.12784e-46 4.07359e-46 7.76883e-46 1.47586e-45 2.79267e-45 5.26313e-45 9.87851e-45 1.84641e-44 3.43658e-44 6.36869e-44 1.17508e-43 2.15846e-43 3.94683e-43 7.1836e-43 1.30134e-42 2.34617e-42 4.20929e-42 7.51454e-42 1.33476e-41 2.35868e-41 4.1463e-41 7.25003e-41 1.26085e-40 2.18067e-40 3.7504e-40 6.41329e-40 1.09033e-39 1.84272e-39 3.09559e-39 5.16848e-39 8.5757e-39 1.41389e-38 2.31609e-38 3.76907e-38 6.09265e-38 9.78179e-38 1.55962e-37 2.46922e-37 3.88135e-37 6.05673e-37 9.38146e-37 1.4422e-36 2.20013e-36 3.33031e-36 5.00122e-36 7.45021e-36 1.10079e-35 1.61297e-35 2.34357e-35 3.376e-35 4.82105e-35 6.82398e-35 9.57268e-35 1.33068e-34 1.83272e-34 2.50063e-34 3.37967e-34 4.52393e-34 5.99679e-34 7.87097e-34 1.0228e-33 1.31569e-33 1.67519e-33 2.11092e-33 2.63225e-33 3.24776e-33 3.96455e-33 4.78755e-33 5.71871e-33 6.75628e-33 7.89411e-33 9.12109e-33 1.04209e-32 1.17718e-32 1.31472e-32 1.4516e-32 1.58439e-32 1.70943e-32 1.82305e-32 1.92171e-32 2.00219e-32 2.06176e-32 2.09837e-32 2.11072e-32 2.09837e-32 2.06176e-32 2.00219e-32 1.92171e-32 1.82305e-32 1.70943e-32 1.58439e-32 1.4516e-32 1.31472e-32 1.17718e-32 1.04209e-32 9.12109e-33 7.89411e-33 6.75628e-33 5.71871e-33 4.78755e-33 3.96455e-33 3.24776e-33 2.63225e-33 2.11092e-33 1.67519e-33 1.31569e-33 1.0228e-33 7.87097e-34 5.99679e-34 4.52393e-34 3.37967e-34 2.50063e-34 1.83272e-34 1.33068e-34 9.57268e-35 6.82398e-35 4.82105e-35 3.376e-35 2.34357e-35 1.61297e-35 1.10079e-35 7.45021e-36 5.00122e-36 3.33031e-36 2.20013e-36 1.4422e-36 9.38146e-37 6.05673e-37 3.88135e-37 2.46922e-37 1.55962e-37 9.78179e-38 6.09265e-38 3.76907e-38 2.31609e-38 1.41389e-38 8.5757e-39 5.16848e-39 3.09559e-39 1.84272e-39 1.09033e-39 6.41329e-40 3.7504e-40 2.18067e-40 1.26085e-40 7.25003e-41 4.1463e-41 2.35868e-41 1.33476e-41 7.51454e-42 4.20929e-42 2.34617e-42 1.30134e-42 7.1836e-43 3.94683e-43 2.15846e-43 1.17508e-43 6.36869e-44 3.43658e-44 1.84641e-44 9.87851e-45 5.26313e-45 2.79267e-45 1.47586e-45 7.76883e-46 4.07359e-46 2.12784e-46 1.10731e-46 5.74111e-47 2.96583e-47 1.52667e-47 7.8311e-48 4.00314e-48 2.03942e-48 1.03553e-48 5.24081e-49 2.6439e-49 1.32974e-49 6.67028e-50 3.34239e-50 1.68345e-50 8.73219e-51 5.07702e-51 
7.66608e-51 9.66701e-51 1.66882e-50 3.22893e-50 6.43257e-50 1.28795e-49 2.57595e-49 5.13851e-49 1.02192e-48 2.02589e-48 4.00314e-48 7.88401e-48 1.54749e-47 3.02704e-47 5.90057e-47 1.14611e-46 2.21815e-46 4.2772e-46 8.21683e-46 1.57252e-45 2.99784e-45 5.69259e-45 1.07664e-44 2.02797e-44 3.80407e-44 7.10562e-44 1.32156e-43 2.44722e-43 4.51155e-43 8.2796e-43 1.51248e-42 2.74998e-42 4.97614e-42 8.96072e-42 1.60561e-41 2.86253e-41 5.07724e-41 8.95852e-41 1.57229e-40 2.74459e-40 4.76461e-40 8.22504e-40 1.41178e-39 2.40917e-39 4.08692e-39 6.89137e-39 1.15491e-38 1.92344e-38 3.18306e-38 5.23358e-38 8.54854e-38 1.38698e-37 2.23505e-37 3.57673e-37 5.68349e-37 8.96647e-37 1.40427e-36 2.18297e-36 3.36788e-36 5.1561e-36 7.83225e-36 1.18031e-35 1.76437e-35 2.61584e-35 3.84594e-35 5.60667e-35 8.10328e-35 1.16094e-34 1.64853e-34 2.31984e-34 3.23474e-34 4.46868e-34 6.11535e-34 8.2891e-34 1.1127e-33 1.47905e-33 1.94652e-33 2.53603e-33 3.2705e-33 4.17431e-33 5.27249e-33 6.58953e-33 8.14803e-33 9.96695e-33 1.20597e-32 1.44322e-32 1.70808e-32 1.99904e-32 2.31331e-32 2.64675e-32 2.99379e-32 3.34757e-32 3.70007e-32 4.04238e-32 4.36503e-32 4.65844e-32 4.91337e-32 5.12144e-32 5.27552e-32 5.37023e-32 5.40218e-32 5.37023e-32 5.27552e-32 5.12144e-32 4.91337e-32 4.65844e-32 4.36503e-32 4.04238e-32 3.70007e-32 3.34757e-32 2.99379e-32 2.64675e-32 2.31331e-32 1.99904e-32 1.70808e-32 1.44322e-32 1.20597e-32 9.96695e-33 8.14803e-33 6.58953e-33 5.27249e-33 4.17431e-33 3.2705e-33 2.53603e-33 1.94652e-33 1.47905e-33 1.1127e-33 8.2891e-34 6.11535e-34 4.46868e-34 3.23474e-34 2.31984e-34 1.64853e-34 1.16094e-34 8.10328e-35 5.60667e-35 3.84594e-35 2.61584e-35 1.76437e-35 1.18031e-35 7.83225e-36 5.1561e-36 3.36788e-36 2.18297e-36 1.40427e-36 8.96647e-37 5.68349e-37 3.57673e-37 2.23505e-37 1.38698e-37 8.54854e-38 5.23358e-38 3.18306e-38 1.92344e-38 1.15491e-38 6.89137e-39 4.08692e-39 2.40917e-39 1.41178e-39 8.22504e-40 4.76461e-40 2.74459e-40 1.57229e-40 8.95852e-41 5.07724e-41 2.86253e-41 1.60561e-41 8.96072e-42 4.97614e-42 2.74998e-42 1.51248e-42 8.2796e-43 4.51155e-43 2.44722e-43 1.32156e-43 7.10562e-44 3.80407e-44 2.02797e-44 1.07664e-44 5.69259e-45 2.99784e-45 1.57252e-45 8.21683e-46 4.2772e-46 2.21815e-46 1.14611e-46 5.90057e-47 3.02704e-47 1.54749e-47 7.88401e-48 4.00314e-48 2.02589e-48 1.02192e-48 5.13851e-49 2.57595e-49 1.28795e-49 6.43257e-50 3.22893e-50 1.66882e-50 9.66701e-51 
1.45171e-50 1.83417e-50 3.17812e-50 6.17155e-50 1.23366e-49 2.47823e-49 4.97285e-49 9.95249e-49 1.98585e-48 3.94991e-48 7.8311e-48 1.54749e-47 3.04773e-47 5.98195e-47 1.17004e-46 2.28049e-46 4.42887e-46 8.56978e-46 1.65208e-45 3.17284e-45 6.07005e-45 1.15673e-44 2.19554e-44 4.15036e-44 7.81331e-44 1.46473e-43 2.73412e-43 5.08142e-43 9.4021e-43 1.73182e-42 3.17527e-42 5.79464e-42 1.05245e-41 1.90224e-41 3.42125e-41 6.12233e-41 1.08999e-40 1.93047e-40 3.40091e-40 5.95906e-40 1.03841e-39 1.79937e-39 3.10021e-39 5.31051e-39 9.04293e-39 1.5306e-38 2.57483e-38 4.30447e-38 7.15033e-38 1.1801e-37 1.93484e-37 3.15104e-37 5.09675e-37 8.18674e-37 1.30573e-36 2.06758e-36 3.25004e-36 5.07075e-36 7.85159e-36 1.20639e-35 1.83911e-35 2.78135e-35 4.17229e-35 6.20734e-35 9.15777e-35 1.33958e-34 1.94258e-34 2.79231e-34 3.97798e-34 5.61585e-34 7.85527e-34 1.08853e-33 1.49416e-33 2.03126e-33 2.73459e-33 3.64516e-33 4.81041e-33 6.28395e-33 8.12477e-33 1.03959e-32 1.31625e-32 1.64884e-32 2.04333e-32 2.50476e-32 3.03679e-32 3.64115e-32 4.31712e-32 5.06105e-32 5.86594e-32 6.72123e-32 7.61272e-32 8.52272e-32 9.43051e-32 1.0313e-31 1.11456e-31 1.19033e-31 1.25621e-31 1.31001e-31 1.34987e-31 1.37437e-31 1.38264e-31 1.37437e-31 1.34987e-31 1.31001e-31 1.25621e-31 1.19033e-31 1.11456e-31 1.0313e-31 9.43051e-32 8.52272e-32 7.61272e-32 6.72123e-32 5.86594e-32 5.06105e-32 4.31712e-32 3.64115e-32 3.03679e-32 2.50476e-32 2.04333e-32 1.64884e-32 1.31625e-32 1.03959e-32 8.12477e-33 6.28395e-33 4.81041e-33 3.64516e-33 2.73459e-33 2.03126e-33 1.49416e-33 1.08853e-33 7.85527e-34 5.61585e-34 3.97798e-34 2.79231e-34 1.94258e-34 1.33958e-34 9.15777e-35 6.20734e-35 4.17229e-35 2.78135e-35 1.83911e-35 1.20639e-35 7.85159e-36 5.07075e-36 3.25004e-36 2.06758e-36 1.30573e-36 8.18674e-37 5.09675e-37 3.15104e-37 1.93484e-37 1.1801e-37 7.15033e-38 4.30447e-38 2.57483e-38 1.5306e-38 9.04293e-39 5.31051e-39 3.10021e-39 1.79937e-39 1.03841e-39 5.95906e-40 3.40091e-40 1.93047e-40 1.08999e-40 6.12233e-41 3.42125e-41 1.90224e-41 1.05245e-41 5.79464e-42 3.17527e-42 1.73182e-42 9.4021e-43 5.08142e-43 2.73412e-43 1.46473e-43 7.81331e-44 4.15036e-44 2.19554e-44 1.15673e-44 6.07005e-45 3.17284e-45 1.65208e-45 8.56978e-46 4.42887e-46 2.28049e-46 1.17004e-46 5.98195e-47 3.04773e-47 1.54749e-47 7.8311e-48 3.94991e-48 1.98585e-48 9.95249e-49 4.97285e-49 2.47823e-49 1.23366e-49 6.17155e-50 3.17812e-50 1.83417e-50 
2.73918e-50 3.46759e-50 6.03084e-50 1.1754e-49 2.35758e-49 4.75173e-49 9.56634e-49 1.9209e-48 3.84557e-48 7.67453e-48 1.52667e-47 3.02704e-47 5.98195e-47 1.17813e-46 2.31231e-46 4.52245e-46 8.81351e-46 1.71137e-45 3.3108e-45 6.38094e-45 1.2251e-44 2.34295e-44 4.46303e-44 8.46721e-44 1.59979e-43 3.00998e-43 5.63914e-43 1.0519e-42 1.95351e-42 3.61161e-42 6.6465e-42 1.21747e-41 2.21951e-41 4.02673e-41 7.26953e-41 1.30581e-40 2.33362e-40 4.14875e-40 7.33671e-40 1.29044e-39 2.25728e-39 3.92642e-39 6.79094e-39 1.16772e-38 1.99606e-38 3.39149e-38 5.72717e-38 9.6111e-38 1.60265e-37 2.65515e-37 4.36989e-37 7.14381e-37 1.15989e-36 1.87014e-36 2.99399e-36 4.75869e-36 7.50813e-36 1.17578e-35 1.82731e-35 2.81794e-35 4.31148e-35 6.54392e-35 9.8516e-35 1.47086e-34 2.17758e-34 3.19632e-34 4.65095e-34 6.7079e-34 9.58789e-34 1.35797e-33 1.90557e-33 2.64893e-33 3.64721e-33 4.97323e-33 6.71494e-33 8.97661e-33 1.18793e-32 1.55603e-32 2.01714e-32 2.58757e-32 3.2842e-32 4.12377e-32 5.12194e-32 6.29215e-32 7.64433e-32 9.18352e-32 1.09084e-31 1.28103e-31 1.48715e-31 1.70652e-31 1.93552e-31 2.16959e-31 2.40338e-31 2.63089e-31 2.84574e-31 3.04145e-31 3.21172e-31 3.35084e-31 3.45395e-31 3.51737e-31 3.53876e-31 3.51737e-31 3.45395e-31 3.35084e-31 3.21172e-31 3.04145e-31 2.84574e-31 2.63089e-31 2.40338e-31 2.16959e-31 1.93552e-31 1.70652e-31 1.48715e-31 1.28103e-31 1.09084e-31 9.18352e-32 7.64433e-32 6.29215e-32 5.12194e-32 4.12377e-32 3.2842e-32 2.58757e-32 2.01714e-32 1.55603e-32 1.18793e-32 8.97661e-33 6.71494e-33 4.97323e-33 3.64721e-33 2.64893e-33 1.90557e-33 1.35797e-33 9.58789e-34 6.7079e-34 4.65095e-34 3.19632e-34 2.17758e-34 1.47086e-34 9.8516e-35 6.54392e-35 4.31148e-35 2.81794e-35 1.82731e-35 1.17578e-35 7.50813e-36 4.75869e-36 2.99399e-36 1.87014e-36 1.15989e-36 7.14381e-37 4.36989e-37 2.65515e-37 1.60265e-37 9.6111e-38 5.72717e-38 3.39149e-38 1.99606e-38 1.16772e-38 6.79094e-39 3.92642e-39 2.25728e-39 1.29044e-39 7.33671e-40 4.14875e-40 2.33362e-40 1.30581e-40 7.26953e-41 4.02673e-41 2.21951e-41 1.21747e-41 6.6465e-42 3.61161e-42 1.95351e-42 1.0519e-42 5.63914e-43 3.00998e-43 1.59979e-43 8.46721e-44 4.46303e-44 2.34295e-44 1.2251e-44 6.38094e-45 3.3108e-45 1.71137e-45 8.81351e-46 4.52245e-46 2.31231e-46 1.17813e-46 5.98195e-47 3.02704e-47 1.52667e-47 7.67453e-48 3.84557e-48 1.9209e-48 9.56634e-49 4.75173e-49 2.35758e-49 1.1754e-49 6.03084e-50 3.46759e-50 
5.14957e-50 6.53179e-50 1.14027e-49 2.2305e-49 4.48921e-49 9.07822e-49 1.83372e-48 3.69431e-48 7.42056e-48 1.48588e-47 2.96583e-47 5.90057e-47 1.17004e-46 2.31231e-46 4.55409e-46 8.93798e-46 1.74797e-45 3.4061e-45 6.61276e-45 1.27903e-44 2.46445e-44 4.73013e-44 9.04294e-44 1.72186e-43 3.26516e-43 6.16594e-43 1.15944e-42 2.17079e-42 4.04644e-42 7.50894e-42 1.38707e-41 2.55033e-41 4.66698e-41 8.49918e-41 1.54021e-40 2.77721e-40 4.98219e-40 8.89146e-40 1.57843e-39 2.78698e-39 4.89391e-39 8.54567e-39 1.48374e-38 2.56123e-38 4.39508e-38 7.49664e-38 1.27086e-37 2.14099e-37 3.58394e-37 5.96059e-37 9.84796e-37 1.61614e-36 2.6341e-36 4.26338e-36 6.85151e-36 1.09314e-35 1.73126e-35 2.72137e-35 4.2452e-35 6.57099e-35 1.00908e-34 1.53719e-34 2.32257e-34 3.48011e-34 5.17055e-34 7.61619e-34 1.11208e-33 1.6094e-33 2.30814e-33 3.27996e-33 4.61764e-33 6.43951e-33 8.89416e-33 1.21651e-32 1.64748e-32 2.20881e-32 2.93138e-32 3.85035e-32 5.00476e-32 6.43671e-32 8.19005e-32 1.03085e-31 1.28332e-31 1.58e-31 1.92357e-31 2.31549e-31 2.75557e-31 3.24168e-31 3.76947e-31 4.33212e-31 4.92033e-31 5.52239e-31 6.12447e-31 6.71105e-31 7.26554e-31 7.77104e-31 8.21116e-31 8.57096e-31 8.83774e-31 9.00186e-31 9.05725e-31 9.00186e-31 8.83774e-31 8.57096e-31 8.21116e-31 7.77104e-31 7.26554e-31 6.71105e-31 6.12447e-31 5.52239e-31 4.92033e-31 4.33212e-31 3.76947e-31 3.24168e-31 2.75557e-31 2.31549e-31 1.92357e-31 1.58e-31 1.28332e-31 1.03085e-31 8.19005e-32 6.43671e-32 5.00476e-32 3.85035e-32 2.93138e-32 2.20881e-32 1.64748e-32 1.21651e-32 8.89416e-33 6.43951e-33 4.61764e-33 3.27996e-33 2.30814e-33 1.6094e-33 1.11208e-33 7.61619e-34 5.17055e-34 3.48011e-34 2.32257e-34 1.53719e-34 1.00908e-34 6.57099e-35 4.2452e-35 2.72137e-35 1.73126e-35 1.09314e-35 6.85151e-36 4.26338e-36 2.6341e-36 1.61614e-36 9.84796e-37 5.96059e-37 3.58394e-37 2.14099e-37 1.27086e-37 7.49664e-38 4.39508e-38 2.56123e-38 1.48374e-38 8.54567e-39 4.89391e-39 2.78698e-39 1.57843e-39 8.89146e-40 4.98219e-40 2.77721e-40 1.54021e-40 8.49918e-41 4.66698e-41 2.55033e-41 1.38707e-41 7.50894e-42 4.04644e-42 2.17079e-42 1.15944e-42 6.16594e-43 3.26516e-43 1.72186e-43 9.04294e-44 4.73013e-44 2.46445e-44 1.27903e-44 6.61276e-45 3.4061e-45 1.74797e-45 8.93798e-46 4.55409e-46 2.31231e-46 1.17004e-46 5.90057e-47 2.96583e-47 1.48588e-47 7.42056e-48 3.69431e-48 1.83372e-48 9.07822e-49 4.48921e-49 2.2305e-49 1.14027e-49 6.53179e-50 
9.64508e-50 1.22582e-49 2.14801e-49 4.2172e-49 8.51693e-49 1.72808e-48 3.50219e-48 7.07927e-48 1.42675e-47 2.86656e-47 5.74111e-47 1.14611e-46 2.28049e-46 4.52245e-46 8.93798e-46 1.76034e-45 3.45478e-45 6.75589e-45 1.3163e-44 2.55509e-44 4.94096e-44 9.51781e-44 1.82622e-43 3.49004e-43 6.64256e-43 1.25903e-42 2.37628e-42 4.46567e-42 8.35544e-42 1.55636e-41 2.88583e-41 5.3262e-41 9.78388e-41 1.7886e-40 3.25374e-40 5.88956e-40 1.06065e-39 1.90022e-39 3.38643e-39 6.00262e-39 1.05817e-38 1.85499e-38 3.23335e-38 5.60328e-38 9.65301e-38 1.65297e-37 2.8132e-37 4.75793e-37 7.9959e-37 1.33504e-36 2.21437e-36 3.64818e-36 5.96927e-36 9.69902e-36 1.56473e-35 2.50612e-35 3.98432e-35 6.28694e-35 9.84457e-35 1.52956e-34 2.3577e-34 3.60497e-34 5.46693e-34 8.2215e-34 1.22592e-33 1.81223e-33 2.65546e-33 3.85638e-33 5.54967e-33 7.91295e-33 1.11771e-32 1.56378e-32 2.16678e-32 2.97291e-32 4.03844e-32 5.43058e-32 7.22802e-32 9.52075e-32 1.24091e-31 1.60019e-31 2.04127e-31 2.57558e-31 3.21394e-31 3.96584e-31 4.83857e-31 5.83623e-31 6.95879e-31 8.20116e-31 9.55245e-31 1.09954e-30 1.25062e-30 1.40548e-30 1.56054e-30 1.71178e-30 1.85489e-30 1.98547e-30 2.09924e-30 2.19231e-30 2.26134e-30 2.30382e-30 2.31816e-30 2.30382e-30 2.26134e-30 2.19231e-30 2.09924e-30 1.98547e-30 1.85489e-30 1.71178e-30 1.56054e-30 1.40548e-30 1.25062e-30 1.09954e-30 9.55245e-31 8.20116e-31 6.95879e-31 5.83623e-31 4.83857e-31 3.96584e-31 3.21394e-31 2.57558e-31 2.04127e-31 1.60019e-31 1.24091e-31 9.52075e-32 7.22802e-32 5.43058e-32 4.03844e-32 2.97291e-32 2.16678e-32 1.56378e-32 1.11771e-32 7.91295e-33 5.54967e-33 3.85638e-33 2.65546e-33 1.81223e-33 1.22592e-33 8.2215e-34 5.46693e-34 3.60497e-34 2.3577e-34 1.52956e-34 9.84457e-35 6.28694e-35 3.98432e-35 2.50612e-35 1.56473e-35 9.69902e-36 5.96927e-36 3.64818e-36 2.21437e-36 1.33504e-36 7.9959e-37 4.75793e-37 2.8132e-37 1.65297e-37 9.65301e-38 5.60328e-38 3.23335e-38 1.85499e-38 1.05817e-38 6.00262e-39 3.38643e-39 1.90022e-39 1.06065e-39 5.88956e-40 3.25374e-40 1.7886e-40 9.78388e-41 5.3262e-41 2.88583e-41 1.55636e-41 8.35544e-42 4.46567e-42 2.37628e-42 1.25903e-42 6.64256e-43 3.49004e-43 1.82622e-43 9.51781e-44 4.94096e-44 2.55509e-44 1.3163e-44 6.75589e-45 3.45478e-45 1.76034e-45 8.93798e-46 4.52245e-46 2.28049e-46 1.14611e-46 5.74111e-47 2.86656e-47 1.42675e-47 7.07927e-48 3.50219e-48 1.72808e-48 8.51693e-49 4.2172e-49 2.14801e-49 1.22582e-49 
