8.32765e-101 8.55121e-101 9.23174e-101 1.03991e-100 1.21042e-100 1.44206e-100 1.74469e-100 2.13099e-100 2.61689e-100 3.22198e-100 3.97018e-100 4.89037e-100 6.01724e-100 7.39224e-100 9.0646e-100 1.10927e-099 1.35454e-099 1.65036e-099 2.00623e-099 2.43323e-099 2.94429e-099 3.5544e-099 4.28093e-099 5.1439e-099 6.16636e-099 7.37473e-099 8.79921e-099 1.04742e-098 1.24387e-098 1.4737e-098 1.74189e-098 2.05405e-098 2.41645e-098 2.83609e-098 3.32079e-098 3.87916e-098 4.52075e-098 5.25604e-098 6.09652e-098 7.05474e-098 8.14432e-098 9.38001e-098 1.07777e-097 1.23544e-097 1.41284e-097 1.61189e-097 1.83465e-097 2.08326e-097 2.35997e-097 2.66711e-097 3.00711e-097 3.38243e-097 3.79559e-097 4.24916e-097 4.74566e-097 5.28764e-097 5.87758e-097 6.51787e-097 7.21079e-097 7.95849e-097 8.76291e-097 9.62579e-097 1.05486e-096 1.15324e-096 1.25782e-096 1.36862e-096 1.48565e-096 1.60887e-096 1.73818e-096 1.87342e-096 2.01439e-096 2.16084e-096 2.31242e-096 2.46877e-096 2.62944e-096 2.79391e-096 2.96162e-096 3.13195e-096 3.3042e-096 3.47765e-096 3.65151e-096 3.82495e-096 3.99712e-096 4.16711e-096 4.334e-096 4.49687e-096 4.65477e-096 4.80677e-096 4.95193e-096 5.08935e-096 5.21815e-096 5.33749e-096 5.44658e-096 5.54469e-096 5.63115e-096 5.70535e-096 5.7668e-096 5.81505e-096 5.84975e-096 5.87068e-096 5.87767e-096 5.87068e-096 5.84975e-096 5.81505e-096 5.7668e-096 5.70535e-096 5.63115e-096 5.54469e-096 5.44658e-096 5.33749e-096 5.21815e-096 5.08935e-096 4.95193e-096 4.80677e-096 4.65477e-096 4.49687e-096 4.334e-096 4.16711e-096 3.99712e-096 3.82495e-096 3.65151e-096 3.47765e-096 3.3042e-096 3.13195e-096 2.96162e-096 2.79391e-096 2.62944e-096 2.46877e-096 2.31242e-096 2.16084e-096 2.01439e-096 1.87342e-096 1.73818e-096 1.60887e-096 1.48565e-096 1.36862e-096 1.25782e-096 1.15324e-096 1.05486e-096 9.62579e-097 8.76291e-097 7.95849e-097 7.21079e-097 6.51787e-097 5.87758e-097 5.28764e-097 4.74566e-097 4.24916e-097 3.79559e-097 3.38243e-097 3.00711e-097 2.66711e-097 2.35997e-097 2.08326e-097 1.83465e-097 1.61189e-097 1.41284e-097 1.23544e-097 1.07777e-097 9.38001e-098 8.14432e-098 7.05474e-098 6.09652e-098 5.25604e-098 4.52075e-098 3.87916e-098 3.32079e-098 2.83609e-098 2.41645e-098 2.05405e-098 1.74189e-098 1.4737e-098 1.24387e-098 1.04742e-098 8.79921e-099 7.37473e-099 6.16636e-099 5.1439e-099 4.28093e-099 3.5544e-099 2.94429e-099 2.43323e-099 2.00623e-099 1.65036e-099 1.35454e-099 1.10927e-099 9.0646e-100 7.39224e-100 6.01724e-100 4.89037e-100 3.97018e-100 3.22198e-100 2.61689e-100 2.13099e-100 1.74469e-100 1.44206e-100 1.21042e-100 1.03991e-100 9.23174e-101 8.55121e-101 
8.55121e-101 8.78077e-101 9.47956e-101 1.06782e-100 1.24291e-100 1.48076e-100 1.79151e-100 2.18818e-100 2.6871e-100 3.30843e-100 4.07669e-100 5.02156e-100 6.17866e-100 7.59052e-100 9.30773e-100 1.13902e-099 1.39086e-099 1.69462e-099 2.06002e-099 2.49847e-099 3.02323e-099 3.6497e-099 4.3957e-099 5.2818e-099 6.33166e-099 7.57241e-099 9.03506e-099 1.07549e-098 1.27721e-098 1.5132e-098 1.78857e-098 2.10909e-098 2.4812e-098 2.91209e-098 3.40976e-098 3.98309e-098 4.64186e-098 5.39684e-098 6.25984e-098 7.24372e-098 8.36247e-098 9.63125e-098 1.10664e-097 1.26853e-097 1.45068e-097 1.65506e-097 1.88378e-097 2.13905e-097 2.42316e-097 2.73853e-097 3.08762e-097 3.47299e-097 3.89721e-097 4.36292e-097 4.87271e-097 5.4292e-097 6.03492e-097 6.69234e-097 7.40381e-097 8.17152e-097 8.99746e-097 9.88343e-097 1.08309e-096 1.18411e-096 1.29148e-096 1.40525e-096 1.52541e-096 1.65193e-096 1.78469e-096 1.92355e-096 2.0683e-096 2.21866e-096 2.3743e-096 2.53483e-096 2.6998e-096 2.86867e-096 3.04086e-096 3.21574e-096 3.39261e-096 3.57069e-096 3.7492e-096 3.92729e-096 4.10405e-096 4.27859e-096 4.44995e-096 4.61717e-096 4.7793e-096 4.93536e-096 5.0844e-096 5.22549e-096 5.35774e-096 5.48027e-096 5.59228e-096 5.69301e-096 5.78178e-096 5.85798e-096 5.92106e-096 5.9706e-096 6.00624e-096 6.02772e-096 6.0349e-096 6.02772e-096 6.00624e-096 5.9706e-096 5.92106e-096 5.85798e-096 5.78178e-096 5.69301e-096 5.59228e-096 5.48027e-096 5.35774e-096 5.22549e-096 5.0844e-096 4.93536e-096 4.7793e-096 4.61717e-096 4.44995e-096 4.27859e-096 4.10405e-096 3.92729e-096 3.7492e-096 3.57069e-096 3.39261e-096 3.21574e-096 3.04086e-096 2.86867e-096 2.6998e-096 2.53483e-096 2.3743e-096 2.21866e-096 2.0683e-096 1.92355e-096 1.78469e-096 1.65193e-096 1.52541e-096 1.40525e-096 1.29148e-096 1.18411e-096 1.08309e-096 9.88343e-097 8.99746e-097 8.17152e-097 7.40381e-097 6.69234e-097 6.03492e-097 5.4292e-097 4.87271e-097 4.36292e-097 3.89721e-097 3.47299e-097 3.08762e-097 2.73853e-097 2.42316e-097 2.13905e-097 1.88378e-097 1.65506e-097 1.45068e-097 1.26853e-097 1.10664e-097 9.63125e-098 8.36247e-098 7.24372e-098 6.25984e-098 5.39684e-098 4.64186e-098 3.98309e-098 3.40976e-098 2.91209e-098 2.4812e-098 2.10909e-098 1.78857e-098 1.5132e-098 1.27721e-098 1.07549e-098 9.03506e-099 7.57241e-099 6.33166e-099 5.2818e-099 4.3957e-099 3.6497e-099 3.02323e-099 2.49847e-099 2.06002e-099 1.69462e-099 1.39086e-099 1.13902e-099 9.30773e-100 7.59052e-100 6.17866e-100 5.02156e-100 4.07669e-100 3.30843e-100 2.6871e-100 2.18818e-100 1.79151e-100 1.48076e-100 1.24291e-100 1.06782e-100 9.47956e-101 8.78077e-101 
9.23174e-101 9.47956e-101 1.02339e-100 1.15279e-100 1.3418e-100 1.59857e-100 1.93403e-100 2.36224e-100 2.90085e-100 3.57157e-100 4.40092e-100 5.42091e-100 6.67e-100 8.1941e-100 1.00478e-099 1.22958e-099 1.50144e-099 1.82934e-099 2.22378e-099 2.69708e-099 3.26353e-099 3.93978e-099 4.74505e-099 5.70155e-099 6.83483e-099 8.17415e-099 9.75298e-099 1.16095e-098 1.37868e-098 1.63341e-098 1.93066e-098 2.27664e-098 2.67829e-098 3.1434e-098 3.68059e-098 4.29944e-098 5.01052e-098 5.82545e-098 6.75696e-098 7.81894e-098 9.02651e-098 1.0396e-097 1.1945e-097 1.36925e-097 1.56585e-097 1.78646e-097 2.03333e-097 2.30885e-097 2.61552e-097 2.95591e-097 3.33271e-097 3.74865e-097 4.20654e-097 4.70919e-097 5.25943e-097 5.86007e-097 6.51385e-097 7.22343e-097 7.99134e-097 8.81995e-097 9.71141e-097 1.06677e-096 1.16903e-096 1.27806e-096 1.39395e-096 1.51674e-096 1.64644e-096 1.78298e-096 1.92628e-096 2.07615e-096 2.23237e-096 2.39466e-096 2.56265e-096 2.73591e-096 2.91395e-096 3.09622e-096 3.28207e-096 3.47081e-096 3.6617e-096 3.85391e-096 4.04657e-096 4.23878e-096 4.42956e-096 4.61793e-096 4.80288e-096 4.98336e-096 5.15834e-096 5.32677e-096 5.48763e-096 5.63991e-096 5.78264e-096 5.91489e-096 6.03578e-096 6.1445e-096 6.24031e-096 6.32254e-096 6.39063e-096 6.44409e-096 6.48256e-096 6.50574e-096 6.51349e-096 6.50574e-096 6.48256e-096 6.44409e-096 6.39063e-096 6.32254e-096 6.24031e-096 6.1445e-096 6.03578e-096 5.91489e-096 5.78264e-096 5.63991e-096 5.48763e-096 5.32677e-096 5.15834e-096 4.98336e-096 4.80288e-096 4.61793e-096 4.42956e-096 4.23878e-096 4.04657e-096 3.85391e-096 3.6617e-096 3.47081e-096 3.28207e-096 3.09622e-096 2.91395e-096 2.73591e-096 2.56265e-096 2.39466e-096 2.23237e-096 2.07615e-096 1.92628e-096 1.78298e-096 1.64644e-096 1.51674e-096 1.39395e-096 1.27806e-096 1.16903e-096 1.06677e-096 9.71141e-097 8.81995e-097 7.99134e-097 7.22343e-097 6.51385e-097 5.86007e-097 5.25943e-097 4.70919e-097 4.20654e-097 3.74865e-097 3.33271e-097 2.95591e-097 2.61552e-097 2.30885e-097 2.03333e-097 1.78646e-097 1.56585e-097 1.36925e-097 1.1945e-097 1.0396e-097 9.02651e-098 7.81894e-098 6.75696e-098 5.82545e-098 5.01052e-098 4.29944e-098 3.68059e-098 3.1434e-098 2.67829e-098 2.27664e-098 1.93066e-098 1.63341e-098 1.37868e-098 1.16095e-098 9.75298e-099 8.17415e-099 6.83483e-099 5.70155e-099 4.74505e-099 3.93978e-099 3.26353e-099 2.69708e-099 2.22378e-099 1.82934e-099 1.50144e-099 1.22958e-099 1.00478e-099 8.1941e-100 6.67e-100 5.42091e-100 4.40092e-100 3.57157e-100 2.90085e-100 2.36224e-100 1.93403e-100 1.59857e-100 1.3418e-100 1.15279e-100 1.02339e-100 9.47956e-101 
1.03991e-100 1.06782e-100 1.15279e-100 1.29855e-100 1.51144e-100 1.80066e-100 2.17851e-100 2.66083e-100 3.26749e-100 4.02296e-100 4.95709e-100 6.10594e-100 7.51282e-100 9.22944e-100 1.13173e-099 1.38492e-099 1.69112e-099 2.06042e-099 2.50468e-099 3.03774e-099 3.67573e-099 4.43736e-099 5.3443e-099 6.42156e-099 7.6979e-099 9.2063e-099 1.09844e-098 1.30752e-098 1.55275e-098 1.83963e-098 2.17439e-098 2.56402e-098 3.01637e-098 3.54017e-098 4.14514e-098 4.84208e-098 5.64288e-098 6.56062e-098 7.60965e-098 8.80561e-098 1.01655e-097 1.17078e-097 1.34522e-097 1.542e-097 1.76341e-097 2.01184e-097 2.28984e-097 2.60011e-097 2.94545e-097 3.32877e-097 3.75308e-097 4.22148e-097 4.7371e-097 5.30313e-097 5.92275e-097 6.59912e-097 7.33532e-097 8.13436e-097 8.99908e-097 9.93215e-097 1.0936e-096 1.20128e-096 1.31643e-096 1.43921e-096 1.5697e-096 1.70797e-096 1.85401e-096 2.00777e-096 2.16913e-096 2.33789e-096 2.5138e-096 2.69654e-096 2.8857e-096 3.08079e-096 3.28127e-096 3.48651e-096 3.69578e-096 3.90831e-096 4.12325e-096 4.33968e-096 4.55662e-096 4.77304e-096 4.98787e-096 5.19997e-096 5.40822e-096 5.61145e-096 5.80847e-096 5.99813e-096 6.17926e-096 6.35072e-096 6.51143e-096 6.66034e-096 6.79647e-096 6.91888e-096 7.02676e-096 7.11936e-096 7.19602e-096 7.25622e-096 7.29953e-096 7.32564e-096 7.33436e-096 7.32564e-096 7.29953e-096 7.25622e-096 7.19602e-096 7.11936e-096 7.02676e-096 6.91888e-096 6.79647e-096 6.66034e-096 6.51143e-096 6.35072e-096 6.17926e-096 5.99813e-096 5.80847e-096 5.61145e-096 5.40822e-096 5.19997e-096 4.98787e-096 4.77304e-096 4.55662e-096 4.33968e-096 4.12325e-096 3.90831e-096 3.69578e-096 3.48651e-096 3.28127e-096 3.08079e-096 2.8857e-096 2.69654e-096 2.5138e-096 2.33789e-096 2.16913e-096 2.00777e-096 1.85401e-096 1.70797e-096 1.5697e-096 1.43921e-096 1.31643e-096 1.20128e-096 1.0936e-096 9.93215e-097 8.99908e-097 8.13436e-097 7.33532e-097 6.59912e-097 5.92275e-097 5.30313e-097 4.7371e-097 4.22148e-097 3.75308e-097 3.32877e-097 2.94545e-097 2.60011e-097 2.28984e-097 2.01184e-097 1.76341e-097 1.542e-097 1.34522e-097 1.17078e-097 1.01655e-097 8.80561e-098 7.60965e-098 6.56062e-098 5.64288e-098 4.84208e-098 4.14514e-098 3.54017e-098 3.01637e-098 2.56402e-098 2.17439e-098 1.83963e-098 1.55275e-098 1.30752e-098 1.09844e-098 9.2063e-099 7.6979e-099 6.42156e-099 5.3443e-099 4.43736e-099 3.67573e-099 3.03774e-099 2.50468e-099 2.06042e-099 1.69112e-099 1.38492e-099 1.13173e-099 9.22944e-100 7.51282e-100 6.10594e-100 4.95709e-100 4.02296e-100 3.26749e-100 2.66083e-100 2.17851e-100 1.80066e-100 1.51144e-100 1.29855e-100 1.15279e-100 1.06782e-100 
1.21042e-100 1.24291e-100 1.3418e-100 1.51144e-100 1.75922e-100 2.09583e-100 2.5356e-100 3.09695e-100 3.803e-100 4.68225e-100 5.76942e-100 7.10647e-100 8.74382e-100 1.07416e-099 1.31715e-099 1.61181e-099 1.96816e-099 2.39794e-099 2.91495e-099 3.5353e-099 4.27776e-099 5.16409e-099 6.21953e-099 7.47316e-099 8.95846e-099 1.07138e-098 1.2783e-098 1.5216e-098 1.80696e-098 2.1408e-098 2.53035e-098 2.98375e-098 3.51013e-098 4.11964e-098 4.82362e-098 5.6346e-098 6.56642e-098 7.63432e-098 8.85499e-098 1.02466e-097 1.1829e-097 1.36235e-097 1.56533e-097 1.79431e-097 2.05193e-097 2.34099e-097 2.66447e-097 3.02549e-097 3.42731e-097 3.87331e-097 4.36702e-097 4.91201e-097 5.51195e-097 6.17055e-097 6.89149e-097 7.67845e-097 8.53503e-097 9.46471e-097 1.04708e-096 1.15564e-096 1.27244e-096 1.39772e-096 1.5317e-096 1.67455e-096 1.82638e-096 1.98725e-096 2.15717e-096 2.33606e-096 2.52379e-096 2.72013e-096 2.9248e-096 3.13741e-096 3.35748e-096 3.58447e-096 3.81771e-096 4.05649e-096 4.29996e-096 4.54723e-096 4.7973e-096 5.04909e-096 5.30149e-096 5.55328e-096 5.80321e-096 6.04998e-096 6.29226e-096 6.5287e-096 6.75792e-096 6.97857e-096 7.18929e-096 7.38878e-096 7.57575e-096 7.749e-096 7.90736e-096 8.04978e-096 8.17529e-096 8.28301e-096 8.37221e-096 8.44224e-096 8.49263e-096 8.52301e-096 8.53316e-096 8.52301e-096 8.49263e-096 8.44224e-096 8.37221e-096 8.28301e-096 8.17529e-096 8.04978e-096 7.90736e-096 7.749e-096 7.57575e-096 7.38878e-096 7.18929e-096 6.97857e-096 6.75792e-096 6.5287e-096 6.29226e-096 6.04998e-096 5.80321e-096 5.55328e-096 5.30149e-096 5.04909e-096 4.7973e-096 4.54723e-096 4.29996e-096 4.05649e-096 3.81771e-096 3.58447e-096 3.35748e-096 3.13741e-096 2.9248e-096 2.72013e-096 2.52379e-096 2.33606e-096 2.15717e-096 1.98725e-096 1.82638e-096 1.67455e-096 1.5317e-096 1.39772e-096 1.27244e-096 1.15564e-096 1.04708e-096 9.46471e-097 8.53503e-097 7.67845e-097 6.89149e-097 6.17055e-097 5.51195e-097 4.91201e-097 4.36702e-097 3.87331e-097 3.42731e-097 3.02549e-097 2.66447e-097 2.34099e-097 2.05193e-097 1.79431e-097 1.56533e-097 1.36235e-097 1.1829e-097 1.02466e-097 8.85499e-098 7.63432e-098 6.56642e-098 5.6346e-098 4.82362e-098 4.11964e-098 3.51013e-098 2.98375e-098 2.53035e-098 2.1408e-098 1.80696e-098 1.5216e-098 1.2783e-098 1.07138e-098 8.95846e-099 7.47316e-099 6.21953e-099 5.16409e-099 4.27776e-099 3.5353e-099 2.91495e-099 2.39794e-099 1.96816e-099 1.61181e-099 1.31715e-099 1.07416e-099 8.74382e-100 7.10647e-100 5.76942e-100 4.68225e-100 3.803e-100 3.09695e-100 2.5356e-100 2.09583e-100 1.75922e-100 1.51144e-100 1.3418e-100 1.24291e-100 
1.44206e-100 1.48076e-100 1.59857e-100 1.80066e-100 2.09583e-100 2.49682e-100 3.02069e-100 3.6894e-100 4.53048e-100 5.57787e-100 6.87293e-100 8.46565e-100 1.04161e-099 1.27959e-099 1.56903e-099 1.92002e-099 2.34449e-099 2.85643e-099 3.47227e-099 4.2112e-099 5.09555e-099 6.15129e-099 7.40844e-099 8.90165e-099 1.06708e-098 1.27615e-098 1.52261e-098 1.81241e-098 2.15229e-098 2.54991e-098 3.01388e-098 3.5539e-098 4.18083e-098 4.90678e-098 5.74522e-098 6.71111e-098 7.82091e-098 9.09278e-098 1.05466e-097 1.2204e-097 1.40886e-097 1.62258e-097 1.86432e-097 2.13702e-097 2.44383e-097 2.78809e-097 3.17333e-097 3.60328e-097 4.08181e-097 4.61297e-097 5.20093e-097 5.84996e-097 6.56443e-097 7.34875e-097 8.20731e-097 9.14449e-097 1.01646e-096 1.12717e-096 1.24698e-096 1.37627e-096 1.51536e-096 1.66455e-096 1.8241e-096 1.99421e-096 2.17501e-096 2.36658e-096 2.56892e-096 2.78195e-096 3.0055e-096 3.23932e-096 3.48304e-096 3.73621e-096 3.99828e-096 4.26858e-096 4.54633e-096 4.83066e-096 5.12059e-096 5.41503e-096 5.71281e-096 6.01265e-096 6.3132e-096 6.61303e-096 6.91064e-096 7.20449e-096 7.493e-096 7.77454e-096 8.04749e-096 8.31023e-096 8.56116e-096 8.7987e-096 9.02134e-096 9.22763e-096 9.41621e-096 9.5858e-096 9.73524e-096 9.86352e-096 9.96973e-096 1.00531e-095 1.01131e-095 1.01493e-095 1.01614e-095 1.01493e-095 1.01131e-095 1.00531e-095 9.96973e-096 9.86352e-096 9.73524e-096 9.5858e-096 9.41621e-096 9.22763e-096 9.02134e-096 8.7987e-096 8.56116e-096 8.31023e-096 8.04749e-096 7.77454e-096 7.493e-096 7.20449e-096 6.91064e-096 6.61303e-096 6.3132e-096 6.01265e-096 5.71281e-096 5.41503e-096 5.12059e-096 4.83066e-096 4.54633e-096 4.26858e-096 3.99828e-096 3.73621e-096 3.48304e-096 3.23932e-096 3.0055e-096 2.78195e-096 2.56892e-096 2.36658e-096 2.17501e-096 1.99421e-096 1.8241e-096 1.66455e-096 1.51536e-096 1.37627e-096 1.24698e-096 1.12717e-096 1.01646e-096 9.14449e-097 8.20731e-097 7.34875e-097 6.56443e-097 5.84996e-097 5.20093e-097 4.61297e-097 4.08181e-097 3.60328e-097 3.17333e-097 2.78809e-097 2.44383e-097 2.13702e-097 1.86432e-097 1.62258e-097 1.40886e-097 1.2204e-097 1.05466e-097 9.09278e-098 7.82091e-098 6.71111e-098 5.74522e-098 4.90678e-098 4.18083e-098 3.5539e-098 3.01388e-098 2.54991e-098 2.15229e-098 1.81241e-098 1.52261e-098 1.27615e-098 1.06708e-098 8.90165e-099 7.40844e-099 6.15129e-099 5.09555e-099 4.2112e-099 3.47227e-099 2.85643e-099 2.34449e-099 1.92002e-099 1.56903e-099 1.27959e-099 1.04161e-099 8.46565e-100 6.87293e-100 5.57787e-100 4.53048e-100 3.6894e-100 3.02069e-100 2.49682e-100 2.09583e-100 1.80066e-100 1.59857e-100 1.48076e-100 
1.74469e-100 1.79151e-100 1.93403e-100 2.17851e-100 2.5356e-100 3.02069e-100 3.65444e-100 4.46341e-100 5.48089e-100 6.74793e-100 8.31458e-100 1.02413e-099 1.26007e-099 1.54795e-099 1.89808e-099 2.32267e-099 2.83612e-099 3.4554e-099 4.20034e-099 5.09417e-099 6.1639e-099 7.44093e-099 8.96158e-099 1.07678e-098 1.29077e-098 1.54366e-098 1.84177e-098 2.19229e-098 2.6034e-098 3.08433e-098 3.64552e-098 4.29869e-098 5.05697e-098 5.93502e-098 6.94912e-098 8.11735e-098 9.45965e-098 1.09979e-097 1.27563e-097 1.47608e-097 1.70402e-097 1.96251e-097 2.25488e-097 2.58469e-097 2.95575e-097 3.37211e-097 3.83803e-097 4.35802e-097 4.93676e-097 5.57914e-097 6.29021e-097 7.07515e-097 7.93922e-097 8.88775e-097 9.92607e-097 1.10595e-096 1.22931e-096 1.3632e-096 1.5081e-096 1.66445e-096 1.83265e-096 2.01308e-096 2.20603e-096 2.41174e-096 2.63039e-096 2.86206e-096 3.10676e-096 3.36438e-096 3.63472e-096 3.91747e-096 4.21221e-096 4.51837e-096 4.83528e-096 5.16215e-096 5.49803e-096 5.84187e-096 6.19248e-096 6.54854e-096 6.90863e-096 7.27122e-096 7.63467e-096 7.99724e-096 8.35713e-096 8.71248e-096 9.06135e-096 9.40181e-096 9.73188e-096 1.00496e-095 1.0353e-095 1.06403e-095 1.09095e-095 1.1159e-095 1.1387e-095 1.15921e-095 1.17728e-095 1.19279e-095 1.20564e-095 1.21572e-095 1.22298e-095 1.22735e-095 1.22881e-095 1.22735e-095 1.22298e-095 1.21572e-095 1.20564e-095 1.19279e-095 1.17728e-095 1.15921e-095 1.1387e-095 1.1159e-095 1.09095e-095 1.06403e-095 1.0353e-095 1.00496e-095 9.73188e-096 9.40181e-096 9.06135e-096 8.71248e-096 8.35713e-096 7.99724e-096 7.63467e-096 7.27122e-096 6.90863e-096 6.54854e-096 6.19248e-096 5.84187e-096 5.49803e-096 5.16215e-096 4.83528e-096 4.51837e-096 4.21221e-096 3.91747e-096 3.63472e-096 3.36438e-096 3.10676e-096 2.86206e-096 2.63039e-096 2.41174e-096 2.20603e-096 2.01308e-096 1.83265e-096 1.66445e-096 1.5081e-096 1.3632e-096 1.22931e-096 1.10595e-096 9.92607e-097 8.88775e-097 7.93922e-097 7.07515e-097 6.29021e-097 5.57914e-097 4.93676e-097 4.35802e-097 3.83803e-097 3.37211e-097 2.95575e-097 2.58469e-097 2.25488e-097 1.96251e-097 1.70402e-097 1.47608e-097 1.27563e-097 1.09979e-097 9.45965e-098 8.11735e-098 6.94912e-098 5.93502e-098 5.05697e-098 4.29869e-098 3.64552e-098 3.08433e-098 2.6034e-098 2.19229e-098 1.84177e-098 1.54366e-098 1.29077e-098 1.07678e-098 8.96158e-099 7.44093e-099 6.1639e-099 5.09417e-099 4.20034e-099 3.4554e-099 2.83612e-099 2.32267e-099 1.89808e-099 1.54795e-099 1.26007e-099 1.02413e-099 8.31458e-100 6.74793e-100 5.48089e-100 4.46341e-100 3.65444e-100 3.02069e-100 2.5356e-100 2.17851e-100 1.93403e-100 1.79151e-100 
2.13099e-100 2.18818e-100 2.36224e-100 2.66083e-100 3.09695e-100 3.6894e-100 4.46341e-100 5.4514e-100 6.69404e-100 8.24146e-100 1.01548e-099 1.25078e-099 1.53893e-099 1.8905e-099 2.31809e-099 2.83661e-099 3.46365e-099 4.21991e-099 5.12964e-099 6.22118e-099 7.52752e-099 9.087e-099 1.0944e-098 1.31496e-098 1.57627e-098 1.88509e-098 2.24912e-098 2.67715e-098 3.17916e-098 3.76644e-098 4.45171e-098 5.24929e-098 6.17522e-098 7.24737e-098 8.48567e-098 9.91215e-098 1.15512e-097 1.34295e-097 1.55765e-097 1.80242e-097 2.08073e-097 2.39635e-097 2.75334e-097 3.15604e-097 3.60911e-097 4.11748e-097 4.68637e-097 5.32125e-097 6.02788e-097 6.81222e-097 7.68041e-097 8.63879e-097 9.69377e-097 1.08519e-096 1.21196e-096 1.35034e-096 1.50096e-096 1.66443e-096 1.84134e-096 2.03223e-096 2.23759e-096 2.45787e-096 2.69345e-096 2.9446e-096 3.21155e-096 3.4944e-096 3.79314e-096 4.10767e-096 4.43772e-096 4.78293e-096 5.14276e-096 5.51654e-096 5.90345e-096 6.30251e-096 6.71257e-096 7.13235e-096 7.56039e-096 7.99509e-096 8.43471e-096 8.87737e-096 9.32108e-096 9.76373e-096 1.02031e-095 1.06369e-095 1.10628e-095 1.14785e-095 1.18814e-095 1.22693e-095 1.26398e-095 1.29904e-095 1.33191e-095 1.36237e-095 1.3902e-095 1.41524e-095 1.4373e-095 1.45624e-095 1.47192e-095 1.48423e-095 1.49309e-095 1.49843e-095 1.50021e-095 1.49843e-095 1.49309e-095 1.48423e-095 1.47192e-095 1.45624e-095 1.4373e-095 1.41524e-095 1.3902e-095 1.36237e-095 1.33191e-095 1.29904e-095 1.26398e-095 1.22693e-095 1.18814e-095 1.14785e-095 1.10628e-095 1.06369e-095 1.02031e-095 9.76373e-096 9.32108e-096 8.87737e-096 8.43471e-096 7.99509e-096 7.56039e-096 7.13235e-096 6.71257e-096 6.30251e-096 5.90345e-096 5.51654e-096 5.14276e-096 4.78293e-096 4.43772e-096 4.10767e-096 3.79314e-096 3.4944e-096 3.21155e-096 2.9446e-096 2.69345e-096 2.45787e-096 2.23759e-096 2.03223e-096 1.84134e-096 1.66443e-096 1.50096e-096 1.35034e-096 1.21196e-096 1.08519e-096 9.69377e-097 8.63879e-097 7.68041e-097 6.81222e-097 6.02788e-097 5.32125e-097 4.68637e-097 4.11748e-097 3.60911e-097 3.15604e-097 2.75334e-097 2.39635e-097 2.08073e-097 1.80242e-097 1.55765e-097 1.34295e-097 1.15512e-097 9.91215e-098 8.48567e-098 7.24737e-098 6.17522e-098 5.24929e-098 4.45171e-098 3.76644e-098 3.17916e-098 2.67715e-098 2.24912e-098 1.88509e-098 1.57627e-098 1.31496e-098 1.0944e-098 9.087e-099 7.52752e-099 6.22118e-099 5.12964e-099 4.21991e-099 3.46365e-099 2.83661e-099 2.31809e-099 1.8905e-099 1.53893e-099 1.25078e-099 1.01548e-099 8.24146e-100 6.69404e-100 5.4514e-100 4.46341e-100 3.6894e-100 3.09695e-100 2.66083e-100 2.36224e-100 2.18818e-100 
2.61689e-100 2.6871e-100 2.90085e-100 3.26749e-100 3.803e-100 4.53048e-100 5.48089e-100 6.69404e-100 8.21987e-100 1.01199e-099 1.24692e-099 1.53584e-099 1.88964e-099 2.32132e-099 2.84633e-099 3.48299e-099 4.25288e-099 5.18143e-099 6.2984e-099 7.63857e-099 9.24249e-099 1.11572e-098 1.34371e-098 1.61451e-098 1.93534e-098 2.31449e-098 2.76142e-098 3.28693e-098 3.90325e-098 4.62426e-098 5.46557e-098 6.44476e-098 7.5815e-098 8.89777e-098 1.0418e-097 1.21692e-097 1.41814e-097 1.64873e-097 1.91231e-097 2.21279e-097 2.55446e-097 2.94192e-097 3.38017e-097 3.87453e-097 4.43073e-097 5.0548e-097 5.75316e-097 6.53254e-097 7.39999e-097 8.36282e-097 9.42859e-097 1.06051e-096 1.19001e-096 1.33218e-096 1.4878e-096 1.65766e-096 1.84256e-096 2.04323e-096 2.26038e-096 2.4947e-096 2.74679e-096 3.01719e-096 3.30636e-096 3.61466e-096 3.94234e-096 4.28953e-096 4.65624e-096 5.04231e-096 5.44745e-096 5.87119e-096 6.31287e-096 6.77168e-096 7.24661e-096 7.73644e-096 8.23978e-096 8.75504e-096 9.28044e-096 9.81402e-096 1.03536e-095 1.0897e-095 1.14416e-095 1.19849e-095 1.25242e-095 1.30567e-095 1.35795e-095 1.40897e-095 1.45843e-095 1.50604e-095 1.55151e-095 1.59455e-095 1.6349e-095 1.67228e-095 1.70645e-095 1.73718e-095 1.76426e-095 1.7875e-095 1.80675e-095 1.82186e-095 1.83273e-095 1.83929e-095 1.84148e-095 1.83929e-095 1.83273e-095 1.82186e-095 1.80675e-095 1.7875e-095 1.76426e-095 1.73718e-095 1.70645e-095 1.67228e-095 1.6349e-095 1.59455e-095 1.55151e-095 1.50604e-095 1.45843e-095 1.40897e-095 1.35795e-095 1.30567e-095 1.25242e-095 1.19849e-095 1.14416e-095 1.0897e-095 1.03536e-095 9.81402e-096 9.28044e-096 8.75504e-096 8.23978e-096 7.73644e-096 7.24661e-096 6.77168e-096 6.31287e-096 5.87119e-096 5.44745e-096 5.04231e-096 4.65624e-096 4.28953e-096 3.94234e-096 3.61466e-096 3.30636e-096 3.01719e-096 2.74679e-096 2.4947e-096 2.26038e-096 2.04323e-096 1.84256e-096 1.65766e-096 1.4878e-096 1.33218e-096 1.19001e-096 1.06051e-096 9.42859e-097 8.36282e-097 7.39999e-097 6.53254e-097 5.75316e-097 5.0548e-097 4.43073e-097 3.87453e-097 3.38017e-097 2.94192e-097 2.55446e-097 2.21279e-097 1.91231e-097 1.64873e-097 1.41814e-097 1.21692e-097 1.0418e-097 8.89777e-098 7.5815e-098 6.44476e-098 5.46557e-098 4.62426e-098 3.90325e-098 3.28693e-098 2.76142e-098 2.31449e-098 1.93534e-098 1.61451e-098 1.34371e-098 1.11572e-098 9.24249e-099 7.63857e-099 6.2984e-099 5.18143e-099 4.25288e-099 3.48299e-099 2.84633e-099 2.32132e-099 1.88964e-099 1.53584e-099 1.24692e-099 1.01199e-099 8.21987e-100 6.69404e-100 5.48089e-100 4.53048e-100 3.803e-100 3.26749e-100 2.90085e-100 2.6871e-100 
3.22198e-100 3.30843e-100 3.57157e-100 4.02296e-100 4.68225e-100 5.57787e-100 6.74793e-100 8.24146e-100 1.01199e-099 1.24591e-099 1.53513e-099 1.89081e-099 2.32637e-099 2.85779e-099 3.50411e-099 4.28786e-099 5.23564e-099 6.3787e-099 7.75372e-099 9.4035e-099 1.13779e-098 1.37349e-098 1.65415e-098 1.98749e-098 2.38243e-098 2.84915e-098 3.3993e-098 4.04618e-098 4.80484e-098 5.69235e-098 6.72794e-098 7.93325e-098 9.33248e-098 1.09527e-097 1.28239e-097 1.49795e-097 1.74563e-097 2.02946e-097 2.35389e-097 2.72374e-097 3.14428e-097 3.6212e-097 4.16061e-097 4.7691e-097 5.45368e-097 6.22181e-097 7.08136e-097 8.04064e-097 9.10831e-097 1.02934e-096 1.16051e-096 1.30531e-096 1.46471e-096 1.63968e-096 1.83121e-096 2.04028e-096 2.26784e-096 2.51482e-096 2.78209e-096 3.07048e-096 3.38074e-096 3.71353e-096 4.06942e-096 4.44886e-096 4.85215e-096 5.27945e-096 5.73077e-096 6.20592e-096 6.70453e-096 7.22603e-096 7.76962e-096 8.33428e-096 8.91877e-096 9.52161e-096 1.01411e-095 1.07752e-095 1.14218e-095 1.20785e-095 1.27426e-095 1.34113e-095 1.40816e-095 1.47502e-095 1.54139e-095 1.60692e-095 1.67126e-095 1.73405e-095 1.79492e-095 1.85351e-095 1.90947e-095 1.96244e-095 2.01209e-095 2.0581e-095 2.10015e-095 2.13797e-095 2.17129e-095 2.1999e-095 2.22358e-095 2.24218e-095 2.25556e-095 2.26363e-095 2.26632e-095 2.26363e-095 2.25556e-095 2.24218e-095 2.22358e-095 2.1999e-095 2.17129e-095 2.13797e-095 2.10015e-095 2.0581e-095 2.01209e-095 1.96244e-095 1.90947e-095 1.85351e-095 1.79492e-095 1.73405e-095 1.67126e-095 1.60692e-095 1.54139e-095 1.47502e-095 1.40816e-095 1.34113e-095 1.27426e-095 1.20785e-095 1.14218e-095 1.07752e-095 1.01411e-095 9.52161e-096 8.91877e-096 8.33428e-096 7.76962e-096 7.22603e-096 6.70453e-096 6.20592e-096 5.73077e-096 5.27945e-096 4.85215e-096 4.44886e-096 4.06942e-096 3.71353e-096 3.38074e-096 3.07048e-096 2.78209e-096 2.51482e-096 2.26784e-096 2.04028e-096 1.83121e-096 1.63968e-096 1.46471e-096 1.30531e-096 1.16051e-096 1.02934e-096 9.10831e-097 8.04064e-097 7.08136e-097 6.22181e-097 5.45368e-097 4.7691e-097 4.16061e-097 3.6212e-097 3.14428e-097 2.72374e-097 2.35389e-097 2.02946e-097 1.74563e-097 1.49795e-097 1.28239e-097 1.09527e-097 9.33248e-098 7.93325e-098 6.72794e-098 5.69235e-098 4.80484e-098 4.04618e-098 3.3993e-098 2.84915e-098 2.38243e-098 1.98749e-098 1.65415e-098 1.37349e-098 1.13779e-098 9.4035e-099 7.75372e-099 6.3787e-099 5.23564e-099 4.28786e-099 3.50411e-099 2.85779e-099 2.32637e-099 1.89081e-099 1.53513e-099 1.24591e-099 1.01199e-099 8.24146e-100 6.74793e-100 5.57787e-100 4.68225e-100 4.02296e-100 3.57157e-100 3.30843e-100 
3.97018e-100 4.07669e-100 4.40092e-100 4.95709e-100 5.76942e-100 6.87293e-100 8.31458e-100 1.01548e-099 1.24692e-099 1.53513e-099 1.89147e-099 2.32971e-099 2.86634e-099 3.52108e-099 4.31738e-099 5.283e-099 6.45069e-099 7.85899e-099 9.55303e-099 1.15856e-098 1.40181e-098 1.69219e-098 2.03795e-098 2.44863e-098 2.93518e-098 3.51016e-098 4.18793e-098 4.98485e-098 5.91947e-098 7.01283e-098 8.28861e-098 9.77345e-098 1.14972e-097 1.34931e-097 1.57983e-097 1.84538e-097 2.15049e-097 2.50014e-097 2.89979e-097 3.3554e-097 3.87345e-097 4.46094e-097 5.12541e-097 5.87498e-097 6.71827e-097 7.66448e-097 8.7233e-097 9.90496e-097 1.12201e-096 1.26799e-096 1.42957e-096 1.60794e-096 1.80428e-096 2.01981e-096 2.25574e-096 2.51327e-096 2.79357e-096 3.09779e-096 3.427e-096 3.78223e-096 4.1644e-096 4.57432e-096 5.01269e-096 5.48005e-096 5.9768e-096 6.50313e-096 7.05903e-096 7.64429e-096 8.25844e-096 8.90079e-096 9.57034e-096 1.02658e-095 1.09858e-095 1.17283e-095 1.24913e-095 1.32724e-095 1.40688e-095 1.48776e-095 1.56956e-095 1.65192e-095 1.73448e-095 1.81684e-095 1.89859e-095 1.9793e-095 2.05855e-095 2.13588e-095 2.21085e-095 2.28302e-095 2.35194e-095 2.41719e-095 2.47834e-095 2.535e-095 2.5868e-095 2.63338e-095 2.67442e-095 2.70966e-095 2.73883e-095 2.76173e-095 2.77821e-095 2.78815e-095 2.79147e-095 2.78815e-095 2.77821e-095 2.76173e-095 2.73883e-095 2.70966e-095 2.67442e-095 2.63338e-095 2.5868e-095 2.535e-095 2.47834e-095 2.41719e-095 2.35194e-095 2.28302e-095 2.21085e-095 2.13588e-095 2.05855e-095 1.9793e-095 1.89859e-095 1.81684e-095 1.73448e-095 1.65192e-095 1.56956e-095 1.48776e-095 1.40688e-095 1.32724e-095 1.24913e-095 1.17283e-095 1.09858e-095 1.02658e-095 9.57034e-096 8.90079e-096 8.25844e-096 7.64429e-096 7.05903e-096 6.50313e-096 5.9768e-096 5.48005e-096 5.01269e-096 4.57432e-096 4.1644e-096 3.78223e-096 3.427e-096 3.09779e-096 2.79357e-096 2.51327e-096 2.25574e-096 2.01981e-096 1.80428e-096 1.60794e-096 1.42957e-096 1.26799e-096 1.12201e-096 9.90496e-097 8.7233e-097 7.66448e-097 6.71827e-097 5.87498e-097 5.12541e-097 4.46094e-097 3.87345e-097 3.3554e-097 2.89979e-097 2.50014e-097 2.15049e-097 1.84538e-097 1.57983e-097 1.34931e-097 1.14972e-097 9.77345e-098 8.28861e-098 7.01283e-098 5.91947e-098 4.98485e-098 4.18793e-098 3.51016e-098 2.93518e-098 2.44863e-098 2.03795e-098 1.69219e-098 1.40181e-098 1.15856e-098 9.55303e-099 7.85899e-099 6.45069e-099 5.283e-099 4.31738e-099 3.52108e-099 2.86634e-099 2.32971e-099 1.89147e-099 1.53513e-099 1.24692e-099 1.01548e-099 8.31458e-100 6.87293e-100 5.76942e-100 4.95709e-100 4.40092e-100 4.07669e-100 
4.89037e-100 5.02156e-100 5.42091e-100 6.10594e-100 7.10647e-100 8.46565e-100 1.02413e-099 1.25078e-099 1.53584e-099 1.89081e-099 2.32971e-099 2.86945e-099 3.53038e-099 4.33679e-099 5.31752e-099 6.50679e-099 7.94492e-099 9.67937e-099 1.17657e-098 1.4269e-098 1.72648e-098 2.0841e-098 2.50993e-098 3.0157e-098 3.6149e-098 4.32301e-098 5.1577e-098 6.13912e-098 7.29012e-098 8.63659e-098 1.02077e-097 1.20363e-097 1.4159e-097 1.6617e-097 1.94558e-097 2.27259e-097 2.64831e-097 3.07889e-097 3.57104e-097 4.1321e-097 4.77004e-097 5.49349e-097 6.31174e-097 7.23476e-097 8.2732e-097 9.43837e-097 1.07422e-096 1.21973e-096 1.38168e-096 1.56143e-096 1.7604e-096 1.98003e-096 2.2218e-096 2.4872e-096 2.77771e-096 3.09482e-096 3.43997e-096 3.81457e-096 4.21994e-096 4.65735e-096 5.12792e-096 5.63267e-096 6.17245e-096 6.74792e-096 7.35958e-096 8.00765e-096 8.69214e-096 9.41277e-096 1.0169e-095 1.09599e-095 1.17843e-095 1.26407e-095 1.35271e-095 1.44414e-095 1.53809e-095 1.63426e-095 1.73232e-095 1.83191e-095 1.93262e-095 2.03404e-095 2.13569e-095 2.23709e-095 2.33775e-095 2.43713e-095 2.5347e-095 2.62992e-095 2.72223e-095 2.81108e-095 2.89594e-095 2.97628e-095 3.05157e-095 3.12134e-095 3.18511e-095 3.24246e-095 3.293e-095 3.33638e-095 3.3723e-095 3.4005e-095 3.42079e-095 3.43302e-095 3.43711e-095 3.43302e-095 3.42079e-095 3.4005e-095 3.3723e-095 3.33638e-095 3.293e-095 3.24246e-095 3.18511e-095 3.12134e-095 3.05157e-095 2.97628e-095 2.89594e-095 2.81108e-095 2.72223e-095 2.62992e-095 2.5347e-095 2.43713e-095 2.33775e-095 2.23709e-095 2.13569e-095 2.03404e-095 1.93262e-095 1.83191e-095 1.73232e-095 1.63426e-095 1.53809e-095 1.44414e-095 1.35271e-095 1.26407e-095 1.17843e-095 1.09599e-095 1.0169e-095 9.41277e-096 8.69214e-096 8.00765e-096 7.35958e-096 6.74792e-096 6.17245e-096 5.63267e-096 5.12792e-096 4.65735e-096 4.21994e-096 3.81457e-096 3.43997e-096 3.09482e-096 2.77771e-096 2.4872e-096 2.2218e-096 1.98003e-096 1.7604e-096 1.56143e-096 1.38168e-096 1.21973e-096 1.07422e-096 9.43837e-097 8.2732e-097 7.23476e-097 6.31174e-097 5.49349e-097 4.77004e-097 4.1321e-097 3.57104e-097 3.07889e-097 2.64831e-097 2.27259e-097 1.94558e-097 1.6617e-097 1.4159e-097 1.20363e-097 1.02077e-097 8.63659e-098 7.29012e-098 6.13912e-098 5.1577e-098 4.32301e-098 3.6149e-098 3.0157e-098 2.50993e-098 2.0841e-098 1.72648e-098 1.4269e-098 1.17657e-098 9.67937e-099 7.94492e-099 6.50679e-099 5.31752e-099 4.33679e-099 3.53038e-099 2.86945e-099 2.32971e-099 1.89081e-099 1.53584e-099 1.25078e-099 1.02413e-099 8.46565e-100 7.10647e-100 6.10594e-100 5.42091e-100 5.02156e-100 
6.01724e-100 6.17866e-100 6.67e-100 7.51282e-100 8.74382e-100 1.04161e-099 1.26007e-099 1.53893e-099 1.88964e-099 2.32637e-099 2.86634e-099 3.53038e-099 4.34352e-099 5.33562e-099 6.5422e-099 8.00531e-099 9.77459e-099 1.19084e-098 1.44751e-098 1.75547e-098 2.12402e-098 2.56397e-098 3.08783e-098 3.71003e-098 4.44717e-098 5.31828e-098 6.3451e-098 7.55242e-098 8.96835e-098 1.06247e-097 1.25574e-097 1.48069e-097 1.74182e-097 2.04418e-097 2.39338e-097 2.79565e-097 3.25784e-097 3.78749e-097 4.39289e-097 5.08305e-097 5.86778e-097 6.75768e-097 7.7642e-097 8.89959e-097 1.01769e-096 1.16102e-096 1.3214e-096 1.50038e-096 1.69959e-096 1.92069e-096 2.16543e-096 2.43559e-096 2.73297e-096 3.05941e-096 3.41675e-096 3.8068e-096 4.23134e-096 4.6921e-096 5.19071e-096 5.72872e-096 6.30752e-096 6.92836e-096 7.59228e-096 8.30011e-096 9.05243e-096 9.84954e-096 1.06914e-095 1.15778e-095 1.25079e-095 1.34807e-095 1.44947e-095 1.5548e-095 1.66383e-095 1.77628e-095 1.89183e-095 2.01012e-095 2.13073e-095 2.25322e-095 2.37709e-095 2.50182e-095 2.62684e-095 2.75156e-095 2.87536e-095 2.9976e-095 3.1176e-095 3.23471e-095 3.34825e-095 3.45753e-095 3.56191e-095 3.66071e-095 3.75332e-095 3.83912e-095 3.91756e-095 3.9881e-095 4.05026e-095 4.10361e-095 4.14779e-095 4.18247e-095 4.20743e-095 4.22247e-095 4.2275e-095 4.22247e-095 4.20743e-095 4.18247e-095 4.14779e-095 4.10361e-095 4.05026e-095 3.9881e-095 3.91756e-095 3.83912e-095 3.75332e-095 3.66071e-095 3.56191e-095 3.45753e-095 3.34825e-095 3.23471e-095 3.1176e-095 2.9976e-095 2.87536e-095 2.75156e-095 2.62684e-095 2.50182e-095 2.37709e-095 2.25322e-095 2.13073e-095 2.01012e-095 1.89183e-095 1.77628e-095 1.66383e-095 1.5548e-095 1.44947e-095 1.34807e-095 1.25079e-095 1.15778e-095 1.06914e-095 9.84954e-096 9.05243e-096 8.30011e-096 7.59228e-096 6.92836e-096 6.30752e-096 5.72872e-096 5.19071e-096 4.6921e-096 4.23134e-096 3.8068e-096 3.41675e-096 3.05941e-096 2.73297e-096 2.43559e-096 2.16543e-096 1.92069e-096 1.69959e-096 1.50038e-096 1.3214e-096 1.16102e-096 1.01769e-096 8.89959e-097 7.7642e-097 6.75768e-097 5.86778e-097 5.08305e-097 4.39289e-097 3.78749e-097 3.25784e-097 2.79565e-097 2.39338e-097 2.04418e-097 1.74182e-097 1.48069e-097 1.25574e-097 1.06247e-097 8.96835e-098 7.55242e-098 6.3451e-098 5.31828e-098 4.44717e-098 3.71003e-098 3.08783e-098 2.56397e-098 2.12402e-098 1.75547e-098 1.44751e-098 1.19084e-098 9.77459e-099 8.00531e-099 6.5422e-099 5.33562e-099 4.34352e-099 3.53038e-099 2.86634e-099 2.32637e-099 1.88964e-099 1.53893e-099 1.26007e-099 1.04161e-099 8.74382e-100 7.51282e-100 6.67e-100 6.17866e-100 
7.39224e-100 7.59052e-100 8.1941e-100 9.22944e-100 1.07416e-099 1.27959e-099 1.54795e-099 1.8905e-099 2.32132e-099 2.85779e-099 3.52108e-099 4.33679e-099 5.33562e-099 6.55429e-099 8.03639e-099 9.83361e-099 1.20069e-098 1.46279e-098 1.77807e-098 2.15634e-098 2.60904e-098 3.14943e-098 3.79289e-098 4.55713e-098 5.46255e-098 6.53251e-098 7.79373e-098 9.27663e-098 1.10158e-097 1.30502e-097 1.54241e-097 1.81869e-097 2.13941e-097 2.51078e-097 2.93968e-097 3.43375e-097 4.00141e-097 4.65194e-097 5.39548e-097 6.24313e-097 7.20692e-097 8.29988e-097 9.53605e-097 1.09305e-096 1.24993e-096 1.42595e-096 1.62292e-096 1.84274e-096 2.08739e-096 2.35894e-096 2.65951e-096 2.9913e-096 3.35652e-096 3.75743e-096 4.19628e-096 4.6753e-096 5.19668e-096 5.76254e-096 6.37488e-096 7.03561e-096 7.74643e-096 8.50886e-096 9.32421e-096 1.01935e-095 1.11174e-095 1.20963e-095 1.31302e-095 1.42187e-095 1.53609e-095 1.65556e-095 1.78008e-095 1.90944e-095 2.04333e-095 2.18142e-095 2.32332e-095 2.46858e-095 2.6167e-095 2.76712e-095 2.91924e-095 3.07241e-095 3.22594e-095 3.3791e-095 3.53113e-095 3.68123e-095 3.82861e-095 3.97242e-095 4.11184e-095 4.24605e-095 4.37422e-095 4.49555e-095 4.60927e-095 4.71464e-095 4.81096e-095 4.89759e-095 4.97392e-095 5.03944e-095 5.09369e-095 5.13628e-095 5.16693e-095 5.1854e-095 5.19157e-095 5.1854e-095 5.16693e-095 5.13628e-095 5.09369e-095 5.03944e-095 4.97392e-095 4.89759e-095 4.81096e-095 4.71464e-095 4.60927e-095 4.49555e-095 4.37422e-095 4.24605e-095 4.11184e-095 3.97242e-095 3.82861e-095 3.68123e-095 3.53113e-095 3.3791e-095 3.22594e-095 3.07241e-095 2.91924e-095 2.76712e-095 2.6167e-095 2.46858e-095 2.32332e-095 2.18142e-095 2.04333e-095 1.90944e-095 1.78008e-095 1.65556e-095 1.53609e-095 1.42187e-095 1.31302e-095 1.20963e-095 1.11174e-095 1.01935e-095 9.32421e-096 8.50886e-096 7.74643e-096 7.03561e-096 6.37488e-096 5.76254e-096 5.19668e-096 4.6753e-096 4.19628e-096 3.75743e-096 3.35652e-096 2.9913e-096 2.65951e-096 2.35894e-096 2.08739e-096 1.84274e-096 1.62292e-096 1.42595e-096 1.24993e-096 1.09305e-096 9.53605e-097 8.29988e-097 7.20692e-097 6.24313e-097 5.39548e-097 4.65194e-097 4.00141e-097 3.43375e-097 2.93968e-097 2.51078e-097 2.13941e-097 1.81869e-097 1.54241e-097 1.30502e-097 1.10158e-097 9.27663e-098 7.79373e-098 6.53251e-098 5.46255e-098 4.55713e-098 3.79289e-098 3.14943e-098 2.60904e-098 2.15634e-098 1.77807e-098 1.46279e-098 1.20069e-098 9.83361e-099 8.03639e-099 6.55429e-099 5.33562e-099 4.33679e-099 3.52108e-099 2.85779e-099 2.32132e-099 1.8905e-099 1.54795e-099 1.27959e-099 1.07416e-099 9.22944e-100 8.1941e-100 7.59052e-100 
9.0646e-100 9.30773e-100 1.00478e-099 1.13173e-099 1.31715e-099 1.56903e-099 1.89808e-099 2.31809e-099 2.84633e-099 3.50411e-099 4.31738e-099 5.31752e-099 6.5422e-099 8.03639e-099 9.85359e-099 1.20571e-098 1.47217e-098 1.79352e-098 2.18007e-098 2.64385e-098 3.19888e-098 3.86142e-098 4.65031e-098 5.58729e-098 6.69735e-098 8.00913e-098 9.55538e-098 1.13734e-097 1.35056e-097 1.59997e-097 1.891e-097 2.22971e-097 2.62291e-097 3.0782e-097 3.60401e-097 4.2097e-097 4.90562e-097 5.70312e-097 6.61465e-097 7.6538e-097 8.83532e-097 1.01752e-096 1.16906e-096 1.34001e-096 1.53232e-096 1.74811e-096 1.98957e-096 2.25904e-096 2.55895e-096 2.89183e-096 3.26029e-096 3.66701e-096 4.11472e-096 4.60618e-096 5.14414e-096 5.73135e-096 6.37047e-096 7.06412e-096 7.81475e-096 8.62468e-096 9.49602e-096 1.04306e-095 1.14301e-095 1.24956e-095 1.36282e-095 1.48281e-095 1.60955e-095 1.74298e-095 1.88299e-095 2.02943e-095 2.18207e-095 2.34063e-095 2.50475e-095 2.67402e-095 2.84796e-095 3.02602e-095 3.20757e-095 3.39195e-095 3.57842e-095 3.76617e-095 3.95436e-095 4.1421e-095 4.32845e-095 4.51244e-095 4.69309e-095 4.86936e-095 5.04026e-095 5.20477e-095 5.36187e-095 5.5106e-095 5.64999e-095 5.77915e-095 5.89721e-095 6.00339e-095 6.09695e-095 6.17726e-095 6.24376e-095 6.29597e-095 6.33353e-095 6.35618e-095 6.36374e-095 6.35618e-095 6.33353e-095 6.29597e-095 6.24376e-095 6.17726e-095 6.09695e-095 6.00339e-095 5.89721e-095 5.77915e-095 5.64999e-095 5.5106e-095 5.36187e-095 5.20477e-095 5.04026e-095 4.86936e-095 4.69309e-095 4.51244e-095 4.32845e-095 4.1421e-095 3.95436e-095 3.76617e-095 3.57842e-095 3.39195e-095 3.20757e-095 3.02602e-095 2.84796e-095 2.67402e-095 2.50475e-095 2.34063e-095 2.18207e-095 2.02943e-095 1.88299e-095 1.74298e-095 1.60955e-095 1.48281e-095 1.36282e-095 1.24956e-095 1.14301e-095 1.04306e-095 9.49602e-096 8.62468e-096 7.81475e-096 7.06412e-096 6.37047e-096 5.73135e-096 5.14414e-096 4.60618e-096 4.11472e-096 3.66701e-096 3.26029e-096 2.89183e-096 2.55895e-096 2.25904e-096 1.98957e-096 1.74811e-096 1.53232e-096 1.34001e-096 1.16906e-096 1.01752e-096 8.83532e-097 7.6538e-097 6.61465e-097 5.70312e-097 4.90562e-097 4.2097e-097 3.60401e-097 3.0782e-097 2.62291e-097 2.22971e-097 1.891e-097 1.59997e-097 1.35056e-097 1.13734e-097 9.55538e-098 8.00913e-098 6.69735e-098 5.58729e-098 4.65031e-098 3.86142e-098 3.19888e-098 2.64385e-098 2.18007e-098 1.79352e-098 1.47217e-098 1.20571e-098 9.85359e-099 8.03639e-099 6.5422e-099 5.31752e-099 4.31738e-099 3.50411e-099 2.84633e-099 2.31809e-099 1.89808e-099 1.56903e-099 1.31715e-099 1.13173e-099 1.00478e-099 9.30773e-100 
