8.32765e-101 8.55121e-101 9.23174e-101 1.03991e-100 1.21042e-100 1.44206e-100 1.74469e-100 2.13099e-100 2.61689e-100 3.22198e-100 3.97018e-100 4.89037e-100 6.01724e-100 7.39224e-100 9.0646e-100 1.10927e-99 1.35454e-99 1.65036e-99 2.00623e-99 2.43323e-99 2.94429e-99 3.5544e-99 4.28093e-99 5.1439e-99 6.16636e-99 7.37473e-99 8.79921e-99 1.04742e-98 1.24387e-98 1.4737e-98 1.74189e-98 2.05405e-98 2.41645e-98 2.83609e-98 3.32079e-98 3.87916e-98 4.52075e-98 5.25604e-98 6.09652e-98 7.05474e-98 8.14432e-98 9.38001e-98 1.07777e-97 1.23544e-97 1.41284e-97 1.61189e-97 1.83465e-97 2.08326e-97 2.35997e-97 2.66711e-97 3.00711e-97 3.38243e-97 3.79559e-97 4.24916e-97 4.74566e-97 5.28764e-97 5.87758e-97 6.51787e-97 7.21079e-97 7.95849e-97 8.76291e-97 9.62579e-97 1.05486e-96 1.15324e-96 1.25782e-96 1.36862e-96 1.48565e-96 1.60887e-96 1.73818e-96 1.87342e-96 2.01439e-96 2.16084e-96 2.31242e-96 2.46877e-96 2.62944e-96 2.79391e-96 2.96162e-96 3.13195e-96 3.3042e-96 3.47765e-96 3.65151e-96 3.82495e-96 3.99712e-96 4.16711e-96 4.334e-96 4.49687e-96 4.65477e-96 4.80677e-96 4.95193e-96 5.08935e-96 5.21815e-96 5.33749e-96 5.44658e-96 5.54469e-96 5.63115e-96 5.70535e-96 5.7668e-96 5.81505e-96 5.84975e-96 5.87068e-96 5.87767e-96 5.87068e-96 5.84975e-96 5.81505e-96 5.7668e-96 5.70535e-96 5.63115e-96 5.54469e-96 5.44658e-96 5.33749e-96 5.21815e-96 5.08935e-96 4.95193e-96 4.80677e-96 4.65477e-96 4.49687e-96 4.334e-96 4.16711e-96 3.99712e-96 3.82495e-96 3.65151e-96 3.47765e-96 3.3042e-96 3.13195e-96 2.96162e-96 2.79391e-96 2.62944e-96 2.46877e-96 2.31242e-96 2.16084e-96 2.01439e-96 1.87342e-96 1.73818e-96 1.60887e-96 1.48565e-96 1.36862e-96 1.25782e-96 1.15324e-96 1.05486e-96 9.62579e-97 8.76291e-97 7.95849e-97 7.21079e-97 6.51787e-97 5.87758e-97 5.28764e-97 4.74566e-97 4.24916e-97 3.79559e-97 3.38243e-97 3.00711e-97 2.66711e-97 2.35997e-97 2.08326e-97 1.83465e-97 1.61189e-97 1.41284e-97 1.23544e-97 1.07777e-97 9.38001e-98 8.14432e-98 7.05474e-98 6.09652e-98 5.25604e-98 4.52075e-98 3.87916e-98 3.32079e-98 2.83609e-98 2.41645e-98 2.05405e-98 1.74189e-98 1.4737e-98 1.24387e-98 1.04742e-98 8.79921e-99 7.37473e-99 6.16636e-99 5.1439e-99 4.28093e-99 3.5544e-99 2.94429e-99 2.43323e-99 2.00623e-99 1.65036e-99 1.35454e-99 1.10927e-99 9.0646e-100 7.39224e-100 6.01724e-100 4.89037e-100 3.97018e-100 3.22198e-100 2.61689e-100 2.13099e-100 1.74469e-100 1.44206e-100 1.21042e-100 1.03991e-100 9.23174e-101 8.55121e-101 
8.55121e-101 8.78077e-101 9.47956e-101 1.06782e-100 1.24291e-100 1.48076e-100 1.79151e-100 2.18818e-100 2.6871e-100 3.30843e-100 4.07669e-100 5.02156e-100 6.17866e-100 7.59052e-100 9.30773e-100 1.13902e-99 1.39086e-99 1.69462e-99 2.06002e-99 2.49847e-99 3.02323e-99 3.6497e-99 4.3957e-99 5.2818e-99 6.33166e-99 7.57241e-99 9.03506e-99 1.07549e-98 1.27721e-98 1.5132e-98 1.78857e-98 2.10909e-98 2.4812e-98 2.91209e-98 3.40976e-98 3.98309e-98 4.64186e-98 5.39684e-98 6.25984e-98 7.24372e-98 8.36247e-98 9.63125e-98 1.10664e-97 1.26853e-97 1.45068e-97 1.65506e-97 1.88378e-97 2.13905e-97 2.42316e-97 2.73853e-97 3.08762e-97 3.47299e-97 3.89721e-97 4.36292e-97 4.87271e-97 5.4292e-97 6.03492e-97 6.69234e-97 7.40381e-97 8.17152e-97 8.99746e-97 9.88343e-97 1.08309e-96 1.18411e-96 1.29148e-96 1.40525e-96 1.52541e-96 1.65193e-96 1.78469e-96 1.92355e-96 2.0683e-96 2.21866e-96 2.3743e-96 2.53483e-96 2.6998e-96 2.86867e-96 3.04086e-96 3.21574e-96 3.39261e-96 3.57069e-96 3.7492e-96 3.92729e-96 4.10405e-96 4.27859e-96 4.44995e-96 4.61717e-96 4.7793e-96 4.93536e-96 5.0844e-96 5.22549e-96 5.35774e-96 5.48027e-96 5.59228e-96 5.69301e-96 5.78178e-96 5.85798e-96 5.92106e-96 5.9706e-96 6.00624e-96 6.02772e-96 6.0349e-96 6.02772e-96 6.00624e-96 5.9706e-96 5.92106e-96 5.85798e-96 5.78178e-96 5.69301e-96 5.59228e-96 5.48027e-96 5.35774e-96 5.22549e-96 5.0844e-96 4.93536e-96 4.7793e-96 4.61717e-96 4.44995e-96 4.27859e-96 4.10405e-96 3.92729e-96 3.7492e-96 3.57069e-96 3.39261e-96 3.21574e-96 3.04086e-96 2.86867e-96 2.6998e-96 2.53483e-96 2.3743e-96 2.21866e-96 2.0683e-96 1.92355e-96 1.78469e-96 1.65193e-96 1.52541e-96 1.40525e-96 1.29148e-96 1.18411e-96 1.08309e-96 9.88343e-97 8.99746e-97 8.17152e-97 7.40381e-97 6.69234e-97 6.03492e-97 5.4292e-97 4.87271e-97 4.36292e-97 3.89721e-97 3.47299e-97 3.08762e-97 2.73853e-97 2.42316e-97 2.13905e-97 1.88378e-97 1.65506e-97 1.45068e-97 1.26853e-97 1.10664e-97 9.63125e-98 8.36247e-98 7.24372e-98 6.25984e-98 5.39684e-98 4.64186e-98 3.98309e-98 3.40976e-98 2.91209e-98 2.4812e-98 2.10909e-98 1.78857e-98 1.5132e-98 1.27721e-98 1.07549e-98 9.03506e-99 7.57241e-99 6.33166e-99 5.2818e-99 4.3957e-99 3.6497e-99 3.02323e-99 2.49847e-99 2.06002e-99 1.69462e-99 1.39086e-99 1.13902e-99 9.30773e-100 7.59052e-100 6.17866e-100 5.02156e-100 4.07669e-100 3.30843e-100 2.6871e-100 2.18818e-100 1.79151e-100 1.48076e-100 1.24291e-100 1.06782e-100 9.47956e-101 8.78077e-101 
9.23174e-101 9.47956e-101 1.02339e-100 1.15279e-100 1.3418e-100 1.59857e-100 1.93403e-100 2.36224e-100 2.90085e-100 3.57157e-100 4.40092e-100 5.42091e-100 6.67e-100 8.1941e-100 1.00478e-99 1.22958e-99 1.50144e-99 1.82934e-99 2.22378e-99 2.69708e-99 3.26353e-99 3.93978e-99 4.74505e-99 5.70155e-99 6.83483e-99 8.17415e-99 9.75298e-99 1.16095e-98 1.37868e-98 1.63341e-98 1.93066e-98 2.27664e-98 2.67829e-98 3.1434e-98 3.68059e-98 4.29944e-98 5.01052e-98 5.82545e-98 6.75696e-98 7.81894e-98 9.02651e-98 1.0396e-97 1.1945e-97 1.36925e-97 1.56585e-97 1.78646e-97 2.03333e-97 2.30885e-97 2.61552e-97 2.95591e-97 3.33271e-97 3.74865e-97 4.20654e-97 4.70919e-97 5.25943e-97 5.86007e-97 6.51385e-97 7.22343e-97 7.99134e-97 8.81995e-97 9.71141e-97 1.06677e-96 1.16903e-96 1.27806e-96 1.39395e-96 1.51674e-96 1.64644e-96 1.78298e-96 1.92628e-96 2.07615e-96 2.23237e-96 2.39466e-96 2.56265e-96 2.73591e-96 2.91395e-96 3.09622e-96 3.28207e-96 3.47081e-96 3.6617e-96 3.85391e-96 4.04657e-96 4.23878e-96 4.42956e-96 4.61793e-96 4.80288e-96 4.98336e-96 5.15834e-96 5.32677e-96 5.48763e-96 5.63991e-96 5.78264e-96 5.91489e-96 6.03578e-96 6.1445e-96 6.24031e-96 6.32254e-96 6.39063e-96 6.44409e-96 6.48256e-96 6.50574e-96 6.51349e-96 6.50574e-96 6.48256e-96 6.44409e-96 6.39063e-96 6.32254e-96 6.24031e-96 6.1445e-96 6.03578e-96 5.91489e-96 5.78264e-96 5.63991e-96 5.48763e-96 5.32677e-96 5.15834e-96 4.98336e-96 4.80288e-96 4.61793e-96 4.42956e-96 4.23878e-96 4.04657e-96 3.85391e-96 3.6617e-96 3.47081e-96 3.28207e-96 3.09622e-96 2.91395e-96 2.73591e-96 2.56265e-96 2.39466e-96 2.23237e-96 2.07615e-96 1.92628e-96 1.78298e-96 1.64644e-96 1.51674e-96 1.39395e-96 1.27806e-96 1.16903e-96 1.06677e-96 9.71141e-97 8.81995e-97 7.99134e-97 7.22343e-97 6.51385e-97 5.86007e-97 5.25943e-97 4.70919e-97 4.20654e-97 3.74865e-97 3.33271e-97 2.95591e-97 2.61552e-97 2.30885e-97 2.03333e-97 1.78646e-97 1.56585e-97 1.36925e-97 1.1945e-97 1.0396e-97 9.02651e-98 7.81894e-98 6.75696e-98 5.82545e-98 5.01052e-98 4.29944e-98 3.68059e-98 3.1434e-98 2.67829e-98 2.27664e-98 1.93066e-98 1.63341e-98 1.37868e-98 1.16095e-98 9.75298e-99 8.17415e-99 6.83483e-99 5.70155e-99 4.74505e-99 3.93978e-99 3.26353e-99 2.69708e-99 2.22378e-99 1.82934e-99 1.50144e-99 1.22958e-99 1.00478e-99 8.1941e-100 6.67e-100 5.42091e-100 4.40092e-100 3.57157e-100 2.90085e-100 2.36224e-100 1.93403e-100 1.59857e-100 1.3418e-100 1.15279e-100 1.02339e-100 9.47956e-101 
1.03991e-100 1.06782e-100 1.15279e-100 1.29855e-100 1.51144e-100 1.80066e-100 2.17851e-100 2.66083e-100 3.26749e-100 4.02296e-100 4.95709e-100 6.10594e-100 7.51282e-100 9.22944e-100 1.13173e-99 1.38492e-99 1.69112e-99 2.06042e-99 2.50468e-99 3.03774e-99 3.67573e-99 4.43736e-99 5.3443e-99 6.42156e-99 7.6979e-99 9.2063e-99 1.09844e-98 1.30752e-98 1.55275e-98 1.83963e-98 2.17439e-98 2.56402e-98 3.01637e-98 3.54017e-98 4.14514e-98 4.84208e-98 5.64288e-98 6.56062e-98 7.60965e-98 8.80561e-98 1.01655e-97 1.17078e-97 1.34522e-97 1.542e-97 1.76341e-97 2.01184e-97 2.28984e-97 2.60011e-97 2.94545e-97 3.32877e-97 3.75308e-97 4.22148e-97 4.7371e-97 5.30313e-97 5.92275e-97 6.59912e-97 7.33532e-97 8.13436e-97 8.99908e-97 9.93215e-97 1.0936e-96 1.20128e-96 1.31643e-96 1.43921e-96 1.5697e-96 1.70797e-96 1.85401e-96 2.00777e-96 2.16913e-96 2.33789e-96 2.5138e-96 2.69654e-96 2.8857e-96 3.08079e-96 3.28127e-96 3.48651e-96 3.69578e-96 3.90831e-96 4.12325e-96 4.33968e-96 4.55662e-96 4.77304e-96 4.98787e-96 5.19997e-96 5.40822e-96 5.61145e-96 5.80847e-96 5.99813e-96 6.17926e-96 6.35072e-96 6.51143e-96 6.66034e-96 6.79647e-96 6.91888e-96 7.02676e-96 7.11936e-96 7.19602e-96 7.25622e-96 7.29953e-96 7.32564e-96 7.33436e-96 7.32564e-96 7.29953e-96 7.25622e-96 7.19602e-96 7.11936e-96 7.02676e-96 6.91888e-96 6.79647e-96 6.66034e-96 6.51143e-96 6.35072e-96 6.17926e-96 5.99813e-96 5.80847e-96 5.61145e-96 5.40822e-96 5.19997e-96 4.98787e-96 4.77304e-96 4.55662e-96 4.33968e-96 4.12325e-96 3.90831e-96 3.69578e-96 3.48651e-96 3.28127e-96 3.08079e-96 2.8857e-96 2.69654e-96 2.5138e-96 2.33789e-96 2.16913e-96 2.00777e-96 1.85401e-96 1.70797e-96 1.5697e-96 1.43921e-96 1.31643e-96 1.20128e-96 1.0936e-96 9.93215e-97 8.99908e-97 8.13436e-97 7.33532e-97 6.59912e-97 5.92275e-97 5.30313e-97 4.7371e-97 4.22148e-97 3.75308e-97 3.32877e-97 2.94545e-97 2.60011e-97 2.28984e-97 2.01184e-97 1.76341e-97 1.542e-97 1.34522e-97 1.17078e-97 1.01655e-97 8.80561e-98 7.60965e-98 6.56062e-98 5.64288e-98 4.84208e-98 4.14514e-98 3.54017e-98 3.01637e-98 2.56402e-98 2.17439e-98 1.83963e-98 1.55275e-98 1.30752e-98 1.09844e-98 9.2063e-99 7.6979e-99 6.42156e-99 5.3443e-99 4.43736e-99 3.67573e-99 3.03774e-99 2.50468e-99 2.06042e-99 1.69112e-99 1.38492e-99 1.13173e-99 9.22944e-100 7.51282e-100 6.10594e-100 4.95709e-100 4.02296e-100 3.26749e-100 2.66083e-100 2.17851e-100 1.80066e-100 1.51144e-100 1.29855e-100 1.15279e-100 1.06782e-100 
1.21042e-100 1.24291e-100 1.3418e-100 1.51144e-100 1.75922e-100 2.09583e-100 2.5356e-100 3.09695e-100 3.803e-100 4.68225e-100 5.76942e-100 7.10647e-100 8.74382e-100 1.07416e-99 1.31715e-99 1.61181e-99 1.96816e-99 2.39794e-99 2.91495e-99 3.5353e-99 4.27776e-99 5.16409e-99 6.21953e-99 7.47316e-99 8.95846e-99 1.07138e-98 1.2783e-98 1.5216e-98 1.80696e-98 2.1408e-98 2.53035e-98 2.98375e-98 3.51013e-98 4.11964e-98 4.82362e-98 5.6346e-98 6.56642e-98 7.63432e-98 8.85499e-98 1.02466e-97 1.1829e-97 1.36235e-97 1.56533e-97 1.79431e-97 2.05193e-97 2.34099e-97 2.66447e-97 3.02549e-97 3.42731e-97 3.87331e-97 4.36702e-97 4.91201e-97 5.51195e-97 6.17055e-97 6.89149e-97 7.67845e-97 8.53503e-97 9.46471e-97 1.04708e-96 1.15564e-96 1.27244e-96 1.39772e-96 1.5317e-96 1.67455e-96 1.82638e-96 1.98725e-96 2.15717e-96 2.33606e-96 2.52379e-96 2.72013e-96 2.9248e-96 3.13741e-96 3.35748e-96 3.58447e-96 3.81771e-96 4.05649e-96 4.29996e-96 4.54723e-96 4.7973e-96 5.04909e-96 5.30149e-96 5.55328e-96 5.80321e-96 6.04998e-96 6.29226e-96 6.5287e-96 6.75792e-96 6.97857e-96 7.18929e-96 7.38878e-96 7.57575e-96 7.749e-96 7.90736e-96 8.04978e-96 8.17529e-96 8.28301e-96 8.37221e-96 8.44224e-96 8.49263e-96 8.52301e-96 8.53316e-96 8.52301e-96 8.49263e-96 8.44224e-96 8.37221e-96 8.28301e-96 8.17529e-96 8.04978e-96 7.90736e-96 7.749e-96 7.57575e-96 7.38878e-96 7.18929e-96 6.97857e-96 6.75792e-96 6.5287e-96 6.29226e-96 6.04998e-96 5.80321e-96 5.55328e-96 5.30149e-96 5.04909e-96 4.7973e-96 4.54723e-96 4.29996e-96 4.05649e-96 3.81771e-96 3.58447e-96 3.35748e-96 3.13741e-96 2.9248e-96 2.72013e-96 2.52379e-96 2.33606e-96 2.15717e-96 1.98725e-96 1.82638e-96 1.67455e-96 1.5317e-96 1.39772e-96 1.27244e-96 1.15564e-96 1.04708e-96 9.46471e-97 8.53503e-97 7.67845e-97 6.89149e-97 6.17055e-97 5.51195e-97 4.91201e-97 4.36702e-97 3.87331e-97 3.42731e-97 3.02549e-97 2.66447e-97 2.34099e-97 2.05193e-97 1.79431e-97 1.56533e-97 1.36235e-97 1.1829e-97 1.02466e-97 8.85499e-98 7.63432e-98 6.56642e-98 5.6346e-98 4.82362e-98 4.11964e-98 3.51013e-98 2.98375e-98 2.53035e-98 2.1408e-98 1.80696e-98 1.5216e-98 1.2783e-98 1.07138e-98 8.95846e-99 7.47316e-99 6.21953e-99 5.16409e-99 4.27776e-99 3.5353e-99 2.91495e-99 2.39794e-99 1.96816e-99 1.61181e-99 1.31715e-99 1.07416e-99 8.74382e-100 7.10647e-100 5.76942e-100 4.68225e-100 3.803e-100 3.09695e-100 2.5356e-100 2.09583e-100 1.75922e-100 1.51144e-100 1.3418e-100 1.24291e-100 
1.44206e-100 1.48076e-100 1.59857e-100 1.80066e-100 2.09583e-100 2.49682e-100 3.02069e-100 3.6894e-100 4.53048e-100 5.57787e-100 6.87293e-100 8.46565e-100 1.04161e-99 1.27959e-99 1.56903e-99 1.92002e-99 2.34449e-99 2.85643e-99 3.47227e-99 4.2112e-99 5.09555e-99 6.15129e-99 7.40844e-99 8.90165e-99 1.06708e-98 1.27615e-98 1.52261e-98 1.81241e-98 2.15229e-98 2.54991e-98 3.01388e-98 3.5539e-98 4.18083e-98 4.90678e-98 5.74522e-98 6.71111e-98 7.82091e-98 9.09278e-98 1.05466e-97 1.2204e-97 1.40886e-97 1.62258e-97 1.86432e-97 2.13702e-97 2.44383e-97 2.78809e-97 3.17333e-97 3.60328e-97 4.08181e-97 4.61297e-97 5.20093e-97 5.84996e-97 6.56443e-97 7.34875e-97 8.20731e-97 9.14449e-97 1.01646e-96 1.12717e-96 1.24698e-96 1.37627e-96 1.51536e-96 1.66455e-96 1.8241e-96 1.99421e-96 2.17501e-96 2.36658e-96 2.56892e-96 2.78195e-96 3.0055e-96 3.23932e-96 3.48304e-96 3.73621e-96 3.99828e-96 4.26858e-96 4.54633e-96 4.83066e-96 5.12059e-96 5.41503e-96 5.71281e-96 6.01265e-96 6.3132e-96 6.61303e-96 6.91064e-96 7.20449e-96 7.493e-96 7.77454e-96 8.04749e-96 8.31023e-96 8.56116e-96 8.7987e-96 9.02134e-96 9.22763e-96 9.41621e-96 9.5858e-96 9.73524e-96 9.86352e-96 9.96973e-96 1.00531e-95 1.01131e-95 1.01493e-95 1.01614e-95 1.01493e-95 1.01131e-95 1.00531e-95 9.96973e-96 9.86352e-96 9.73524e-96 9.5858e-96 9.41621e-96 9.22763e-96 9.02134e-96 8.7987e-96 8.56116e-96 8.31023e-96 8.04749e-96 7.77454e-96 7.493e-96 7.20449e-96 6.91064e-96 6.61303e-96 6.3132e-96 6.01265e-96 5.71281e-96 5.41503e-96 5.12059e-96 4.83066e-96 4.54633e-96 4.26858e-96 3.99828e-96 3.73621e-96 3.48304e-96 3.23932e-96 3.0055e-96 2.78195e-96 2.56892e-96 2.36658e-96 2.17501e-96 1.99421e-96 1.8241e-96 1.66455e-96 1.51536e-96 1.37627e-96 1.24698e-96 1.12717e-96 1.01646e-96 9.14449e-97 8.20731e-97 7.34875e-97 6.56443e-97 5.84996e-97 5.20093e-97 4.61297e-97 4.08181e-97 3.60328e-97 3.17333e-97 2.78809e-97 2.44383e-97 2.13702e-97 1.86432e-97 1.62258e-97 1.40886e-97 1.2204e-97 1.05466e-97 9.09278e-98 7.82091e-98 6.71111e-98 5.74522e-98 4.90678e-98 4.18083e-98 3.5539e-98 3.01388e-98 2.54991e-98 2.15229e-98 1.81241e-98 1.52261e-98 1.27615e-98 1.06708e-98 8.90165e-99 7.40844e-99 6.15129e-99 5.09555e-99 4.2112e-99 3.47227e-99 2.85643e-99 2.34449e-99 1.92002e-99 1.56903e-99 1.27959e-99 1.04161e-99 8.46565e-100 6.87293e-100 5.57787e-100 4.53048e-100 3.6894e-100 3.02069e-100 2.49682e-100 2.09583e-100 1.80066e-100 1.59857e-100 1.48076e-100 
1.74469e-100 1.79151e-100 1.93403e-100 2.17851e-100 2.5356e-100 3.02069e-100 3.65444e-100 4.46341e-100 5.48089e-100 6.74793e-100 8.31458e-100 1.02413e-99 1.26007e-99 1.54795e-99 1.89808e-99 2.32267e-99 2.83612e-99 3.4554e-99 4.20034e-99 5.09417e-99 6.1639e-99 7.44093e-99 8.96158e-99 1.07678e-98 1.29077e-98 1.54366e-98 1.84177e-98 2.19229e-98 2.6034e-98 3.08433e-98 3.64552e-98 4.29869e-98 5.05697e-98 5.93502e-98 6.94912e-98 8.11735e-98 9.45965e-98 1.09979e-97 1.27563e-97 1.47608e-97 1.70402e-97 1.96251e-97 2.25488e-97 2.58469e-97 2.95575e-97 3.37211e-97 3.83803e-97 4.35802e-97 4.93676e-97 5.57914e-97 6.29021e-97 7.07515e-97 7.93922e-97 8.88775e-97 9.92607e-97 1.10595e-96 1.22931e-96 1.3632e-96 1.5081e-96 1.66445e-96 1.83265e-96 2.01308e-96 2.20603e-96 2.41174e-96 2.63039e-96 2.86206e-96 3.10676e-96 3.36438e-96 3.63472e-96 3.91747e-96 4.21221e-96 4.51837e-96 4.83528e-96 5.16215e-96 5.49803e-96 5.84187e-96 6.19248e-96 6.54854e-96 6.90863e-96 7.27122e-96 7.63467e-96 7.99724e-96 8.35713e-96 8.71248e-96 9.06135e-96 9.40181e-96 9.73188e-96 1.00496e-95 1.0353e-95 1.06403e-95 1.09095e-95 1.1159e-95 1.1387e-95 1.15921e-95 1.17728e-95 1.19279e-95 1.20564e-95 1.21572e-95 1.22298e-95 1.22735e-95 1.22881e-95 1.22735e-95 1.22298e-95 1.21572e-95 1.20564e-95 1.19279e-95 1.17728e-95 1.15921e-95 1.1387e-95 1.1159e-95 1.09095e-95 1.06403e-95 1.0353e-95 1.00496e-95 9.73188e-96 9.40181e-96 9.06135e-96 8.71248e-96 8.35713e-96 7.99724e-96 7.63467e-96 7.27122e-96 6.90863e-96 6.54854e-96 6.19248e-96 5.84187e-96 5.49803e-96 5.16215e-96 4.83528e-96 4.51837e-96 4.21221e-96 3.91747e-96 3.63472e-96 3.36438e-96 3.10676e-96 2.86206e-96 2.63039e-96 2.41174e-96 2.20603e-96 2.01308e-96 1.83265e-96 1.66445e-96 1.5081e-96 1.3632e-96 1.22931e-96 1.10595e-96 9.92607e-97 8.88775e-97 7.93922e-97 7.07515e-97 6.29021e-97 5.57914e-97 4.93676e-97 4.35802e-97 3.83803e-97 3.37211e-97 2.95575e-97 2.58469e-97 2.25488e-97 1.96251e-97 1.70402e-97 1.47608e-97 1.27563e-97 1.09979e-97 9.45965e-98 8.11735e-98 6.94912e-98 5.93502e-98 5.05697e-98 4.29869e-98 3.64552e-98 3.08433e-98 2.6034e-98 2.19229e-98 1.84177e-98 1.54366e-98 1.29077e-98 1.07678e-98 8.96158e-99 7.44093e-99 6.1639e-99 5.09417e-99 4.20034e-99 3.4554e-99 2.83612e-99 2.32267e-99 1.89808e-99 1.54795e-99 1.26007e-99 1.02413e-99 8.31458e-100 6.74793e-100 5.48089e-100 4.46341e-100 3.65444e-100 3.02069e-100 2.5356e-100 2.17851e-100 1.93403e-100 1.79151e-100 
2.13099e-100 2.18818e-100 2.36224e-100 2.66083e-100 3.09695e-100 3.6894e-100 4.46341e-100 5.4514e-100 6.69404e-100 8.24146e-100 1.01548e-99 1.25078e-99 1.53893e-99 1.8905e-99 2.31809e-99 2.83661e-99 3.46365e-99 4.21991e-99 5.12964e-99 6.22118e-99 7.52752e-99 9.087e-99 1.0944e-98 1.31496e-98 1.57627e-98 1.88509e-98 2.24912e-98 2.67715e-98 3.17916e-98 3.76644e-98 4.45171e-98 5.24929e-98 6.17522e-98 7.24737e-98 8.48567e-98 9.91215e-98 1.15512e-97 1.34295e-97 1.55765e-97 1.80242e-97 2.08073e-97 2.39635e-97 2.75334e-97 3.15604e-97 3.60911e-97 4.11748e-97 4.68637e-97 5.32125e-97 6.02788e-97 6.81222e-97 7.68041e-97 8.63879e-97 9.69377e-97 1.08519e-96 1.21196e-96 1.35034e-96 1.50096e-96 1.66443e-96 1.84134e-96 2.03223e-96 2.23759e-96 2.45787e-96 2.69345e-96 2.9446e-96 3.21155e-96 3.4944e-96 3.79314e-96 4.10767e-96 4.43772e-96 4.78293e-96 5.14276e-96 5.51654e-96 5.90345e-96 6.30251e-96 6.71257e-96 7.13235e-96 7.56039e-96 7.99509e-96 8.43471e-96 8.87737e-96 9.32108e-96 9.76373e-96 1.02031e-95 1.06369e-95 1.10628e-95 1.14785e-95 1.18814e-95 1.22693e-95 1.26398e-95 1.29904e-95 1.33191e-95 1.36237e-95 1.3902e-95 1.41524e-95 1.4373e-95 1.45624e-95 1.47192e-95 1.48423e-95 1.49309e-95 1.49843e-95 1.50021e-95 1.49843e-95 1.49309e-95 1.48423e-95 1.47192e-95 1.45624e-95 1.4373e-95 1.41524e-95 1.3902e-95 1.36237e-95 1.33191e-95 1.29904e-95 1.26398e-95 1.22693e-95 1.18814e-95 1.14785e-95 1.10628e-95 1.06369e-95 1.02031e-95 9.76373e-96 9.32108e-96 8.87737e-96 8.43471e-96 7.99509e-96 7.56039e-96 7.13235e-96 6.71257e-96 6.30251e-96 5.90345e-96 5.51654e-96 5.14276e-96 4.78293e-96 4.43772e-96 4.10767e-96 3.79314e-96 3.4944e-96 3.21155e-96 2.9446e-96 2.69345e-96 2.45787e-96 2.23759e-96 2.03223e-96 1.84134e-96 1.66443e-96 1.50096e-96 1.35034e-96 1.21196e-96 1.08519e-96 9.69377e-97 8.63879e-97 7.68041e-97 6.81222e-97 6.02788e-97 5.32125e-97 4.68637e-97 4.11748e-97 3.60911e-97 3.15604e-97 2.75334e-97 2.39635e-97 2.08073e-97 1.80242e-97 1.55765e-97 1.34295e-97 1.15512e-97 9.91215e-98 8.48567e-98 7.24737e-98 6.17522e-98 5.24929e-98 4.45171e-98 3.76644e-98 3.17916e-98 2.67715e-98 2.24912e-98 1.88509e-98 1.57627e-98 1.31496e-98 1.0944e-98 9.087e-99 7.52752e-99 6.22118e-99 5.12964e-99 4.21991e-99 3.46365e-99 2.83661e-99 2.31809e-99 1.8905e-99 1.53893e-99 1.25078e-99 1.01548e-99 8.24146e-100 6.69404e-100 5.4514e-100 4.46341e-100 3.6894e-100 3.09695e-100 2.66083e-100 2.36224e-100 2.18818e-100 
2.61689e-100 2.6871e-100 2.90085e-100 3.26749e-100 3.803e-100 4.53048e-100 5.48089e-100 6.69404e-100 8.21987e-100 1.01199e-99 1.24692e-99 1.53584e-99 1.88964e-99 2.32132e-99 2.84633e-99 3.48299e-99 4.25288e-99 5.18143e-99 6.2984e-99 7.63857e-99 9.24249e-99 1.11572e-98 1.34371e-98 1.61451e-98 1.93534e-98 2.31449e-98 2.76142e-98 3.28693e-98 3.90325e-98 4.62426e-98 5.46557e-98 6.44476e-98 7.5815e-98 8.89777e-98 1.0418e-97 1.21692e-97 1.41814e-97 1.64873e-97 1.91231e-97 2.21279e-97 2.55446e-97 2.94192e-97 3.38017e-97 3.87453e-97 4.43073e-97 5.0548e-97 5.75316e-97 6.53254e-97 7.39999e-97 8.36282e-97 9.42859e-97 1.06051e-96 1.19001e-96 1.33218e-96 1.4878e-96 1.65766e-96 1.84256e-96 2.04323e-96 2.26038e-96 2.4947e-96 2.74679e-96 3.01719e-96 3.30636e-96 3.61466e-96 3.94234e-96 4.28953e-96 4.65624e-96 5.04231e-96 5.44745e-96 5.87119e-96 6.31287e-96 6.77168e-96 7.24661e-96 7.73644e-96 8.23978e-96 8.75504e-96 9.28044e-96 9.81402e-96 1.03536e-95 1.0897e-95 1.14416e-95 1.19849e-95 1.25242e-95 1.30567e-95 1.35795e-95 1.40897e-95 1.45843e-95 1.50604e-95 1.55151e-95 1.59455e-95 1.6349e-95 1.67228e-95 1.70645e-95 1.73718e-95 1.76426e-95 1.7875e-95 1.80675e-95 1.82186e-95 1.83273e-95 1.83929e-95 1.84148e-95 1.83929e-95 1.83273e-95 1.82186e-95 1.80675e-95 1.7875e-95 1.76426e-95 1.73718e-95 1.70645e-95 1.67228e-95 1.6349e-95 1.59455e-95 1.55151e-95 1.50604e-95 1.45843e-95 1.40897e-95 1.35795e-95 1.30567e-95 1.25242e-95 1.19849e-95 1.14416e-95 1.0897e-95 1.03536e-95 9.81402e-96 9.28044e-96 8.75504e-96 8.23978e-96 7.73644e-96 7.24661e-96 6.77168e-96 6.31287e-96 5.87119e-96 5.44745e-96 5.04231e-96 4.65624e-96 4.28953e-96 3.94234e-96 3.61466e-96 3.30636e-96 3.01719e-96 2.74679e-96 2.4947e-96 2.26038e-96 2.04323e-96 1.84256e-96 1.65766e-96 1.4878e-96 1.33218e-96 1.19001e-96 1.06051e-96 9.42859e-97 8.36282e-97 7.39999e-97 6.53254e-97 5.75316e-97 5.0548e-97 4.43073e-97 3.87453e-97 3.38017e-97 2.94192e-97 2.55446e-97 2.21279e-97 1.91231e-97 1.64873e-97 1.41814e-97 1.21692e-97 1.0418e-97 8.89777e-98 7.5815e-98 6.44476e-98 5.46557e-98 4.62426e-98 3.90325e-98 3.28693e-98 2.76142e-98 2.31449e-98 1.93534e-98 1.61451e-98 1.34371e-98 1.11572e-98 9.24249e-99 7.63857e-99 6.2984e-99 5.18143e-99 4.25288e-99 3.48299e-99 2.84633e-99 2.32132e-99 1.88964e-99 1.53584e-99 1.24692e-99 1.01199e-99 8.21987e-100 6.69404e-100 5.48089e-100 4.53048e-100 3.803e-100 3.26749e-100 2.90085e-100 2.6871e-100 
3.22198e-100 3.30843e-100 3.57157e-100 4.02296e-100 4.68225e-100 5.57787e-100 6.74793e-100 8.24146e-100 1.01199e-99 1.24591e-99 1.53513e-99 1.89081e-99 2.32637e-99 2.85779e-99 3.50411e-99 4.28786e-99 5.23564e-99 6.3787e-99 7.75372e-99 9.4035e-99 1.13779e-98 1.37349e-98 1.65415e-98 1.98749e-98 2.38243e-98 2.84915e-98 3.3993e-98 4.04618e-98 4.80484e-98 5.69235e-98 6.72794e-98 7.93325e-98 9.33248e-98 1.09527e-97 1.28239e-97 1.49795e-97 1.74563e-97 2.02946e-97 2.35389e-97 2.72374e-97 3.14428e-97 3.6212e-97 4.16061e-97 4.7691e-97 5.45368e-97 6.22181e-97 7.08136e-97 8.04064e-97 9.10831e-97 1.02934e-96 1.16051e-96 1.30531e-96 1.46471e-96 1.63968e-96 1.83121e-96 2.04028e-96 2.26784e-96 2.51482e-96 2.78209e-96 3.07048e-96 3.38074e-96 3.71353e-96 4.06942e-96 4.44886e-96 4.85215e-96 5.27945e-96 5.73077e-96 6.20592e-96 6.70453e-96 7.22603e-96 7.76962e-96 8.33428e-96 8.91877e-96 9.52161e-96 1.01411e-95 1.07752e-95 1.14218e-95 1.20785e-95 1.27426e-95 1.34113e-95 1.40816e-95 1.47502e-95 1.54139e-95 1.60692e-95 1.67126e-95 1.73405e-95 1.79492e-95 1.85351e-95 1.90947e-95 1.96244e-95 2.01209e-95 2.0581e-95 2.10015e-95 2.13797e-95 2.17129e-95 2.1999e-95 2.22358e-95 2.24218e-95 2.25556e-95 2.26363e-95 2.26632e-95 2.26363e-95 2.25556e-95 2.24218e-95 2.22358e-95 2.1999e-95 2.17129e-95 2.13797e-95 2.10015e-95 2.0581e-95 2.01209e-95 1.96244e-95 1.90947e-95 1.85351e-95 1.79492e-95 1.73405e-95 1.67126e-95 1.60692e-95 1.54139e-95 1.47502e-95 1.40816e-95 1.34113e-95 1.27426e-95 1.20785e-95 1.14218e-95 1.07752e-95 1.01411e-95 9.52161e-96 8.91877e-96 8.33428e-96 7.76962e-96 7.22603e-96 6.70453e-96 6.20592e-96 5.73077e-96 5.27945e-96 4.85215e-96 4.44886e-96 4.06942e-96 3.71353e-96 3.38074e-96 3.07048e-96 2.78209e-96 2.51482e-96 2.26784e-96 2.04028e-96 1.83121e-96 1.63968e-96 1.46471e-96 1.30531e-96 1.16051e-96 1.02934e-96 9.10831e-97 8.04064e-97 7.08136e-97 6.22181e-97 5.45368e-97 4.7691e-97 4.16061e-97 3.6212e-97 3.14428e-97 2.72374e-97 2.35389e-97 2.02946e-97 1.74563e-97 1.49795e-97 1.28239e-97 1.09527e-97 9.33248e-98 7.93325e-98 6.72794e-98 5.69235e-98 4.80484e-98 4.04618e-98 3.3993e-98 2.84915e-98 2.38243e-98 1.98749e-98 1.65415e-98 1.37349e-98 1.13779e-98 9.4035e-99 7.75372e-99 6.3787e-99 5.23564e-99 4.28786e-99 3.50411e-99 2.85779e-99 2.32637e-99 1.89081e-99 1.53513e-99 1.24591e-99 1.01199e-99 8.24146e-100 6.74793e-100 5.57787e-100 4.68225e-100 4.02296e-100 3.57157e-100 3.30843e-100 
3.97018e-100 4.07669e-100 4.40092e-100 4.95709e-100 5.76942e-100 6.87293e-100 8.31458e-100 1.01548e-99 1.24692e-99 1.53513e-99 1.89147e-99 2.32971e-99 2.86634e-99 3.52108e-99 4.31738e-99 5.283e-99 6.45069e-99 7.85899e-99 9.55303e-99 1.15856e-98 1.40181e-98 1.69219e-98 2.03795e-98 2.44863e-98 2.93518e-98 3.51016e-98 4.18793e-98 4.98485e-98 5.91947e-98 7.01283e-98 8.28861e-98 9.77345e-98 1.14972e-97 1.34931e-97 1.57983e-97 1.84538e-97 2.15049e-97 2.50014e-97 2.89979e-97 3.3554e-97 3.87345e-97 4.46094e-97 5.12541e-97 5.87498e-97 6.71827e-97 7.66448e-97 8.7233e-97 9.90496e-97 1.12201e-96 1.26799e-96 1.42957e-96 1.60794e-96 1.80428e-96 2.01981e-96 2.25574e-96 2.51327e-96 2.79357e-96 3.09779e-96 3.427e-96 3.78223e-96 4.1644e-96 4.57432e-96 5.01269e-96 5.48005e-96 5.9768e-96 6.50313e-96 7.05903e-96 7.64429e-96 8.25844e-96 8.90079e-96 9.57034e-96 1.02658e-95 1.09858e-95 1.17283e-95 1.24913e-95 1.32724e-95 1.40688e-95 1.48776e-95 1.56956e-95 1.65192e-95 1.73448e-95 1.81684e-95 1.89859e-95 1.9793e-95 2.05855e-95 2.13588e-95 2.21085e-95 2.28302e-95 2.35194e-95 2.41719e-95 2.47834e-95 2.535e-95 2.5868e-95 2.63338e-95 2.67442e-95 2.70966e-95 2.73883e-95 2.76173e-95 2.77821e-95 2.78815e-95 2.79147e-95 2.78815e-95 2.77821e-95 2.76173e-95 2.73883e-95 2.70966e-95 2.67442e-95 2.63338e-95 2.5868e-95 2.535e-95 2.47834e-95 2.41719e-95 2.35194e-95 2.28302e-95 2.21085e-95 2.13588e-95 2.05855e-95 1.9793e-95 1.89859e-95 1.81684e-95 1.73448e-95 1.65192e-95 1.56956e-95 1.48776e-95 1.40688e-95 1.32724e-95 1.24913e-95 1.17283e-95 1.09858e-95 1.02658e-95 9.57034e-96 8.90079e-96 8.25844e-96 7.64429e-96 7.05903e-96 6.50313e-96 5.9768e-96 5.48005e-96 5.01269e-96 4.57432e-96 4.1644e-96 3.78223e-96 3.427e-96 3.09779e-96 2.79357e-96 2.51327e-96 2.25574e-96 2.01981e-96 1.80428e-96 1.60794e-96 1.42957e-96 1.26799e-96 1.12201e-96 9.90496e-97 8.7233e-97 7.66448e-97 6.71827e-97 5.87498e-97 5.12541e-97 4.46094e-97 3.87345e-97 3.3554e-97 2.89979e-97 2.50014e-97 2.15049e-97 1.84538e-97 1.57983e-97 1.34931e-97 1.14972e-97 9.77345e-98 8.28861e-98 7.01283e-98 5.91947e-98 4.98485e-98 4.18793e-98 3.51016e-98 2.93518e-98 2.44863e-98 2.03795e-98 1.69219e-98 1.40181e-98 1.15856e-98 9.55303e-99 7.85899e-99 6.45069e-99 5.283e-99 4.31738e-99 3.52108e-99 2.86634e-99 2.32971e-99 1.89147e-99 1.53513e-99 1.24692e-99 1.01548e-99 8.31458e-100 6.87293e-100 5.76942e-100 4.95709e-100 4.40092e-100 4.07669e-100 
4.89037e-100 5.02156e-100 5.42091e-100 6.10594e-100 7.10647e-100 8.46565e-100 1.02413e-99 1.25078e-99 1.53584e-99 1.89081e-99 2.32971e-99 2.86945e-99 3.53038e-99 4.33679e-99 5.31752e-99 6.50679e-99 7.94492e-99 9.67937e-99 1.17657e-98 1.4269e-98 1.72648e-98 2.0841e-98 2.50993e-98 3.0157e-98 3.6149e-98 4.32301e-98 5.1577e-98 6.13912e-98 7.29012e-98 8.63659e-98 1.02077e-97 1.20363e-97 1.4159e-97 1.6617e-97 1.94558e-97 2.27259e-97 2.64831e-97 3.07889e-97 3.57104e-97 4.1321e-97 4.77004e-97 5.49349e-97 6.31174e-97 7.23476e-97 8.2732e-97 9.43837e-97 1.07422e-96 1.21973e-96 1.38168e-96 1.56143e-96 1.7604e-96 1.98003e-96 2.2218e-96 2.4872e-96 2.77771e-96 3.09482e-96 3.43997e-96 3.81457e-96 4.21994e-96 4.65735e-96 5.12792e-96 5.63267e-96 6.17245e-96 6.74792e-96 7.35958e-96 8.00765e-96 8.69214e-96 9.41277e-96 1.0169e-95 1.09599e-95 1.17843e-95 1.26407e-95 1.35271e-95 1.44414e-95 1.53809e-95 1.63426e-95 1.73232e-95 1.83191e-95 1.93262e-95 2.03404e-95 2.13569e-95 2.23709e-95 2.33775e-95 2.43713e-95 2.5347e-95 2.62992e-95 2.72223e-95 2.81108e-95 2.89594e-95 2.97628e-95 3.05157e-95 3.12134e-95 3.18511e-95 3.24246e-95 3.293e-95 3.33638e-95 3.3723e-95 3.4005e-95 3.42079e-95 3.43302e-95 3.43711e-95 3.43302e-95 3.42079e-95 3.4005e-95 3.3723e-95 3.33638e-95 3.293e-95 3.24246e-95 3.18511e-95 3.12134e-95 3.05157e-95 2.97628e-95 2.89594e-95 2.81108e-95 2.72223e-95 2.62992e-95 2.5347e-95 2.43713e-95 2.33775e-95 2.23709e-95 2.13569e-95 2.03404e-95 1.93262e-95 1.83191e-95 1.73232e-95 1.63426e-95 1.53809e-95 1.44414e-95 1.35271e-95 1.26407e-95 1.17843e-95 1.09599e-95 1.0169e-95 9.41277e-96 8.69214e-96 8.00765e-96 7.35958e-96 6.74792e-96 6.17245e-96 5.63267e-96 5.12792e-96 4.65735e-96 4.21994e-96 3.81457e-96 3.43997e-96 3.09482e-96 2.77771e-96 2.4872e-96 2.2218e-96 1.98003e-96 1.7604e-96 1.56143e-96 1.38168e-96 1.21973e-96 1.07422e-96 9.43837e-97 8.2732e-97 7.23476e-97 6.31174e-97 5.49349e-97 4.77004e-97 4.1321e-97 3.57104e-97 3.07889e-97 2.64831e-97 2.27259e-97 1.94558e-97 1.6617e-97 1.4159e-97 1.20363e-97 1.02077e-97 8.63659e-98 7.29012e-98 6.13912e-98 5.1577e-98 4.32301e-98 3.6149e-98 3.0157e-98 2.50993e-98 2.0841e-98 1.72648e-98 1.4269e-98 1.17657e-98 9.67937e-99 7.94492e-99 6.50679e-99 5.31752e-99 4.33679e-99 3.53038e-99 2.86945e-99 2.32971e-99 1.89081e-99 1.53584e-99 1.25078e-99 1.02413e-99 8.46565e-100 7.10647e-100 6.10594e-100 5.42091e-100 5.02156e-100 
6.01724e-100 6.17866e-100 6.67e-100 7.51282e-100 8.74382e-100 1.04161e-99 1.26007e-99 1.53893e-99 1.88964e-99 2.32637e-99 2.86634e-99 3.53038e-99 4.34352e-99 5.33562e-99 6.5422e-99 8.00531e-99 9.77459e-99 1.19084e-98 1.44751e-98 1.75547e-98 2.12402e-98 2.56397e-98 3.08783e-98 3.71003e-98 4.44717e-98 5.31828e-98 6.3451e-98 7.55242e-98 8.96835e-98 1.06247e-97 1.25574e-97 1.48069e-97 1.74182e-97 2.04418e-97 2.39338e-97 2.79565e-97 3.25784e-97 3.78749e-97 4.39289e-97 5.08305e-97 5.86778e-97 6.75768e-97 7.7642e-97 8.89959e-97 1.01769e-96 1.16102e-96 1.3214e-96 1.50038e-96 1.69959e-96 1.92069e-96 2.16543e-96 2.43559e-96 2.73297e-96 3.05941e-96 3.41675e-96 3.8068e-96 4.23134e-96 4.6921e-96 5.19071e-96 5.72872e-96 6.30752e-96 6.92836e-96 7.59228e-96 8.30011e-96 9.05243e-96 9.84954e-96 1.06914e-95 1.15778e-95 1.25079e-95 1.34807e-95 1.44947e-95 1.5548e-95 1.66383e-95 1.77628e-95 1.89183e-95 2.01012e-95 2.13073e-95 2.25322e-95 2.37709e-95 2.50182e-95 2.62684e-95 2.75156e-95 2.87536e-95 2.9976e-95 3.1176e-95 3.23471e-95 3.34825e-95 3.45753e-95 3.56191e-95 3.66071e-95 3.75332e-95 3.83912e-95 3.91756e-95 3.9881e-95 4.05026e-95 4.10361e-95 4.14779e-95 4.18247e-95 4.20743e-95 4.22247e-95 4.2275e-95 4.22247e-95 4.20743e-95 4.18247e-95 4.14779e-95 4.10361e-95 4.05026e-95 3.9881e-95 3.91756e-95 3.83912e-95 3.75332e-95 3.66071e-95 3.56191e-95 3.45753e-95 3.34825e-95 3.23471e-95 3.1176e-95 2.9976e-95 2.87536e-95 2.75156e-95 2.62684e-95 2.50182e-95 2.37709e-95 2.25322e-95 2.13073e-95 2.01012e-95 1.89183e-95 1.77628e-95 1.66383e-95 1.5548e-95 1.44947e-95 1.34807e-95 1.25079e-95 1.15778e-95 1.06914e-95 9.84954e-96 9.05243e-96 8.30011e-96 7.59228e-96 6.92836e-96 6.30752e-96 5.72872e-96 5.19071e-96 4.6921e-96 4.23134e-96 3.8068e-96 3.41675e-96 3.05941e-96 2.73297e-96 2.43559e-96 2.16543e-96 1.92069e-96 1.69959e-96 1.50038e-96 1.3214e-96 1.16102e-96 1.01769e-96 8.89959e-97 7.7642e-97 6.75768e-97 5.86778e-97 5.08305e-97 4.39289e-97 3.78749e-97 3.25784e-97 2.79565e-97 2.39338e-97 2.04418e-97 1.74182e-97 1.48069e-97 1.25574e-97 1.06247e-97 8.96835e-98 7.55242e-98 6.3451e-98 5.31828e-98 4.44717e-98 3.71003e-98 3.08783e-98 2.56397e-98 2.12402e-98 1.75547e-98 1.44751e-98 1.19084e-98 9.77459e-99 8.00531e-99 6.5422e-99 5.33562e-99 4.34352e-99 3.53038e-99 2.86634e-99 2.32637e-99 1.88964e-99 1.53893e-99 1.26007e-99 1.04161e-99 8.74382e-100 7.51282e-100 6.67e-100 6.17866e-100 
7.39224e-100 7.59052e-100 8.1941e-100 9.22944e-100 1.07416e-99 1.27959e-99 1.54795e-99 1.8905e-99 2.32132e-99 2.85779e-99 3.52108e-99 4.33679e-99 5.33562e-99 6.55429e-99 8.03639e-99 9.83361e-99 1.20069e-98 1.46279e-98 1.77807e-98 2.15634e-98 2.60904e-98 3.14943e-98 3.79289e-98 4.55713e-98 5.46255e-98 6.53251e-98 7.79373e-98 9.27663e-98 1.10158e-97 1.30502e-97 1.54241e-97 1.81869e-97 2.13941e-97 2.51078e-97 2.93968e-97 3.43375e-97 4.00141e-97 4.65194e-97 5.39548e-97 6.24313e-97 7.20692e-97 8.29988e-97 9.53605e-97 1.09305e-96 1.24993e-96 1.42595e-96 1.62292e-96 1.84274e-96 2.08739e-96 2.35894e-96 2.65951e-96 2.9913e-96 3.35652e-96 3.75743e-96 4.19628e-96 4.6753e-96 5.19668e-96 5.76254e-96 6.37488e-96 7.03561e-96 7.74643e-96 8.50886e-96 9.32421e-96 1.01935e-95 1.11174e-95 1.20963e-95 1.31302e-95 1.42187e-95 1.53609e-95 1.65556e-95 1.78008e-95 1.90944e-95 2.04333e-95 2.18142e-95 2.32332e-95 2.46858e-95 2.6167e-95 2.76712e-95 2.91924e-95 3.07241e-95 3.22594e-95 3.3791e-95 3.53113e-95 3.68123e-95 3.82861e-95 3.97242e-95 4.11184e-95 4.24605e-95 4.37422e-95 4.49555e-95 4.60927e-95 4.71464e-95 4.81096e-95 4.89759e-95 4.97392e-95 5.03944e-95 5.09369e-95 5.13628e-95 5.16693e-95 5.1854e-95 5.19157e-95 5.1854e-95 5.16693e-95 5.13628e-95 5.09369e-95 5.03944e-95 4.97392e-95 4.89759e-95 4.81096e-95 4.71464e-95 4.60927e-95 4.49555e-95 4.37422e-95 4.24605e-95 4.11184e-95 3.97242e-95 3.82861e-95 3.68123e-95 3.53113e-95 3.3791e-95 3.22594e-95 3.07241e-95 2.91924e-95 2.76712e-95 2.6167e-95 2.46858e-95 2.32332e-95 2.18142e-95 2.04333e-95 1.90944e-95 1.78008e-95 1.65556e-95 1.53609e-95 1.42187e-95 1.31302e-95 1.20963e-95 1.11174e-95 1.01935e-95 9.32421e-96 8.50886e-96 7.74643e-96 7.03561e-96 6.37488e-96 5.76254e-96 5.19668e-96 4.6753e-96 4.19628e-96 3.75743e-96 3.35652e-96 2.9913e-96 2.65951e-96 2.35894e-96 2.08739e-96 1.84274e-96 1.62292e-96 1.42595e-96 1.24993e-96 1.09305e-96 9.53605e-97 8.29988e-97 7.20692e-97 6.24313e-97 5.39548e-97 4.65194e-97 4.00141e-97 3.43375e-97 2.93968e-97 2.51078e-97 2.13941e-97 1.81869e-97 1.54241e-97 1.30502e-97 1.10158e-97 9.27663e-98 7.79373e-98 6.53251e-98 5.46255e-98 4.55713e-98 3.79289e-98 3.14943e-98 2.60904e-98 2.15634e-98 1.77807e-98 1.46279e-98 1.20069e-98 9.83361e-99 8.03639e-99 6.55429e-99 5.33562e-99 4.33679e-99 3.52108e-99 2.85779e-99 2.32132e-99 1.8905e-99 1.54795e-99 1.27959e-99 1.07416e-99 9.22944e-100 8.1941e-100 7.59052e-100 
9.0646e-100 9.30773e-100 1.00478e-99 1.13173e-99 1.31715e-99 1.56903e-99 1.89808e-99 2.31809e-99 2.84633e-99 3.50411e-99 4.31738e-99 5.31752e-99 6.5422e-99 8.03639e-99 9.85359e-99 1.20571e-98 1.47217e-98 1.79352e-98 2.18007e-98 2.64385e-98 3.19888e-98 3.86142e-98 4.65031e-98 5.58729e-98 6.69735e-98 8.00913e-98 9.55538e-98 1.13734e-97 1.35056e-97 1.59997e-97 1.891e-97 2.22971e-97 2.62291e-97 3.0782e-97 3.60401e-97 4.2097e-97 4.90562e-97 5.70312e-97 6.61465e-97 7.6538e-97 8.83532e-97 1.01752e-96 1.16906e-96 1.34001e-96 1.53232e-96 1.74811e-96 1.98957e-96 2.25904e-96 2.55895e-96 2.89183e-96 3.26029e-96 3.66701e-96 4.11472e-96 4.60618e-96 5.14414e-96 5.73135e-96 6.37047e-96 7.06412e-96 7.81475e-96 8.62468e-96 9.49602e-96 1.04306e-95 1.14301e-95 1.24956e-95 1.36282e-95 1.48281e-95 1.60955e-95 1.74298e-95 1.88299e-95 2.02943e-95 2.18207e-95 2.34063e-95 2.50475e-95 2.67402e-95 2.84796e-95 3.02602e-95 3.20757e-95 3.39195e-95 3.57842e-95 3.76617e-95 3.95436e-95 4.1421e-95 4.32845e-95 4.51244e-95 4.69309e-95 4.86936e-95 5.04026e-95 5.20477e-95 5.36187e-95 5.5106e-95 5.64999e-95 5.77915e-95 5.89721e-95 6.00339e-95 6.09695e-95 6.17726e-95 6.24376e-95 6.29597e-95 6.33353e-95 6.35618e-95 6.36374e-95 6.35618e-95 6.33353e-95 6.29597e-95 6.24376e-95 6.17726e-95 6.09695e-95 6.00339e-95 5.89721e-95 5.77915e-95 5.64999e-95 5.5106e-95 5.36187e-95 5.20477e-95 5.04026e-95 4.86936e-95 4.69309e-95 4.51244e-95 4.32845e-95 4.1421e-95 3.95436e-95 3.76617e-95 3.57842e-95 3.39195e-95 3.20757e-95 3.02602e-95 2.84796e-95 2.67402e-95 2.50475e-95 2.34063e-95 2.18207e-95 2.02943e-95 1.88299e-95 1.74298e-95 1.60955e-95 1.48281e-95 1.36282e-95 1.24956e-95 1.14301e-95 1.04306e-95 9.49602e-96 8.62468e-96 7.81475e-96 7.06412e-96 6.37047e-96 5.73135e-96 5.14414e-96 4.60618e-96 4.11472e-96 3.66701e-96 3.26029e-96 2.89183e-96 2.55895e-96 2.25904e-96 1.98957e-96 1.74811e-96 1.53232e-96 1.34001e-96 1.16906e-96 1.01752e-96 8.83532e-97 7.6538e-97 6.61465e-97 5.70312e-97 4.90562e-97 4.2097e-97 3.60401e-97 3.0782e-97 2.62291e-97 2.22971e-97 1.891e-97 1.59997e-97 1.35056e-97 1.13734e-97 9.55538e-98 8.00913e-98 6.69735e-98 5.58729e-98 4.65031e-98 3.86142e-98 3.19888e-98 2.64385e-98 2.18007e-98 1.79352e-98 1.47217e-98 1.20571e-98 9.85359e-99 8.03639e-99 6.5422e-99 5.31752e-99 4.31738e-99 3.50411e-99 2.84633e-99 2.31809e-99 1.89808e-99 1.56903e-99 1.31715e-99 1.13173e-99 1.00478e-99 9.30773e-100 
1.10927e-99 1.13902e-99 1.22958e-99 1.38492e-99 1.61181e-99 1.92002e-99 2.32267e-99 2.83661e-99 3.48299e-99 4.28786e-99 5.283e-99 6.50679e-99 8.00531e-99 9.83361e-99 1.20571e-98 1.47533e-98 1.80137e-98 2.19456e-98 2.66753e-98 3.23499e-98 3.91409e-98 4.72474e-98 5.68998e-98 6.8364e-98 8.19458e-98 9.79956e-98 1.16914e-97 1.39158e-97 1.65244e-97 1.95761e-97 2.31367e-97 2.72808e-97 3.20915e-97 3.76617e-97 4.40948e-97 5.15052e-97 6.00194e-97 6.97763e-97 8.09283e-97 9.36415e-97 1.08097e-96 1.24489e-96 1.43029e-96 1.63942e-96 1.8747e-96 2.13869e-96 2.4341e-96 2.76377e-96 3.13067e-96 3.53791e-96 3.98867e-96 4.48624e-96 5.03396e-96 5.63519e-96 6.29331e-96 7.01166e-96 7.79354e-96 8.6421e-96 9.56038e-96 1.05512e-95 1.16171e-95 1.27605e-95 1.39831e-95 1.52867e-95 1.66721e-95 1.814e-95 1.96904e-95 2.13226e-95 2.30355e-95 2.48268e-95 2.66941e-95 2.86337e-95 3.06414e-95 3.27121e-95 3.48399e-95 3.7018e-95 3.92389e-95 4.14944e-95 4.37754e-95 4.60722e-95 4.83743e-95 5.06709e-95 5.29504e-95 5.52011e-95 5.74109e-95 5.95672e-95 6.16578e-95 6.36701e-95 6.55919e-95 6.74112e-95 6.91164e-95 7.06963e-95 7.21405e-95 7.34393e-95 7.45839e-95 7.55663e-95 7.63797e-95 7.70184e-95 7.74778e-95 7.77548e-95 7.78474e-95 7.77548e-95 7.74778e-95 7.70184e-95 7.63797e-95 7.55663e-95 7.45839e-95 7.34393e-95 7.21405e-95 7.06963e-95 6.91164e-95 6.74112e-95 6.55919e-95 6.36701e-95 6.16578e-95 5.95672e-95 5.74109e-95 5.52011e-95 5.29504e-95 5.06709e-95 4.83743e-95 4.60722e-95 4.37754e-95 4.14944e-95 3.92389e-95 3.7018e-95 3.48399e-95 3.27121e-95 3.06414e-95 2.86337e-95 2.66941e-95 2.48268e-95 2.30355e-95 2.13226e-95 1.96904e-95 1.814e-95 1.66721e-95 1.52867e-95 1.39831e-95 1.27605e-95 1.16171e-95 1.05512e-95 9.56038e-96 8.6421e-96 7.79354e-96 7.01166e-96 6.29331e-96 5.63519e-96 5.03396e-96 4.48624e-96 3.98867e-96 3.53791e-96 3.13067e-96 2.76377e-96 2.4341e-96 2.13869e-96 1.8747e-96 1.63942e-96 1.43029e-96 1.24489e-96 1.08097e-96 9.36415e-97 8.09283e-97 6.97763e-97 6.00194e-97 5.15052e-97 4.40948e-97 3.76617e-97 3.20915e-97 2.72808e-97 2.31367e-97 1.95761e-97 1.65244e-97 1.39158e-97 1.16914e-97 9.79956e-98 8.19458e-98 6.8364e-98 5.68998e-98 4.72474e-98 3.91409e-98 3.23499e-98 2.66753e-98 2.19456e-98 1.80137e-98 1.47533e-98 1.20571e-98 9.83361e-99 8.00531e-99 6.50679e-99 5.283e-99 4.28786e-99 3.48299e-99 2.83661e-99 2.32267e-99 1.92002e-99 1.61181e-99 1.38492e-99 1.22958e-99 1.13902e-99 
