4.45505e-185 4.48379e-185 4.57023e-185 4.71505e-185 4.91941e-185 5.1849e-185 5.51358e-185 5.90798e-185 6.37108e-185 6.90635e-185 7.51773e-185 8.2096e-185 8.98686e-185 9.85487e-185 1.08195e-184 1.1887e-184 1.30643e-184 1.43585e-184 1.57776e-184 1.73297e-184 1.90236e-184 2.08684e-184 2.28737e-184 2.50496e-184 2.74065e-184 2.99554e-184 3.27075e-184 3.56743e-184 3.88677e-184 4.23e-184 4.59835e-184 4.99308e-184 5.41546e-184 5.86679e-184 6.34834e-184 6.8614e-184 7.40724e-184 7.98711e-184 8.60224e-184 9.25383e-184 9.94302e-184 1.06709e-183 1.14386e-183 1.2247e-183 1.30969e-183 1.39893e-183 1.49248e-183 1.5904e-183 1.69274e-183 1.79952e-183 1.91077e-183 2.0265e-183 2.14668e-183 2.27129e-183 2.40029e-183 2.53361e-183 2.67115e-183 2.81282e-183 2.9585e-183 3.10802e-183 3.26123e-183 3.41793e-183 3.5779e-183 3.74092e-183 3.90672e-183 4.07503e-183 4.24555e-183 4.41795e-183 4.59189e-183 4.76702e-183 4.94295e-183 5.11929e-183 5.29563e-183 5.47154e-183 5.64657e-183 5.82029e-183 5.99223e-183 6.16193e-183 6.3289e-183 6.49268e-183 6.65279e-183 6.80876e-183 6.9601e-183 7.10636e-183 7.24708e-183 7.38181e-183 7.51011e-183 7.63157e-183 7.74578e-183 7.85237e-183 7.95097e-183 8.04124e-183 8.12288e-183 8.19561e-183 8.25916e-183 8.31332e-183 8.3579e-183 8.39274e-183 8.41771e-183 8.43273e-183 8.43774e-183 8.43273e-183 8.41771e-183 8.39274e-183 8.3579e-183 8.31332e-183 8.25916e-183 8.19561e-183 8.12288e-183 8.04124e-183 7.95097e-183 7.85237e-183 7.74578e-183 7.63157e-183 7.51011e-183 7.38181e-183 7.24708e-183 7.10636e-183 6.9601e-183 6.80876e-183 6.65279e-183 6.49268e-183 6.3289e-183 6.16193e-183 5.99223e-183 5.82029e-183 5.64657e-183 5.47154e-183 5.29563e-183 5.11929e-183 4.94295e-183 4.76702e-183 4.59189e-183 4.41795e-183 4.24555e-183 4.07503e-183 3.90672e-183 3.74092e-183 3.5779e-183 3.41793e-183 3.26123e-183 3.10802e-183 2.9585e-183 2.81282e-183 2.67115e-183 2.53361e-183 2.40029e-183 2.27129e-183 2.14668e-183 2.0265e-183 1.91077e-183 1.79952e-183 1.69274e-183 1.5904e-183 1.49248e-183 1.39893e-183 1.30969e-183 1.2247e-183 1.14386e-183 1.06709e-183 9.94302e-184 9.25383e-184 8.60224e-184 7.98711e-184 7.40724e-184 6.8614e-184 6.34834e-184 5.86679e-184 5.41546e-184 4.99308e-184 4.59835e-184 4.23e-184 3.88677e-184 3.56743e-184 3.27075e-184 2.99554e-184 2.74065e-184 2.50496e-184 2.28737e-184 2.08684e-184 1.90236e-184 1.73297e-184 1.57776e-184 1.43585e-184 1.30643e-184 1.1887e-184 1.08195e-184 9.85487e-185 8.98686e-185 8.2096e-185 7.51773e-185 6.90635e-185 6.37108e-185 5.90798e-185 5.51358e-185 5.1849e-185 4.91941e-185 4.71505e-185 4.57023e-185 4.48379e-185 
4.48379e-185 4.51271e-185 4.59971e-185 4.74547e-185 4.95114e-185 5.21834e-185 5.54914e-185 5.94608e-185 6.41217e-185 6.9509e-185 7.56621e-185 8.26254e-185 9.04482e-185 9.91842e-185 1.08892e-184 1.19637e-184 1.31485e-184 1.44511e-184 1.58793e-184 1.74415e-184 1.91462e-184 2.10029e-184 2.30211e-184 2.52111e-184 2.75832e-184 3.01486e-184 3.29184e-184 3.59043e-184 3.91183e-184 4.25727e-184 4.62799e-184 5.02526e-184 5.45037e-184 5.90461e-184 6.38926e-184 6.90563e-184 7.45498e-184 8.03859e-184 8.65768e-184 9.31347e-184 1.00071e-183 1.07397e-183 1.15123e-183 1.23259e-183 1.31814e-183 1.40795e-183 1.5021e-183 1.60065e-183 1.70365e-183 1.81112e-183 1.92309e-183 2.03956e-183 2.16051e-183 2.28593e-183 2.41576e-183 2.54993e-183 2.68836e-183 2.83095e-183 2.97756e-183 3.12805e-183 3.28224e-183 3.43995e-183 3.60096e-183 3.76502e-183 3.9319e-183 4.10129e-183 4.27291e-183 4.44642e-183 4.62148e-183 4.79774e-183 4.9748e-183 5.15228e-183 5.32975e-183 5.50679e-183 5.68295e-183 5.85779e-183 6.03084e-183 6.20163e-183 6.36968e-183 6.53451e-183 6.69566e-183 6.85262e-183 7.00494e-183 7.15215e-183 7.29377e-183 7.42937e-183 7.5585e-183 7.68074e-183 7.79569e-183 7.90296e-183 8.00219e-183 8.09305e-183 8.17521e-183 8.2484e-183 8.31237e-183 8.36688e-183 8.41174e-183 8.4468e-183 8.47194e-183 8.48705e-183 8.4921e-183 8.48705e-183 8.47194e-183 8.4468e-183 8.41174e-183 8.36688e-183 8.31237e-183 8.2484e-183 8.17521e-183 8.09305e-183 8.00219e-183 7.90296e-183 7.79569e-183 7.68074e-183 7.5585e-183 7.42937e-183 7.29377e-183 7.15215e-183 7.00494e-183 6.85262e-183 6.69566e-183 6.53451e-183 6.36968e-183 6.20163e-183 6.03084e-183 5.85779e-183 5.68295e-183 5.50679e-183 5.32975e-183 5.15228e-183 4.9748e-183 4.79774e-183 4.62148e-183 4.44642e-183 4.27291e-183 4.10129e-183 3.9319e-183 3.76502e-183 3.60096e-183 3.43995e-183 3.28224e-183 3.12805e-183 2.97756e-183 2.83095e-183 2.68836e-183 2.54993e-183 2.41576e-183 2.28593e-183 2.16051e-183 2.03956e-183 1.92309e-183 1.81112e-183 1.70365e-183 1.60065e-183 1.5021e-183 1.40795e-183 1.31814e-183 1.23259e-183 1.15123e-183 1.07397e-183 1.00071e-183 9.31347e-184 8.65768e-184 8.03859e-184 7.45498e-184 6.90563e-184 6.38926e-184 5.90461e-184 5.45037e-184 5.02526e-184 4.62799e-184 4.25727e-184 3.91183e-184 3.59043e-184 3.29184e-184 3.01486e-184 2.75832e-184 2.52111e-184 2.30211e-184 2.10029e-184 1.91462e-184 1.74415e-184 1.58793e-184 1.44511e-184 1.31485e-184 1.19637e-184 1.08892e-184 9.91842e-185 9.04482e-185 8.26254e-185 7.56621e-185 6.9509e-185 6.41217e-185 5.94608e-185 5.54914e-185 5.21834e-185 4.95114e-185 4.74547e-185 4.59971e-185 4.51271e-185 
4.57023e-185 4.59971e-185 4.68838e-185 4.83695e-185 5.04659e-185 5.31894e-185 5.65611e-185 6.0607e-185 6.53577e-185 7.08488e-185 7.71204e-185 8.4218e-185 9.21914e-185 1.01096e-184 1.10991e-184 1.21942e-184 1.34019e-184 1.47296e-184 1.61854e-184 1.77776e-184 1.95152e-184 2.14076e-184 2.34647e-184 2.56969e-184 2.81147e-184 3.07295e-184 3.35526e-184 3.65961e-184 3.9872e-184 4.33929e-184 4.71715e-184 5.12208e-184 5.55538e-184 6.01836e-184 6.51235e-184 7.03866e-184 7.59859e-184 8.19344e-184 8.82446e-184 9.49288e-184 1.01999e-183 1.09466e-183 1.17341e-183 1.25633e-183 1.34353e-183 1.43507e-183 1.53103e-183 1.63148e-183 1.73646e-183 1.846e-183 1.96012e-183 2.07884e-183 2.20212e-183 2.32996e-183 2.46228e-183 2.59904e-183 2.74014e-183 2.88547e-183 3.0349e-183 3.18829e-183 3.34545e-183 3.50619e-183 3.6703e-183 3.83753e-183 4.00761e-183 4.18027e-183 4.35519e-183 4.53204e-183 4.71048e-183 4.89012e-183 5.0706e-183 5.25149e-183 5.43238e-183 5.61283e-183 5.79238e-183 5.97059e-183 6.14697e-183 6.32104e-183 6.49233e-183 6.66034e-183 6.82458e-183 6.98457e-183 7.13982e-183 7.28986e-183 7.43421e-183 7.57242e-183 7.70403e-183 7.82863e-183 7.94579e-183 8.05512e-183 8.15627e-183 8.24887e-183 8.33262e-183 8.40722e-183 8.47242e-183 8.52798e-183 8.5737e-183 8.60944e-183 8.63506e-183 8.65046e-183 8.65561e-183 8.65046e-183 8.63506e-183 8.60944e-183 8.5737e-183 8.52798e-183 8.47242e-183 8.40722e-183 8.33262e-183 8.24887e-183 8.15627e-183 8.05512e-183 7.94579e-183 7.82863e-183 7.70403e-183 7.57242e-183 7.43421e-183 7.28986e-183 7.13982e-183 6.98457e-183 6.82458e-183 6.66034e-183 6.49233e-183 6.32104e-183 6.14697e-183 5.97059e-183 5.79238e-183 5.61283e-183 5.43238e-183 5.25149e-183 5.0706e-183 4.89012e-183 4.71048e-183 4.53204e-183 4.35519e-183 4.18027e-183 4.00761e-183 3.83753e-183 3.6703e-183 3.50619e-183 3.34545e-183 3.18829e-183 3.0349e-183 2.88547e-183 2.74014e-183 2.59904e-183 2.46228e-183 2.32996e-183 2.20212e-183 2.07884e-183 1.96012e-183 1.846e-183 1.73646e-183 1.63148e-183 1.53103e-183 1.43507e-183 1.34353e-183 1.25633e-183 1.17341e-183 1.09466e-183 1.01999e-183 9.49288e-184 8.82446e-184 8.19344e-184 7.59859e-184 7.03866e-184 6.51235e-184 6.01836e-184 5.55538e-184 5.12208e-184 4.71715e-184 4.33929e-184 3.9872e-184 3.65961e-184 3.35526e-184 3.07295e-184 2.81147e-184 2.56969e-184 2.34647e-184 2.14076e-184 1.95152e-184 1.77776e-184 1.61854e-184 1.47296e-184 1.34019e-184 1.21942e-184 1.10991e-184 1.01096e-184 9.21914e-185 8.4218e-185 7.71204e-185 7.08488e-185 6.53577e-185 6.0607e-185 5.65611e-185 5.31894e-185 5.04659e-185 4.83695e-185 4.68838e-185 4.59971e-185 
4.71505e-185 4.74547e-185 4.83695e-185 4.99023e-185 5.20651e-185 5.48748e-185 5.83533e-185 6.25274e-185 6.74286e-185 7.30935e-185 7.95639e-185 8.68862e-185 9.51122e-185 1.04299e-184 1.14507e-184 1.25805e-184 1.38264e-184 1.51962e-184 1.66981e-184 1.83407e-184 2.01333e-184 2.20857e-184 2.4208e-184 2.65108e-184 2.90052e-184 3.17027e-184 3.46153e-184 3.77551e-184 4.11348e-184 4.47672e-184 4.86654e-184 5.28429e-184 5.73131e-184 6.20895e-184 6.71858e-184 7.26155e-184 7.83921e-184 8.45289e-184 9.10389e-184 9.79347e-184 1.05228e-183 1.12932e-183 1.21056e-183 1.29611e-183 1.38606e-183 1.48051e-183 1.57951e-183 1.68314e-183 1.79144e-183 1.90444e-183 2.02218e-183 2.14465e-183 2.27184e-183 2.40372e-183 2.54024e-183 2.68132e-183 2.82689e-183 2.97682e-183 3.13098e-183 3.28922e-183 3.45136e-183 3.61719e-183 3.78649e-183 3.95901e-183 4.13448e-183 4.3126e-183 4.49305e-183 4.6755e-183 4.85958e-183 5.04491e-183 5.2311e-183 5.41772e-183 5.60433e-183 5.79049e-183 5.97573e-183 6.15957e-183 6.34153e-183 6.52111e-183 6.69782e-183 6.87115e-183 7.04059e-183 7.20564e-183 7.36581e-183 7.52059e-183 7.66951e-183 7.81209e-183 7.94787e-183 8.07641e-183 8.19727e-183 8.31007e-183 8.41442e-183 8.50995e-183 8.59635e-183 8.67331e-183 8.74057e-183 8.79789e-183 8.84506e-183 8.88193e-183 8.90836e-183 8.92425e-183 8.92956e-183 8.92425e-183 8.90836e-183 8.88193e-183 8.84506e-183 8.79789e-183 8.74057e-183 8.67331e-183 8.59635e-183 8.50995e-183 8.41442e-183 8.31007e-183 8.19727e-183 8.07641e-183 7.94787e-183 7.81209e-183 7.66951e-183 7.52059e-183 7.36581e-183 7.20564e-183 7.04059e-183 6.87115e-183 6.69782e-183 6.52111e-183 6.34153e-183 6.15957e-183 5.97573e-183 5.79049e-183 5.60433e-183 5.41772e-183 5.2311e-183 5.04491e-183 4.85958e-183 4.6755e-183 4.49305e-183 4.3126e-183 4.13448e-183 3.95901e-183 3.78649e-183 3.61719e-183 3.45136e-183 3.28922e-183 3.13098e-183 2.97682e-183 2.82689e-183 2.68132e-183 2.54024e-183 2.40372e-183 2.27184e-183 2.14465e-183 2.02218e-183 1.90444e-183 1.79144e-183 1.68314e-183 1.57951e-183 1.48051e-183 1.38606e-183 1.29611e-183 1.21056e-183 1.12932e-183 1.05228e-183 9.79347e-184 9.10389e-184 8.45289e-184 7.83921e-184 7.26155e-184 6.71858e-184 6.20895e-184 5.73131e-184 5.28429e-184 4.86654e-184 4.47672e-184 4.11348e-184 3.77551e-184 3.46153e-184 3.17027e-184 2.90052e-184 2.65108e-184 2.4208e-184 2.20857e-184 2.01333e-184 1.83407e-184 1.66981e-184 1.51962e-184 1.38264e-184 1.25805e-184 1.14507e-184 1.04299e-184 9.51122e-185 8.68862e-185 7.95639e-185 7.30935e-185 6.74286e-185 6.25274e-185 5.83533e-185 5.48748e-185 5.20651e-185 4.99023e-185 4.83695e-185 4.74547e-185 
4.91941e-185 4.95114e-185 5.04659e-185 5.20651e-185 5.43215e-185 5.7253e-185 6.08822e-185 6.52371e-185 7.03506e-185 7.6261e-185 8.30116e-185 9.06512e-185 9.92335e-185 1.08818e-184 1.19469e-184 1.31256e-184 1.44255e-184 1.58546e-184 1.74215e-184 1.91353e-184 2.10056e-184 2.30425e-184 2.52567e-184 2.76592e-184 3.02617e-184 3.3076e-184 3.61147e-184 3.93905e-184 4.29166e-184 4.67063e-184 5.07733e-184 5.51317e-184 5.97955e-184 6.47787e-184 7.00957e-184 7.57605e-184 8.17873e-184 8.81898e-184 9.49817e-184 1.02176e-183 1.09786e-183 1.17823e-183 1.26299e-183 1.35224e-183 1.44609e-183 1.54462e-183 1.64791e-183 1.75602e-183 1.86901e-183 1.98691e-183 2.10975e-183 2.23752e-183 2.37021e-183 2.5078e-183 2.65023e-183 2.79742e-183 2.94929e-183 3.10571e-183 3.26654e-183 3.43163e-183 3.60079e-183 3.7738e-183 3.95043e-183 4.13042e-183 4.31348e-183 4.49931e-183 4.68757e-183 4.87792e-183 5.06997e-183 5.26333e-183 5.45757e-183 5.65227e-183 5.84696e-183 6.04117e-183 6.23443e-183 6.42623e-183 6.61607e-183 6.80342e-183 6.98778e-183 7.16861e-183 7.34538e-183 7.51758e-183 7.68468e-183 7.84616e-183 8.00152e-183 8.15027e-183 8.29193e-183 8.42603e-183 8.55213e-183 8.66981e-183 8.77867e-183 8.87834e-183 8.96848e-183 9.04877e-183 9.11894e-183 9.17873e-183 9.22795e-183 9.26642e-183 9.29399e-183 9.31057e-183 9.3161e-183 9.31057e-183 9.29399e-183 9.26642e-183 9.22795e-183 9.17873e-183 9.11894e-183 9.04877e-183 8.96848e-183 8.87834e-183 8.77867e-183 8.66981e-183 8.55213e-183 8.42603e-183 8.29193e-183 8.15027e-183 8.00152e-183 7.84616e-183 7.68468e-183 7.51758e-183 7.34538e-183 7.16861e-183 6.98778e-183 6.80342e-183 6.61607e-183 6.42623e-183 6.23443e-183 6.04117e-183 5.84696e-183 5.65227e-183 5.45757e-183 5.26333e-183 5.06997e-183 4.87792e-183 4.68757e-183 4.49931e-183 4.31348e-183 4.13042e-183 3.95043e-183 3.7738e-183 3.60079e-183 3.43163e-183 3.26654e-183 3.10571e-183 2.94929e-183 2.79742e-183 2.65023e-183 2.5078e-183 2.37021e-183 2.23752e-183 2.10975e-183 1.98691e-183 1.86901e-183 1.75602e-183 1.64791e-183 1.54462e-183 1.44609e-183 1.35224e-183 1.26299e-183 1.17823e-183 1.09786e-183 1.02176e-183 9.49817e-184 8.81898e-184 8.17873e-184 7.57605e-184 7.00957e-184 6.47787e-184 5.97955e-184 5.51317e-184 5.07733e-184 4.67063e-184 4.29166e-184 3.93905e-184 3.61147e-184 3.3076e-184 3.02617e-184 2.76592e-184 2.52567e-184 2.30425e-184 2.10056e-184 1.91353e-184 1.74215e-184 1.58546e-184 1.44255e-184 1.31256e-184 1.19469e-184 1.08818e-184 9.92335e-185 9.06512e-185 8.30116e-185 7.6261e-185 7.03506e-185 6.52371e-185 6.08822e-185 5.7253e-185 5.43215e-185 5.20651e-185 5.04659e-185 4.95114e-185 
5.1849e-185 5.21834e-185 5.31894e-185 5.48748e-185 5.7253e-185 6.03426e-185 6.41676e-185 6.87574e-185 7.41468e-185 8.0376e-185 8.74907e-185 9.55423e-185 1.04588e-184 1.14689e-184 1.25914e-184 1.38337e-184 1.52037e-184 1.67099e-184 1.83613e-184 2.01675e-184 2.21387e-184 2.42855e-184 2.66191e-184 2.91512e-184 3.1894e-184 3.48602e-184 3.80627e-184 4.15152e-184 4.52313e-184 4.92254e-184 5.35118e-184 5.81052e-184 6.30204e-184 6.82724e-184 7.3876e-184 7.98463e-184 8.61981e-184 9.29458e-184 1.00104e-183 1.07686e-183 1.15706e-183 1.24176e-183 1.33109e-183 1.42516e-183 1.52407e-183 1.62791e-183 1.73677e-183 1.85071e-183 1.96979e-183 2.09405e-183 2.2235e-183 2.35816e-183 2.49801e-183 2.64302e-183 2.79312e-183 2.94825e-183 3.1083e-183 3.27315e-183 3.44266e-183 3.61665e-183 3.79492e-183 3.97726e-183 4.16341e-183 4.3531e-183 4.54603e-183 4.74187e-183 4.94029e-183 5.14089e-183 5.34329e-183 5.54707e-183 5.75178e-183 5.95697e-183 6.16216e-183 6.36684e-183 6.57051e-183 6.77265e-183 6.97272e-183 7.17017e-183 7.36446e-183 7.55504e-183 7.74134e-183 7.92282e-183 8.09892e-183 8.26911e-183 8.43285e-183 8.58961e-183 8.7389e-183 8.88023e-183 9.01313e-183 9.13715e-183 9.25187e-183 9.35691e-183 9.45191e-183 9.53653e-183 9.61048e-183 9.6735e-183 9.72537e-183 9.76591e-183 9.79496e-183 9.81244e-183 9.81827e-183 9.81244e-183 9.79496e-183 9.76591e-183 9.72537e-183 9.6735e-183 9.61048e-183 9.53653e-183 9.45191e-183 9.35691e-183 9.25187e-183 9.13715e-183 9.01313e-183 8.88023e-183 8.7389e-183 8.58961e-183 8.43285e-183 8.26911e-183 8.09892e-183 7.92282e-183 7.74134e-183 7.55504e-183 7.36446e-183 7.17017e-183 6.97272e-183 6.77265e-183 6.57051e-183 6.36684e-183 6.16216e-183 5.95697e-183 5.75178e-183 5.54707e-183 5.34329e-183 5.14089e-183 4.94029e-183 4.74187e-183 4.54603e-183 4.3531e-183 4.16341e-183 3.97726e-183 3.79492e-183 3.61665e-183 3.44266e-183 3.27315e-183 3.1083e-183 2.94825e-183 2.79312e-183 2.64302e-183 2.49801e-183 2.35816e-183 2.2235e-183 2.09405e-183 1.96979e-183 1.85071e-183 1.73677e-183 1.62791e-183 1.52407e-183 1.42516e-183 1.33109e-183 1.24176e-183 1.15706e-183 1.07686e-183 1.00104e-183 9.29458e-184 8.61981e-184 7.98463e-184 7.3876e-184 6.82724e-184 6.30204e-184 5.81052e-184 5.35118e-184 4.92254e-184 4.52313e-184 4.15152e-184 3.80627e-184 3.48602e-184 3.1894e-184 2.91512e-184 2.66191e-184 2.42855e-184 2.21387e-184 2.01675e-184 1.83613e-184 1.67099e-184 1.52037e-184 1.38337e-184 1.25914e-184 1.14689e-184 1.04588e-184 9.55423e-185 8.74907e-185 8.0376e-185 7.41468e-185 6.87574e-185 6.41676e-185 6.03426e-185 5.7253e-185 5.48748e-185 5.31894e-185 5.21834e-185 
5.51358e-185 5.54914e-185 5.65611e-185 5.83533e-185 6.08822e-185 6.41676e-185 6.8235e-185 7.31156e-185 7.88465e-185 8.54704e-185 9.30359e-185 1.01598e-184 1.11216e-184 1.21957e-184 1.33894e-184 1.47104e-184 1.61672e-184 1.77688e-184 1.95249e-184 2.14455e-184 2.35416e-184 2.58243e-184 2.83058e-184 3.09983e-184 3.39149e-184 3.70689e-184 4.04743e-184 4.41455e-184 4.80971e-184 5.23441e-184 5.6902e-184 6.17864e-184 6.70129e-184 7.25976e-184 7.85562e-184 8.49046e-184 9.16586e-184 9.88337e-184 1.06445e-183 1.14508e-183 1.23035e-183 1.32042e-183 1.41541e-183 1.51543e-183 1.6206e-183 1.73102e-183 1.84677e-183 1.96793e-183 2.09455e-183 2.22668e-183 2.36433e-183 2.50752e-183 2.65622e-183 2.81041e-183 2.97002e-183 3.13497e-183 3.30516e-183 3.48045e-183 3.66069e-183 3.84569e-183 4.03526e-183 4.22914e-183 4.42707e-183 4.62877e-183 4.83392e-183 5.04217e-183 5.25314e-183 5.46645e-183 5.68167e-183 5.89835e-183 6.11602e-183 6.3342e-183 6.55237e-183 6.77002e-183 6.98658e-183 7.20152e-183 7.41425e-183 7.62421e-183 7.8308e-183 8.03344e-183 8.23154e-183 8.4245e-183 8.61176e-183 8.79272e-183 8.96682e-183 9.13351e-183 9.29225e-183 9.44253e-183 9.58384e-183 9.71571e-183 9.8377e-183 9.94939e-183 1.00504e-182 1.01404e-182 1.0219e-182 1.0286e-182 1.03412e-182 1.03843e-182 1.04152e-182 1.04338e-182 1.044e-182 1.04338e-182 1.04152e-182 1.03843e-182 1.03412e-182 1.0286e-182 1.0219e-182 1.01404e-182 1.00504e-182 9.94939e-183 9.8377e-183 9.71571e-183 9.58384e-183 9.44253e-183 9.29225e-183 9.13351e-183 8.96682e-183 8.79272e-183 8.61176e-183 8.4245e-183 8.23154e-183 8.03344e-183 7.8308e-183 7.62421e-183 7.41425e-183 7.20152e-183 6.98658e-183 6.77002e-183 6.55237e-183 6.3342e-183 6.11602e-183 5.89835e-183 5.68167e-183 5.46645e-183 5.25314e-183 5.04217e-183 4.83392e-183 4.62877e-183 4.42707e-183 4.22914e-183 4.03526e-183 3.84569e-183 3.66069e-183 3.48045e-183 3.30516e-183 3.13497e-183 2.97002e-183 2.81041e-183 2.65622e-183 2.50752e-183 2.36433e-183 2.22668e-183 2.09455e-183 1.96793e-183 1.84677e-183 1.73102e-183 1.6206e-183 1.51543e-183 1.41541e-183 1.32042e-183 1.23035e-183 1.14508e-183 1.06445e-183 9.88337e-184 9.16586e-184 8.49046e-184 7.85562e-184 7.25976e-184 6.70129e-184 6.17864e-184 5.6902e-184 5.23441e-184 4.80971e-184 4.41455e-184 4.04743e-184 3.70689e-184 3.39149e-184 3.09983e-184 2.83058e-184 2.58243e-184 2.35416e-184 2.14455e-184 1.95249e-184 1.77688e-184 1.61672e-184 1.47104e-184 1.33894e-184 1.21957e-184 1.11216e-184 1.01598e-184 9.30359e-185 8.54704e-185 7.88465e-185 7.31156e-185 6.8235e-185 6.41676e-185 6.08822e-185 5.83533e-185 5.65611e-185 5.54914e-185 
5.90798e-185 5.94608e-185 6.0607e-185 6.25274e-185 6.52371e-185 6.87574e-185 7.31156e-185 7.83452e-185 8.44858e-185 9.15833e-185 9.96898e-185 1.08864e-184 1.1917e-184 1.30679e-184 1.43469e-184 1.57624e-184 1.73233e-184 1.90395e-184 2.0921e-184 2.2979e-184 2.52249e-184 2.76709e-184 3.03297e-184 3.32147e-184 3.63397e-184 3.97192e-184 4.33681e-184 4.73017e-184 5.15357e-184 5.60864e-184 6.09701e-184 6.62035e-184 7.18037e-184 7.77875e-184 8.4172e-184 9.09741e-184 9.82109e-184 1.05899e-183 1.14054e-183 1.22693e-183 1.3183e-183 1.41481e-183 1.51658e-183 1.62375e-183 1.73644e-183 1.85475e-183 1.97877e-183 2.10859e-183 2.24426e-183 2.38583e-183 2.53332e-183 2.68674e-183 2.84607e-183 3.01127e-183 3.18229e-183 3.35903e-183 3.54137e-183 3.72919e-183 3.92231e-183 4.12053e-183 4.32364e-183 4.53137e-183 4.74345e-183 4.95956e-183 5.17937e-183 5.40249e-183 5.62854e-183 5.85709e-183 6.08768e-183 6.31984e-183 6.55307e-183 6.78684e-183 7.0206e-183 7.25379e-183 7.48583e-183 7.71613e-183 7.94406e-183 8.16901e-183 8.39036e-183 8.60748e-183 8.81973e-183 9.02648e-183 9.22712e-183 9.421e-183 9.60755e-183 9.78615e-183 9.95623e-183 1.01172e-182 1.02686e-182 1.04099e-182 1.05406e-182 1.06603e-182 1.07685e-182 1.08649e-182 1.09492e-182 1.1021e-182 1.10801e-182 1.11263e-182 1.11594e-182 1.11793e-182 1.11859e-182 1.11793e-182 1.11594e-182 1.11263e-182 1.10801e-182 1.1021e-182 1.09492e-182 1.08649e-182 1.07685e-182 1.06603e-182 1.05406e-182 1.04099e-182 1.02686e-182 1.01172e-182 9.95623e-183 9.78615e-183 9.60755e-183 9.421e-183 9.22712e-183 9.02648e-183 8.81973e-183 8.60748e-183 8.39036e-183 8.16901e-183 7.94406e-183 7.71613e-183 7.48583e-183 7.25379e-183 7.0206e-183 6.78684e-183 6.55307e-183 6.31984e-183 6.08768e-183 5.85709e-183 5.62854e-183 5.40249e-183 5.17937e-183 4.95956e-183 4.74345e-183 4.53137e-183 4.32364e-183 4.12053e-183 3.92231e-183 3.72919e-183 3.54137e-183 3.35903e-183 3.18229e-183 3.01127e-183 2.84607e-183 2.68674e-183 2.53332e-183 2.38583e-183 2.24426e-183 2.10859e-183 1.97877e-183 1.85475e-183 1.73644e-183 1.62375e-183 1.51658e-183 1.41481e-183 1.3183e-183 1.22693e-183 1.14054e-183 1.05899e-183 9.82109e-184 9.09741e-184 8.4172e-184 7.77875e-184 7.18037e-184 6.62035e-184 6.09701e-184 5.60864e-184 5.15357e-184 4.73017e-184 4.33681e-184 3.97192e-184 3.63397e-184 3.32147e-184 3.03297e-184 2.76709e-184 2.52249e-184 2.2979e-184 2.0921e-184 1.90395e-184 1.73233e-184 1.57624e-184 1.43469e-184 1.30679e-184 1.1917e-184 1.08864e-184 9.96898e-185 9.15833e-185 8.44858e-185 7.83452e-185 7.31156e-185 6.87574e-185 6.52371e-185 6.25274e-185 6.0607e-185 5.94608e-185 
6.37108e-185 6.41217e-185 6.53577e-185 6.74286e-185 7.03506e-185 7.41468e-185 7.88465e-185 8.44858e-185 9.11076e-185 9.87612e-185 1.07503e-184 1.17396e-184 1.28509e-184 1.4092e-184 1.54712e-184 1.69976e-184 1.86809e-184 2.05314e-184 2.25604e-184 2.47796e-184 2.72014e-184 2.9839e-184 3.27062e-184 3.58172e-184 3.9187e-184 4.28313e-184 4.6766e-184 5.10077e-184 5.55734e-184 6.04805e-184 6.57467e-184 7.13901e-184 7.74289e-184 8.38814e-184 9.0766e-184 9.81009e-184 1.05904e-183 1.14195e-183 1.22989e-183 1.32304e-183 1.42157e-183 1.52563e-183 1.63538e-183 1.75094e-183 1.87246e-183 2.00003e-183 2.13377e-183 2.27375e-183 2.42004e-183 2.5727e-183 2.73174e-183 2.89717e-183 3.06898e-183 3.24712e-183 3.43153e-183 3.62211e-183 3.81873e-183 4.02126e-183 4.2295e-183 4.44324e-183 4.66225e-183 4.88625e-183 5.11494e-183 5.34797e-183 5.58498e-183 5.82558e-183 6.06933e-183 6.31577e-183 6.56442e-183 6.81476e-183 7.06625e-183 7.31832e-183 7.57038e-183 7.82183e-183 8.07204e-183 8.32036e-183 8.56614e-183 8.80871e-183 9.04739e-183 9.28151e-183 9.51038e-183 9.73332e-183 9.94965e-183 1.01587e-182 1.03599e-182 1.05525e-182 1.07359e-182 1.09095e-182 1.10727e-182 1.12251e-182 1.1366e-182 1.14951e-182 1.16118e-182 1.17157e-182 1.18066e-182 1.1884e-182 1.19477e-182 1.19975e-182 1.20332e-182 1.20547e-182 1.20618e-182 1.20547e-182 1.20332e-182 1.19975e-182 1.19477e-182 1.1884e-182 1.18066e-182 1.17157e-182 1.16118e-182 1.14951e-182 1.1366e-182 1.12251e-182 1.10727e-182 1.09095e-182 1.07359e-182 1.05525e-182 1.03599e-182 1.01587e-182 9.94965e-183 9.73332e-183 9.51038e-183 9.28151e-183 9.04739e-183 8.80871e-183 8.56614e-183 8.32036e-183 8.07204e-183 7.82183e-183 7.57038e-183 7.31832e-183 7.06625e-183 6.81476e-183 6.56442e-183 6.31577e-183 6.06933e-183 5.82558e-183 5.58498e-183 5.34797e-183 5.11494e-183 4.88625e-183 4.66225e-183 4.44324e-183 4.2295e-183 4.02126e-183 3.81873e-183 3.62211e-183 3.43153e-183 3.24712e-183 3.06898e-183 2.89717e-183 2.73174e-183 2.5727e-183 2.42004e-183 2.27375e-183 2.13377e-183 2.00003e-183 1.87246e-183 1.75094e-183 1.63538e-183 1.52563e-183 1.42157e-183 1.32304e-183 1.22989e-183 1.14195e-183 1.05904e-183 9.81009e-184 9.0766e-184 8.38814e-184 7.74289e-184 7.13901e-184 6.57467e-184 6.04805e-184 5.55734e-184 5.10077e-184 4.6766e-184 4.28313e-184 3.9187e-184 3.58172e-184 3.27062e-184 2.9839e-184 2.72014e-184 2.47796e-184 2.25604e-184 2.05314e-184 1.86809e-184 1.69976e-184 1.54712e-184 1.4092e-184 1.28509e-184 1.17396e-184 1.07503e-184 9.87612e-185 9.11076e-185 8.44858e-185 7.88465e-185 7.41468e-185 7.03506e-185 6.74286e-185 6.53577e-185 6.41217e-185 
6.90635e-185 6.9509e-185 7.08488e-185 7.30935e-185 7.6261e-185 8.0376e-185 8.54704e-185 9.15833e-185 9.87612e-185 1.07058e-184 1.16533e-184 1.27257e-184 1.39304e-184 1.52757e-184 1.67708e-184 1.84253e-184 2.02499e-184 2.22559e-184 2.44552e-184 2.68608e-184 2.9486e-184 3.2345e-184 3.54529e-184 3.88251e-184 4.2478e-184 4.64282e-184 5.06933e-184 5.52911e-184 6.02401e-184 6.55593e-184 7.12677e-184 7.73849e-184 8.39306e-184 9.09248e-184 9.83874e-184 1.06338e-183 1.14797e-183 1.23783e-183 1.33315e-183 1.43413e-183 1.54093e-183 1.65372e-183 1.77268e-183 1.89795e-183 2.02966e-183 2.16795e-183 2.31291e-183 2.46464e-183 2.62322e-183 2.78868e-183 2.96107e-183 3.14039e-183 3.32662e-183 3.51972e-183 3.7196e-183 3.92617e-183 4.1393e-183 4.35883e-183 4.58454e-183 4.81623e-183 5.05362e-183 5.29642e-183 5.5443e-183 5.79689e-183 6.0538e-183 6.31459e-183 6.57879e-183 6.84592e-183 7.11544e-183 7.38678e-183 7.65938e-183 7.9326e-183 8.20582e-183 8.47838e-183 8.74958e-183 9.01874e-183 9.28515e-183 9.54807e-183 9.80678e-183 1.00605e-182 1.03086e-182 1.05503e-182 1.07848e-182 1.10114e-182 1.12294e-182 1.14381e-182 1.16369e-182 1.18251e-182 1.20021e-182 1.21672e-182 1.232e-182 1.24599e-182 1.25863e-182 1.2699e-182 1.27975e-182 1.28814e-182 1.29505e-182 1.30044e-182 1.30431e-182 1.30664e-182 1.30742e-182 1.30664e-182 1.30431e-182 1.30044e-182 1.29505e-182 1.28814e-182 1.27975e-182 1.2699e-182 1.25863e-182 1.24599e-182 1.232e-182 1.21672e-182 1.20021e-182 1.18251e-182 1.16369e-182 1.14381e-182 1.12294e-182 1.10114e-182 1.07848e-182 1.05503e-182 1.03086e-182 1.00605e-182 9.80678e-183 9.54807e-183 9.28515e-183 9.01874e-183 8.74958e-183 8.47838e-183 8.20582e-183 7.9326e-183 7.65938e-183 7.38678e-183 7.11544e-183 6.84592e-183 6.57879e-183 6.31459e-183 6.0538e-183 5.79689e-183 5.5443e-183 5.29642e-183 5.05362e-183 4.81623e-183 4.58454e-183 4.35883e-183 4.1393e-183 3.92617e-183 3.7196e-183 3.51972e-183 3.32662e-183 3.14039e-183 2.96107e-183 2.78868e-183 2.62322e-183 2.46464e-183 2.31291e-183 2.16795e-183 2.02966e-183 1.89795e-183 1.77268e-183 1.65372e-183 1.54093e-183 1.43413e-183 1.33315e-183 1.23783e-183 1.14797e-183 1.06338e-183 9.83874e-184 9.09248e-184 8.39306e-184 7.73849e-184 7.12677e-184 6.55593e-184 6.02401e-184 5.52911e-184 5.06933e-184 4.64282e-184 4.2478e-184 3.88251e-184 3.54529e-184 3.2345e-184 2.9486e-184 2.68608e-184 2.44552e-184 2.22559e-184 2.02499e-184 1.84253e-184 1.67708e-184 1.52757e-184 1.39304e-184 1.27257e-184 1.16533e-184 1.07058e-184 9.87612e-185 9.15833e-185 8.54704e-185 8.0376e-185 7.6261e-185 7.30935e-185 7.08488e-185 6.9509e-185 
7.51773e-185 7.56621e-185 7.71204e-185 7.95639e-185 8.30116e-185 8.74907e-185 9.30359e-185 9.96898e-185 1.07503e-184 1.16533e-184 1.26848e-184 1.3852e-184 1.51633e-184 1.66277e-184 1.8255e-184 2.0056e-184 2.2042e-184 2.42255e-184 2.66194e-184 2.92378e-184 3.20953e-184 3.52073e-184 3.85901e-184 4.22607e-184 4.62367e-184 5.05364e-184 5.51788e-184 6.01834e-184 6.55703e-184 7.136e-184 7.75734e-184 8.42317e-184 9.13566e-184 9.89695e-184 1.07092e-183 1.15746e-183 1.24953e-183 1.34734e-183 1.4511e-183 1.561e-183 1.67725e-183 1.80002e-183 1.9295e-183 2.06585e-183 2.20921e-183 2.35973e-183 2.51751e-183 2.68267e-183 2.85527e-183 3.03537e-183 3.22301e-183 3.41818e-183 3.62088e-183 3.83106e-183 4.04862e-183 4.27346e-183 4.50544e-183 4.74438e-183 4.99006e-183 5.24223e-183 5.50062e-183 5.76489e-183 6.03469e-183 6.30962e-183 6.58925e-183 6.8731e-183 7.16067e-183 7.45142e-183 7.74477e-183 8.04011e-183 8.33681e-183 8.6342e-183 8.93158e-183 9.22823e-183 9.52342e-183 9.81638e-183 1.01063e-182 1.03925e-182 1.06741e-182 1.09503e-182 1.12203e-182 1.14833e-182 1.17386e-182 1.19852e-182 1.22225e-182 1.24497e-182 1.26661e-182 1.28709e-182 1.30635e-182 1.32433e-182 1.34095e-182 1.35618e-182 1.36994e-182 1.38221e-182 1.39293e-182 1.40206e-182 1.40958e-182 1.41545e-182 1.41966e-182 1.4222e-182 1.42304e-182 1.4222e-182 1.41966e-182 1.41545e-182 1.40958e-182 1.40206e-182 1.39293e-182 1.38221e-182 1.36994e-182 1.35618e-182 1.34095e-182 1.32433e-182 1.30635e-182 1.28709e-182 1.26661e-182 1.24497e-182 1.22225e-182 1.19852e-182 1.17386e-182 1.14833e-182 1.12203e-182 1.09503e-182 1.06741e-182 1.03925e-182 1.01063e-182 9.81638e-183 9.52342e-183 9.22823e-183 8.93158e-183 8.6342e-183 8.33681e-183 8.04011e-183 7.74477e-183 7.45142e-183 7.16067e-183 6.8731e-183 6.58925e-183 6.30962e-183 6.03469e-183 5.76489e-183 5.50062e-183 5.24223e-183 4.99006e-183 4.74438e-183 4.50544e-183 4.27346e-183 4.04862e-183 3.83106e-183 3.62088e-183 3.41818e-183 3.22301e-183 3.03537e-183 2.85527e-183 2.68267e-183 2.51751e-183 2.35973e-183 2.20921e-183 2.06585e-183 1.9295e-183 1.80002e-183 1.67725e-183 1.561e-183 1.4511e-183 1.34734e-183 1.24953e-183 1.15746e-183 1.07092e-183 9.89695e-184 9.13566e-184 8.42317e-184 7.75734e-184 7.136e-184 6.55703e-184 6.01834e-184 5.51788e-184 5.05364e-184 4.62367e-184 4.22607e-184 3.85901e-184 3.52073e-184 3.20953e-184 2.92378e-184 2.66194e-184 2.42255e-184 2.2042e-184 2.0056e-184 1.8255e-184 1.66277e-184 1.51633e-184 1.3852e-184 1.26848e-184 1.16533e-184 1.07503e-184 9.96898e-185 9.30359e-185 8.74907e-185 8.30116e-185 7.95639e-185 7.71204e-185 7.56621e-185 
8.2096e-185 8.26254e-185 8.4218e-185 8.68862e-185 9.06512e-185 9.55423e-185 1.01598e-184 1.08864e-184 1.17396e-184 1.27257e-184 1.3852e-184 1.51266e-184 1.65586e-184 1.81577e-184 1.99347e-184 2.19013e-184 2.40701e-184 2.64544e-184 2.90685e-184 3.19278e-184 3.50481e-184 3.84464e-184 4.21404e-184 4.61486e-184 5.04903e-184 5.51855e-184 6.02549e-184 6.57198e-184 7.16022e-184 7.79244e-184 8.47093e-184 9.198e-184 9.97601e-184 1.08073e-183 1.16943e-183 1.26393e-183 1.36447e-183 1.47127e-183 1.58457e-183 1.70458e-183 1.83152e-183 1.96558e-183 2.10697e-183 2.25586e-183 2.4124e-183 2.57676e-183 2.74905e-183 2.92939e-183 3.11787e-183 3.31453e-183 3.51942e-183 3.73255e-183 3.95388e-183 4.18338e-183 4.42095e-183 4.66647e-183 4.91978e-183 5.18068e-183 5.44895e-183 5.72431e-183 6.00646e-183 6.29503e-183 6.58963e-183 6.88984e-183 7.19518e-183 7.50513e-183 7.81914e-183 8.13662e-183 8.45694e-183 8.77944e-183 9.10342e-183 9.42815e-183 9.75287e-183 1.00768e-182 1.03991e-182 1.0719e-182 1.10356e-182 1.13481e-182 1.16556e-182 1.19572e-182 1.2252e-182 1.25392e-182 1.28179e-182 1.30872e-182 1.33464e-182 1.35945e-182 1.38307e-182 1.40544e-182 1.42647e-182 1.4461e-182 1.46425e-182 1.48087e-182 1.49591e-182 1.5093e-182 1.521e-182 1.53098e-182 1.53918e-182 1.5456e-182 1.5502e-182 1.55296e-182 1.55389e-182 1.55296e-182 1.5502e-182 1.5456e-182 1.53918e-182 1.53098e-182 1.521e-182 1.5093e-182 1.49591e-182 1.48087e-182 1.46425e-182 1.4461e-182 1.42647e-182 1.40544e-182 1.38307e-182 1.35945e-182 1.33464e-182 1.30872e-182 1.28179e-182 1.25392e-182 1.2252e-182 1.19572e-182 1.16556e-182 1.13481e-182 1.10356e-182 1.0719e-182 1.03991e-182 1.00768e-182 9.75287e-183 9.42815e-183 9.10342e-183 8.77944e-183 8.45694e-183 8.13662e-183 7.81914e-183 7.50513e-183 7.19518e-183 6.88984e-183 6.58963e-183 6.29503e-183 6.00646e-183 5.72431e-183 5.44895e-183 5.18068e-183 4.91978e-183 4.66647e-183 4.42095e-183 4.18338e-183 3.95388e-183 3.73255e-183 3.51942e-183 3.31453e-183 3.11787e-183 2.92939e-183 2.74905e-183 2.57676e-183 2.4124e-183 2.25586e-183 2.10697e-183 1.96558e-183 1.83152e-183 1.70458e-183 1.58457e-183 1.47127e-183 1.36447e-183 1.26393e-183 1.16943e-183 1.08073e-183 9.97601e-184 9.198e-184 8.47093e-184 7.79244e-184 7.16022e-184 6.57198e-184 6.02549e-184 5.51855e-184 5.04903e-184 4.61486e-184 4.21404e-184 3.84464e-184 3.50481e-184 3.19278e-184 2.90685e-184 2.64544e-184 2.40701e-184 2.19013e-184 1.99347e-184 1.81577e-184 1.65586e-184 1.51266e-184 1.3852e-184 1.27257e-184 1.17396e-184 1.08864e-184 1.01598e-184 9.55423e-185 9.06512e-185 8.68862e-185 8.4218e-185 8.26254e-185 
8.98686e-185 9.04482e-185 9.21914e-185 9.51122e-185 9.92335e-185 1.04588e-184 1.11216e-184 1.1917e-184 1.28509e-184 1.39304e-184 1.51633e-184 1.65586e-184 1.8126e-184 1.98764e-184 2.18216e-184 2.39744e-184 2.63484e-184 2.89583e-184 3.18199e-184 3.49497e-184 3.83653e-184 4.20852e-184 4.61288e-184 5.05163e-184 5.52688e-184 6.04083e-184 6.59574e-184 7.19394e-184 7.83784e-184 8.52988e-184 9.27256e-184 1.00684e-183 1.09201e-183 1.183e-183 1.28009e-183 1.38353e-183 1.49358e-183 1.61049e-183 1.73451e-183 1.86588e-183 2.00482e-183 2.15157e-183 2.30634e-183 2.46931e-183 2.64066e-183 2.82057e-183 3.00916e-183 3.20656e-183 3.41286e-183 3.62813e-183 3.85241e-183 4.08569e-183 4.32797e-183 4.57918e-183 4.83922e-183 5.10796e-183 5.38523e-183 5.67082e-183 5.96446e-183 6.26587e-183 6.57471e-183 6.89057e-183 7.21305e-183 7.54165e-183 7.87587e-183 8.21514e-183 8.55885e-183 8.90636e-183 9.25698e-183 9.60998e-183 9.9646e-183 1.032e-182 1.06755e-182 1.103e-182 1.13829e-182 1.1733e-182 1.20796e-182 1.24216e-182 1.27582e-182 1.30883e-182 1.3411e-182 1.37254e-182 1.40304e-182 1.43252e-182 1.46089e-182 1.48804e-182 1.5139e-182 1.53838e-182 1.5614e-182 1.58289e-182 1.60276e-182 1.62096e-182 1.63741e-182 1.65207e-182 1.66488e-182 1.67579e-182 1.68478e-182 1.6918e-182 1.69683e-182 1.69986e-182 1.70087e-182 1.69986e-182 1.69683e-182 1.6918e-182 1.68478e-182 1.67579e-182 1.66488e-182 1.65207e-182 1.63741e-182 1.62096e-182 1.60276e-182 1.58289e-182 1.5614e-182 1.53838e-182 1.5139e-182 1.48804e-182 1.46089e-182 1.43252e-182 1.40304e-182 1.37254e-182 1.3411e-182 1.30883e-182 1.27582e-182 1.24216e-182 1.20796e-182 1.1733e-182 1.13829e-182 1.103e-182 1.06755e-182 1.032e-182 9.9646e-183 9.60998e-183 9.25698e-183 8.90636e-183 8.55885e-183 8.21514e-183 7.87587e-183 7.54165e-183 7.21305e-183 6.89057e-183 6.57471e-183 6.26587e-183 5.96446e-183 5.67082e-183 5.38523e-183 5.10796e-183 4.83922e-183 4.57918e-183 4.32797e-183 4.08569e-183 3.85241e-183 3.62813e-183 3.41286e-183 3.20656e-183 3.00916e-183 2.82057e-183 2.64066e-183 2.46931e-183 2.30634e-183 2.15157e-183 2.00482e-183 1.86588e-183 1.73451e-183 1.61049e-183 1.49358e-183 1.38353e-183 1.28009e-183 1.183e-183 1.09201e-183 1.00684e-183 9.27256e-184 8.52988e-184 7.83784e-184 7.19394e-184 6.59574e-184 6.04083e-184 5.52688e-184 5.05163e-184 4.61288e-184 4.20852e-184 3.83653e-184 3.49497e-184 3.18199e-184 2.89583e-184 2.63484e-184 2.39744e-184 2.18216e-184 1.98764e-184 1.8126e-184 1.65586e-184 1.51633e-184 1.39304e-184 1.28509e-184 1.1917e-184 1.11216e-184 1.04588e-184 9.92335e-185 9.51122e-185 9.21914e-185 9.04482e-185 
9.85487e-185 9.91842e-185 1.01096e-184 1.04299e-184 1.08818e-184 1.14689e-184 1.21957e-184 1.30679e-184 1.4092e-184 1.52757e-184 1.66277e-184 1.81577e-184 1.98764e-184 2.17959e-184 2.39289e-184 2.62895e-184 2.88927e-184 3.17546e-184 3.48924e-184 3.83244e-184 4.20698e-184 4.61488e-184 5.05827e-184 5.53938e-184 6.06051e-184 6.62408e-184 7.23256e-184 7.88851e-184 8.59456e-184 9.3534e-184 1.01678e-183 1.10405e-183 1.19743e-183 1.29721e-183 1.40367e-183 1.5171e-183 1.63777e-183 1.76596e-183 1.90195e-183 2.046e-183 2.19836e-183 2.35927e-183 2.52897e-183 2.70767e-183 2.89557e-183 3.09284e-183 3.29963e-183 3.51608e-183 3.7423e-183 3.97834e-183 4.22426e-183 4.48006e-183 4.74572e-183 5.02117e-183 5.30631e-183 5.60098e-183 5.90501e-183 6.21816e-183 6.54015e-183 6.87064e-183 7.20928e-183 7.55563e-183 7.90922e-183 8.26954e-183 8.63601e-183 9.00801e-183 9.38489e-183 9.76594e-183 1.01504e-182 1.05375e-182 1.09263e-182 1.1316e-182 1.17058e-182 1.20946e-182 1.24814e-182 1.28654e-182 1.32454e-182 1.36204e-182 1.39894e-182 1.43514e-182 1.47053e-182 1.505e-182 1.53845e-182 1.57077e-182 1.60187e-182 1.63165e-182 1.66e-182 1.68685e-182 1.71209e-182 1.73564e-182 1.75743e-182 1.77738e-182 1.79543e-182 1.8115e-182 1.82555e-182 1.83752e-182 1.84737e-182 1.85507e-182 1.86059e-182 1.8639e-182 1.86501e-182 1.8639e-182 1.86059e-182 1.85507e-182 1.84737e-182 1.83752e-182 1.82555e-182 1.8115e-182 1.79543e-182 1.77738e-182 1.75743e-182 1.73564e-182 1.71209e-182 1.68685e-182 1.66e-182 1.63165e-182 1.60187e-182 1.57077e-182 1.53845e-182 1.505e-182 1.47053e-182 1.43514e-182 1.39894e-182 1.36204e-182 1.32454e-182 1.28654e-182 1.24814e-182 1.20946e-182 1.17058e-182 1.1316e-182 1.09263e-182 1.05375e-182 1.01504e-182 9.76594e-183 9.38489e-183 9.00801e-183 8.63601e-183 8.26954e-183 7.90922e-183 7.55563e-183 7.20928e-183 6.87064e-183 6.54015e-183 6.21816e-183 5.90501e-183 5.60098e-183 5.30631e-183 5.02117e-183 4.74572e-183 4.48006e-183 4.22426e-183 3.97834e-183 3.7423e-183 3.51608e-183 3.29963e-183 3.09284e-183 2.89557e-183 2.70767e-183 2.52897e-183 2.35927e-183 2.19836e-183 2.046e-183 1.90195e-183 1.76596e-183 1.63777e-183 1.5171e-183 1.40367e-183 1.29721e-183 1.19743e-183 1.10405e-183 1.01678e-183 9.3534e-184 8.59456e-184 7.88851e-184 7.23256e-184 6.62408e-184 6.06051e-184 5.53938e-184 5.05827e-184 4.61488e-184 4.20698e-184 3.83244e-184 3.48924e-184 3.17546e-184 2.88927e-184 2.62895e-184 2.39289e-184 2.17959e-184 1.98764e-184 1.81577e-184 1.66277e-184 1.52757e-184 1.4092e-184 1.30679e-184 1.21957e-184 1.14689e-184 1.08818e-184 1.04299e-184 1.01096e-184 9.91842e-185 
1.08195e-184 1.08892e-184 1.10991e-184 1.14507e-184 1.19469e-184 1.25914e-184 1.33894e-184 1.43469e-184 1.54712e-184 1.67708e-184 1.8255e-184 1.99347e-184 2.18216e-184 2.39289e-184 2.62706e-184 2.88622e-184 3.17201e-184 3.4862e-184 3.83068e-184 4.20746e-184 4.61864e-184 5.06645e-184 5.55322e-184 6.0814e-184 6.65352e-184 7.27222e-184 7.94022e-184 8.66035e-184 9.43547e-184 1.02685e-183 1.11626e-183 1.21207e-183 1.31458e-183 1.42413e-183 1.541e-183 1.66552e-183 1.798e-183 1.93873e-183 2.08802e-183 2.24616e-183 2.41342e-183 2.59007e-183 2.77637e-183 2.97255e-183 3.17883e-183 3.39539e-183 3.62241e-183 3.86004e-183 4.10837e-183 4.36751e-183 4.63748e-183 4.9183e-183 5.20994e-183 5.51233e-183 5.82535e-183 6.14885e-183 6.48262e-183 6.82639e-183 7.17987e-183 7.54269e-183 7.91444e-183 8.29466e-183 8.68284e-183 9.07839e-183 9.4807e-183 9.88909e-183 1.03028e-182 1.07211e-182 1.11432e-182 1.15681e-182 1.1995e-182 1.24228e-182 1.28507e-182 1.32775e-182 1.37022e-182 1.41237e-182 1.45408e-182 1.49525e-182 1.53577e-182 1.5755e-182 1.61435e-182 1.65219e-182 1.68891e-182 1.7244e-182 1.75854e-182 1.79122e-182 1.82235e-182 1.85182e-182 1.87953e-182 1.90539e-182 1.92931e-182 1.95121e-182 1.97102e-182 1.98867e-182 2.00408e-182 2.01722e-182 2.02804e-182 2.03649e-182 2.04255e-182 2.04619e-182 2.04741e-182 2.04619e-182 2.04255e-182 2.03649e-182 2.02804e-182 2.01722e-182 2.00408e-182 1.98867e-182 1.97102e-182 1.95121e-182 1.92931e-182 1.90539e-182 1.87953e-182 1.85182e-182 1.82235e-182 1.79122e-182 1.75854e-182 1.7244e-182 1.68891e-182 1.65219e-182 1.61435e-182 1.5755e-182 1.53577e-182 1.49525e-182 1.45408e-182 1.41237e-182 1.37022e-182 1.32775e-182 1.28507e-182 1.24228e-182 1.1995e-182 1.15681e-182 1.11432e-182 1.07211e-182 1.03028e-182 9.88909e-183 9.4807e-183 9.07839e-183 8.68284e-183 8.29466e-183 7.91444e-183 7.54269e-183 7.17987e-183 6.82639e-183 6.48262e-183 6.14885e-183 5.82535e-183 5.51233e-183 5.20994e-183 4.9183e-183 4.63748e-183 4.36751e-183 4.10837e-183 3.86004e-183 3.62241e-183 3.39539e-183 3.17883e-183 2.97255e-183 2.77637e-183 2.59007e-183 2.41342e-183 2.24616e-183 2.08802e-183 1.93873e-183 1.798e-183 1.66552e-183 1.541e-183 1.42413e-183 1.31458e-183 1.21207e-183 1.11626e-183 1.02685e-183 9.43547e-184 8.66035e-184 7.94022e-184 7.27222e-184 6.65352e-184 6.0814e-184 5.55322e-184 5.06645e-184 4.61864e-184 4.20746e-184 3.83068e-184 3.4862e-184 3.17201e-184 2.88622e-184 2.62706e-184 2.39289e-184 2.18216e-184 1.99347e-184 1.8255e-184 1.67708e-184 1.54712e-184 1.43469e-184 1.33894e-184 1.25914e-184 1.19469e-184 1.14507e-184 1.10991e-184 1.08892e-184 
