1.23022e-61 1.41723e-61 2.03138e-61 3.24608e-61 5.40028e-61 9.08599e-61 1.52985e-60 2.56845e-60 4.2943e-60 7.14707e-60 1.18387e-59 1.9516e-59 3.20162e-59 5.22667e-59 8.49075e-59 1.37253e-58 2.20769e-58 3.53335e-58 5.62674e-58 8.91533e-58 1.40546e-57 2.20439e-57 3.43986e-57 5.34026e-57 8.24793e-57 1.2673e-56 1.93712e-56 2.94555e-56 4.45554e-56 6.70426e-56 1.00348e-55 1.49405e-55 2.21264e-55 3.25942e-55 4.77578e-55 6.9601e-55 1.00889e-54 1.45454e-54 2.0857e-54 2.97451e-54 4.21899e-54 5.95148e-54 8.34944e-54 1.16493e-53 1.61639e-53 2.23042e-53 3.0607e-53 4.17674e-53 5.66804e-53 7.64893e-53 1.02644e-52 1.36972e-52 1.81754e-52 2.3982e-52 3.14653e-52 4.10504e-52 5.32524e-52 6.86894e-52 8.8098e-52 1.12347e-51 1.42454e-51 1.79597e-51 2.25128e-51 2.80584e-51 3.47692e-51 4.28373e-51 5.24735e-51 6.39065e-51 7.73809e-51 9.31541e-51 1.11493e-50 1.32668e-50 1.56947e-50 1.8459e-50 2.15837e-50 2.50903e-50 2.89964e-50 3.33148e-50 3.80525e-50 4.32096e-50 4.87781e-50 5.47415e-50 6.10733e-50 6.77374e-50 7.46871e-50 8.18655e-50 8.92057e-50 9.66316e-50 1.04059e-49 1.11397e-49 1.18548e-49 1.25415e-49 1.31895e-49 1.37892e-49 1.4331e-49 1.4806e-49 1.52065e-49 1.55254e-49 1.57573e-49 1.58981e-49 1.59453e-49 1.58981e-49 1.57573e-49 1.55254e-49 1.52065e-49 1.4806e-49 1.4331e-49 1.37892e-49 1.31895e-49 1.25415e-49 1.18548e-49 1.11397e-49 1.04059e-49 9.66316e-50 8.92057e-50 8.18655e-50 7.46871e-50 6.77374e-50 6.10733e-50 5.47415e-50 4.87781e-50 4.32096e-50 3.80525e-50 3.33148e-50 2.89964e-50 2.50903e-50 2.15837e-50 1.8459e-50 1.56947e-50 1.32668e-50 1.11493e-50 9.31541e-51 7.73809e-51 6.39065e-51 5.24735e-51 4.28373e-51 3.47692e-51 2.80584e-51 2.25128e-51 1.79597e-51 1.42454e-51 1.12347e-51 8.8098e-52 6.86894e-52 5.32524e-52 4.10504e-52 3.14653e-52 2.3982e-52 1.81754e-52 1.36972e-52 1.02644e-52 7.64893e-53 5.66804e-53 4.17674e-53 3.0607e-53 2.23042e-53 1.61639e-53 1.16493e-53 8.34944e-54 5.95148e-54 4.21899e-54 2.97451e-54 2.0857e-54 1.45454e-54 1.00889e-54 6.9601e-55 4.77578e-55 3.25942e-55 2.21264e-55 1.49405e-55 1.00348e-55 6.70426e-56 4.45554e-56 2.94555e-56 1.93712e-56 1.2673e-56 8.24793e-57 5.34026e-57 3.43986e-57 2.20439e-57 1.40546e-57 8.91533e-58 5.62674e-58 3.53335e-58 2.20769e-58 1.37253e-58 8.49075e-59 5.22667e-59 3.20162e-59 1.9516e-59 1.18387e-59 7.14707e-60 4.2943e-60 2.56845e-60 1.52985e-60 9.08599e-61 5.40028e-61 3.24608e-61 2.03138e-61 1.41723e-61 
1.41723e-61 1.63284e-61 2.341e-61 3.7418e-61 6.22643e-61 1.04782e-60 1.76463e-60 2.96317e-60 4.95518e-60 8.24845e-60 1.36655e-59 2.25312e-59 3.69687e-59 6.03613e-59 9.80722e-59 1.58557e-58 2.55074e-58 4.08296e-58 6.50286e-58 1.03049e-57 1.62472e-57 2.54861e-57 3.97746e-57 6.17559e-57 9.53916e-57 1.46586e-56 2.24086e-56 3.40776e-56 5.15521e-56 7.75779e-56 1.16128e-55 1.72914e-55 2.56104e-55 3.77295e-55 5.52867e-55 8.05797e-55 1.16812e-54 1.68423e-54 2.41523e-54 3.4447e-54 4.88623e-54 6.89315e-54 9.67113e-54 1.34942e-53 1.87248e-53 2.58394e-53 3.546e-53 4.83926e-53 6.56744e-53 8.8631e-53 1.18944e-52 1.58729e-52 2.10633e-52 2.77937e-52 3.64679e-52 4.75789e-52 6.17237e-52 7.96194e-52 1.0212e-51 1.30233e-51 1.65138e-51 2.08202e-51 2.60993e-51 3.25293e-51 4.03106e-51 4.96659e-51 6.08397e-51 7.40973e-51 8.97225e-51 1.08014e-50 1.29281e-50 1.53837e-50 1.81994e-50 2.14052e-50 2.50291e-50 2.9096e-50 3.36262e-50 3.86347e-50 4.41297e-50 5.01111e-50 5.65698e-50 6.34864e-50 7.08306e-50 7.85602e-50 8.66212e-50 9.49475e-50 1.03462e-49 1.12075e-49 1.2069e-49 1.29202e-49 1.37497e-49 1.45462e-49 1.5298e-49 1.59936e-49 1.6622e-49 1.71731e-49 1.76375e-49 1.80075e-49 1.82765e-49 1.84398e-49 1.84946e-49 1.84398e-49 1.82765e-49 1.80075e-49 1.76375e-49 1.71731e-49 1.6622e-49 1.59936e-49 1.5298e-49 1.45462e-49 1.37497e-49 1.29202e-49 1.2069e-49 1.12075e-49 1.03462e-49 9.49475e-50 8.66212e-50 7.85602e-50 7.08306e-50 6.34864e-50 5.65698e-50 5.01111e-50 4.41297e-50 3.86347e-50 3.36262e-50 2.9096e-50 2.50291e-50 2.14052e-50 1.81994e-50 1.53837e-50 1.29281e-50 1.08014e-50 8.97225e-51 7.40973e-51 6.08397e-51 4.96659e-51 4.03106e-51 3.25293e-51 2.60993e-51 2.08202e-51 1.65138e-51 1.30233e-51 1.0212e-51 7.96194e-52 6.17237e-52 4.75789e-52 3.64679e-52 2.77937e-52 2.10633e-52 1.58729e-52 1.18944e-52 8.8631e-53 6.56744e-53 4.83926e-53 3.546e-53 2.58394e-53 1.87248e-53 1.34942e-53 9.67113e-54 6.89315e-54 4.88623e-54 3.4447e-54 2.41523e-54 1.68423e-54 1.16812e-54 8.05797e-55 5.52867e-55 3.77295e-55 2.56104e-55 1.72914e-55 1.16128e-55 7.75779e-56 5.15521e-56 3.40776e-56 2.24086e-56 1.46586e-56 9.53916e-57 6.17559e-57 3.97746e-57 2.54861e-57 1.62472e-57 1.03049e-57 6.50286e-58 4.08296e-58 2.55074e-58 1.58557e-58 9.80722e-59 6.03613e-59 3.69687e-59 2.25312e-59 1.36655e-59 8.24845e-60 4.95518e-60 2.96317e-60 1.76463e-60 1.04782e-60 6.22643e-61 3.7418e-61 2.341e-61 1.63284e-61 
2.03138e-61 2.341e-61 3.35807e-61 5.37043e-61 8.94105e-61 1.50536e-60 2.53626e-60 4.26068e-60 7.1278e-60 1.18696e-59 1.96722e-59 3.24468e-59 5.32568e-59 8.69858e-59 1.41378e-58 2.28644e-58 3.67939e-58 5.89139e-58 9.38587e-58 1.48777e-57 2.34635e-57 3.68157e-57 5.7471e-57 8.92544e-57 1.37901e-56 2.11958e-56 3.24095e-56 4.92972e-56 7.4592e-56 1.12273e-55 1.68096e-55 2.50344e-55 3.70854e-55 5.46447e-55 8.00872e-55 1.16746e-54 1.69268e-54 2.44095e-54 3.50091e-54 4.99389e-54 7.08472e-54 9.99601e-54 1.40263e-53 1.95735e-53 2.7164e-53 3.74897e-53 5.1454e-53 7.02276e-53 9.53174e-53 1.28649e-52 1.72666e-52 2.30443e-52 3.05826e-52 4.03584e-52 5.29586e-52 6.90997e-52 8.96497e-52 1.15651e-51 1.48345e-51 1.89198e-51 2.39923e-51 3.0251e-51 3.79237e-51 4.72698e-51 5.85806e-51 7.218e-51 8.84239e-51 1.07698e-50 1.30415e-50 1.5701e-50 1.87932e-50 2.23639e-50 2.64583e-50 3.11202e-50 3.63903e-50 4.23047e-50 4.88932e-50 5.61776e-50 6.41696e-50 7.28694e-50 8.22637e-50 9.23244e-50 1.03007e-49 1.14251e-49 1.25977e-49 1.38089e-49 1.50474e-49 1.63005e-49 1.75538e-49 1.8792e-49 1.99988e-49 2.11575e-49 2.22512e-49 2.32632e-49 2.41775e-49 2.49792e-49 2.5655e-49 2.61932e-49 2.65845e-49 2.68222e-49 2.69018e-49 2.68222e-49 2.65845e-49 2.61932e-49 2.5655e-49 2.49792e-49 2.41775e-49 2.32632e-49 2.22512e-49 2.11575e-49 1.99988e-49 1.8792e-49 1.75538e-49 1.63005e-49 1.50474e-49 1.38089e-49 1.25977e-49 1.14251e-49 1.03007e-49 9.23244e-50 8.22637e-50 7.28694e-50 6.41696e-50 5.61776e-50 4.88932e-50 4.23047e-50 3.63903e-50 3.11202e-50 2.64583e-50 2.23639e-50 1.87932e-50 1.5701e-50 1.30415e-50 1.07698e-50 8.84239e-51 7.218e-51 5.85806e-51 4.72698e-51 3.79237e-51 3.0251e-51 2.39923e-51 1.89198e-51 1.48345e-51 1.15651e-51 8.96497e-52 6.90997e-52 5.29586e-52 4.03584e-52 3.05826e-52 2.30443e-52 1.72666e-52 1.28649e-52 9.53174e-53 7.02276e-53 5.1454e-53 3.74897e-53 2.7164e-53 1.95735e-53 1.40263e-53 9.99601e-54 7.08472e-54 4.99389e-54 3.50091e-54 2.44095e-54 1.69268e-54 1.16746e-54 8.00872e-55 5.46447e-55 3.70854e-55 2.50344e-55 1.68096e-55 1.12273e-55 7.4592e-56 4.92972e-56 3.24095e-56 2.11958e-56 1.37901e-56 8.92544e-57 5.7471e-57 3.68157e-57 2.34635e-57 1.48777e-57 9.38587e-58 5.89139e-58 3.67939e-58 2.28644e-58 1.41378e-58 8.69858e-59 5.32568e-59 3.24468e-59 1.96722e-59 1.18696e-59 7.1278e-60 4.26068e-60 2.53626e-60 1.50536e-60 8.94105e-61 5.37043e-61 3.35807e-61 2.341e-61 
3.24608e-61 3.7418e-61 5.37043e-61 8.59377e-61 1.43151e-60 2.41134e-60 4.06456e-60 6.83106e-60 1.14327e-59 1.90462e-59 3.15788e-59 5.21051e-59 8.55549e-59 1.3979e-58 2.27279e-58 3.67693e-58 5.91893e-58 9.48032e-58 1.51082e-57 2.39554e-57 3.77908e-57 5.93127e-57 9.2615e-57 1.43872e-56 2.22343e-56 3.41833e-56 5.22804e-56 7.95406e-56 1.2038e-55 1.8123e-55 2.71398e-55 4.04271e-55 5.98995e-55 8.82775e-55 1.29403e-54 1.88668e-54 2.73595e-54 3.94604e-54 5.66049e-54 8.07566e-54 1.14585e-53 1.61694e-53 2.26919e-53 3.16704e-53 4.39577e-53 6.06748e-53 8.32851e-53 1.13686e-52 1.54319e-52 2.08306e-52 2.79606e-52 3.73205e-52 4.95337e-52 6.53734e-52 8.57911e-52 1.11949e-51 1.45254e-51 1.87398e-51 2.40393e-51 3.06618e-51 3.88853e-51 4.90323e-51 6.14727e-51 7.66272e-51 9.49686e-51 1.17022e-50 1.43366e-50 1.74626e-50 2.11471e-50 2.54608e-50 3.04766e-50 3.62687e-50 4.29107e-50 5.04736e-50 5.90234e-50 6.86189e-50 7.93084e-50 9.11273e-50 1.04095e-49 1.18211e-49 1.33455e-49 1.4978e-49 1.67115e-49 1.85361e-49 2.04389e-49 2.24045e-49 2.44145e-49 2.64481e-49 2.84821e-49 3.04916e-49 3.24503e-49 3.43309e-49 3.61059e-49 3.77484e-49 3.92323e-49 4.05335e-49 4.16303e-49 4.25038e-49 4.3139e-49 4.35247e-49 4.3654e-49 4.35247e-49 4.3139e-49 4.25038e-49 4.16303e-49 4.05335e-49 3.92323e-49 3.77484e-49 3.61059e-49 3.43309e-49 3.24503e-49 3.04916e-49 2.84821e-49 2.64481e-49 2.44145e-49 2.24045e-49 2.04389e-49 1.85361e-49 1.67115e-49 1.4978e-49 1.33455e-49 1.18211e-49 1.04095e-49 9.11273e-50 7.93084e-50 6.86189e-50 5.90234e-50 5.04736e-50 4.29107e-50 3.62687e-50 3.04766e-50 2.54608e-50 2.11471e-50 1.74626e-50 1.43366e-50 1.17022e-50 9.49686e-51 7.66272e-51 6.14727e-51 4.90323e-51 3.88853e-51 3.06618e-51 2.40393e-51 1.87398e-51 1.45254e-51 1.11949e-51 8.57911e-52 6.53734e-52 4.95337e-52 3.73205e-52 2.79606e-52 2.08306e-52 1.54319e-52 1.13686e-52 8.32851e-53 6.06748e-53 4.39577e-53 3.16704e-53 2.26919e-53 1.61694e-53 1.14585e-53 8.07566e-54 5.66049e-54 3.94604e-54 2.73595e-54 1.88668e-54 1.29403e-54 8.82775e-55 5.98995e-55 4.04271e-55 2.71398e-55 1.8123e-55 1.2038e-55 7.95406e-56 5.22804e-56 3.41833e-56 2.22343e-56 1.43872e-56 9.2615e-57 5.93127e-57 3.77908e-57 2.39554e-57 1.51082e-57 9.48032e-58 5.91893e-58 3.67693e-58 2.27279e-58 1.3979e-58 8.55549e-59 5.21051e-59 3.15788e-59 1.90462e-59 1.14327e-59 6.83106e-60 4.06456e-60 2.41134e-60 1.43151e-60 8.59377e-61 5.37043e-61 3.7418e-61 
5.40028e-61 6.22643e-61 8.94105e-61 1.43151e-60 2.38572e-60 4.02047e-60 6.77975e-60 1.13989e-59 1.90849e-59 3.18061e-59 5.2754e-59 8.70746e-59 1.43022e-58 2.33763e-58 3.80187e-58 6.15258e-58 9.90707e-58 1.58727e-57 2.53024e-57 4.01301e-57 6.33236e-57 9.94119e-57 1.55267e-56 2.41255e-56 3.72928e-56 5.73471e-56 8.77264e-56 1.33497e-55 2.02081e-55 3.04289e-55 4.55767e-55 6.7903e-55 1.00627e-54 1.48326e-54 2.17462e-54 3.17108e-54 4.5992e-54 6.6344e-54 9.51824e-54 1.35813e-53 1.9273e-53 2.72001e-53 3.81772e-53 5.32892e-53 7.39726e-53 1.02116e-52 1.40184e-52 1.91375e-52 2.59802e-52 3.50724e-52 4.70816e-52 6.28481e-52 8.34226e-52 1.10108e-51 1.4451e-51 1.88586e-51 2.4471e-51 3.15732e-51 4.05048e-51 5.16667e-51 6.5528e-51 8.26324e-51 1.03604e-50 1.29152e-50 1.60075e-50 1.97258e-50 2.41677e-50 2.94386e-50 3.56517e-50 4.2926e-50 5.13847e-50 6.1153e-50 7.23549e-50 8.51104e-50 9.9531e-50 1.15716e-49 1.33746e-49 1.53682e-49 1.75557e-49 1.99369e-49 2.25084e-49 2.52625e-49 2.81869e-49 3.12651e-49 3.44754e-49 3.77915e-49 4.11827e-49 4.46136e-49 4.80454e-49 5.14359e-49 5.47406e-49 5.79136e-49 6.09086e-49 6.36799e-49 6.61837e-49 6.83793e-49 7.02298e-49 7.17038e-49 7.27756e-49 7.34263e-49 7.36445e-49 7.34263e-49 7.27756e-49 7.17038e-49 7.02298e-49 6.83793e-49 6.61837e-49 6.36799e-49 6.09086e-49 5.79136e-49 5.47406e-49 5.14359e-49 4.80454e-49 4.46136e-49 4.11827e-49 3.77915e-49 3.44754e-49 3.12651e-49 2.81869e-49 2.52625e-49 2.25084e-49 1.99369e-49 1.75557e-49 1.53682e-49 1.33746e-49 1.15716e-49 9.9531e-50 8.51104e-50 7.23549e-50 6.1153e-50 5.13847e-50 4.2926e-50 3.56517e-50 2.94386e-50 2.41677e-50 1.97258e-50 1.60075e-50 1.29152e-50 1.03604e-50 8.26324e-51 6.5528e-51 5.16667e-51 4.05048e-51 3.15732e-51 2.4471e-51 1.88586e-51 1.4451e-51 1.10108e-51 8.34226e-52 6.28481e-52 4.70816e-52 3.50724e-52 2.59802e-52 1.91375e-52 1.40184e-52 1.02116e-52 7.39726e-53 5.32892e-53 3.81772e-53 2.72001e-53 1.9273e-53 1.35813e-53 9.51824e-54 6.6344e-54 4.5992e-54 3.17108e-54 2.17462e-54 1.48326e-54 1.00627e-54 6.7903e-55 4.55767e-55 3.04289e-55 2.02081e-55 1.33497e-55 8.77264e-56 5.73471e-56 3.72928e-56 2.41255e-56 1.55267e-56 9.94119e-57 6.33236e-57 4.01301e-57 2.53024e-57 1.58727e-57 9.90707e-58 6.15258e-58 3.80187e-58 2.33763e-58 1.43022e-58 8.70746e-59 5.2754e-59 3.18061e-59 1.90849e-59 1.13989e-59 6.77975e-60 4.02047e-60 2.38572e-60 1.43151e-60 8.94105e-61 6.22643e-61 
9.08599e-61 1.04782e-60 1.50536e-60 2.41134e-60 4.02047e-60 6.77817e-60 1.14345e-59 1.92319e-59 3.22109e-59 5.36997e-59 8.90962e-59 1.47107e-58 2.41702e-58 3.95168e-58 6.4288e-58 1.04067e-57 1.67617e-57 2.6862e-57 4.28312e-57 6.79479e-57 1.07245e-56 1.68403e-56 2.63079e-56 4.08864e-56 6.32146e-56 9.72284e-56 1.48764e-55 2.26423e-55 3.42811e-55 5.16288e-55 7.73435e-55 1.1525e-54 1.7082e-54 2.5183e-54 3.69266e-54 5.3855e-54 7.812e-54 1.12704e-53 1.61716e-53 2.30776e-53 3.2753e-53 4.62302e-53 6.48945e-53 9.05922e-53 1.25768e-52 1.73634e-52 2.38388e-52 3.2547e-52 4.41884e-52 5.96583e-52 8.00928e-52 1.06923e-51 1.41937e-51 1.87355e-51 2.45909e-51 3.20936e-51 4.16475e-51 5.37385e-51 6.89447e-51 8.79491e-51 1.11551e-50 1.40676e-50 1.76389e-50 2.19897e-50 2.72559e-50 3.35888e-50 4.11541e-50 5.0132e-50 6.07151e-50 7.31062e-50 8.75154e-50 1.04156e-49 1.23239e-49 1.4497e-49 1.69538e-49 1.97113e-49 2.27833e-49 2.61801e-49 2.99072e-49 3.39647e-49 3.83464e-49 4.30393e-49 4.80226e-49 5.3268e-49 5.87386e-49 6.43897e-49 7.01687e-49 7.60156e-49 8.18639e-49 8.7642e-49 9.3274e-49 9.86816e-49 1.03786e-48 1.08509e-48 1.12776e-48 1.16518e-48 1.19672e-48 1.22184e-48 1.24011e-48 1.2512e-48 1.25492e-48 1.2512e-48 1.24011e-48 1.22184e-48 1.19672e-48 1.16518e-48 1.12776e-48 1.08509e-48 1.03786e-48 9.86816e-49 9.3274e-49 8.7642e-49 8.18639e-49 7.60156e-49 7.01687e-49 6.43897e-49 5.87386e-49 5.3268e-49 4.80226e-49 4.30393e-49 3.83464e-49 3.39647e-49 2.99072e-49 2.61801e-49 2.27833e-49 1.97113e-49 1.69538e-49 1.4497e-49 1.23239e-49 1.04156e-49 8.75154e-50 7.31062e-50 6.07151e-50 5.0132e-50 4.11541e-50 3.35888e-50 2.72559e-50 2.19897e-50 1.76389e-50 1.40676e-50 1.11551e-50 8.79491e-51 6.89447e-51 5.37385e-51 4.16475e-51 3.20936e-51 2.45909e-51 1.87355e-51 1.41937e-51 1.06923e-51 8.00928e-52 5.96583e-52 4.41884e-52 3.2547e-52 2.38388e-52 1.73634e-52 1.25768e-52 9.05922e-53 6.48945e-53 4.62302e-53 3.2753e-53 2.30776e-53 1.61716e-53 1.12704e-53 7.812e-54 5.3855e-54 3.69266e-54 2.5183e-54 1.7082e-54 1.1525e-54 7.73435e-55 5.16288e-55 3.42811e-55 2.26423e-55 1.48764e-55 9.72284e-56 6.32146e-56 4.08864e-56 2.63079e-56 1.68403e-56 1.07245e-56 6.79479e-57 4.28312e-57 2.6862e-57 1.67617e-57 1.04067e-57 6.4288e-58 3.95168e-58 2.41702e-58 1.47107e-58 8.90962e-59 5.36997e-59 3.22109e-59 1.92319e-59 1.14345e-59 6.77817e-60 4.02047e-60 2.41134e-60 1.50536e-60 1.04782e-60 
1.52985e-60 1.76463e-60 2.53626e-60 4.06456e-60 6.77975e-60 1.14345e-59 1.92963e-59 3.24661e-59 5.43944e-59 9.07112e-59 1.50551e-58 2.48649e-58 4.08656e-58 6.68317e-58 1.08755e-57 1.76094e-57 2.83701e-57 4.54766e-57 7.25294e-57 1.15088e-56 1.81688e-56 2.85361e-56 4.45885e-56 6.93112e-56 1.07183e-55 1.64886e-55 2.5233e-55 3.84122e-55 5.81671e-55 8.76167e-55 1.31277e-54 1.95648e-54 2.90026e-54 4.2763e-54 6.27134e-54 9.14758e-54 1.32709e-53 1.91484e-53 2.74787e-53 3.92182e-53 5.56669e-53 7.85812e-53 1.10318e-52 1.54019e-52 2.13843e-52 2.95259e-52 4.05408e-52 5.5355e-52 7.51608e-52 1.01482e-51 1.36253e-51 1.8191e-51 2.41499e-51 3.18798e-51 4.18461e-51 5.46168e-51 7.08802e-51 9.14634e-51 1.17351e-50 1.49708e-50 1.89893e-50 2.39485e-50 3.00297e-50 3.74386e-50 4.64069e-50 5.71918e-50 7.00764e-50 8.53673e-50 1.03393e-49 1.24498e-49 1.49042e-49 1.77388e-49 2.09896e-49 2.46914e-49 2.88767e-49 3.35743e-49 3.8808e-49 4.4595e-49 5.09449e-49 5.78579e-49 6.53234e-49 7.33192e-49 8.18102e-49 9.07476e-49 1.00069e-48 1.09698e-48 1.19545e-48 1.29508e-48 1.39474e-48 1.4932e-48 1.58917e-48 1.68132e-48 1.7683e-48 1.84878e-48 1.9215e-48 1.98527e-48 2.03901e-48 2.08182e-48 2.11295e-48 2.13185e-48 2.13819e-48 2.13185e-48 2.11295e-48 2.08182e-48 2.03901e-48 1.98527e-48 1.9215e-48 1.84878e-48 1.7683e-48 1.68132e-48 1.58917e-48 1.4932e-48 1.39474e-48 1.29508e-48 1.19545e-48 1.09698e-48 1.00069e-48 9.07476e-49 8.18102e-49 7.33192e-49 6.53234e-49 5.78579e-49 5.09449e-49 4.4595e-49 3.8808e-49 3.35743e-49 2.88767e-49 2.46914e-49 2.09896e-49 1.77388e-49 1.49042e-49 1.24498e-49 1.03393e-49 8.53673e-50 7.00764e-50 5.71918e-50 4.64069e-50 3.74386e-50 3.00297e-50 2.39485e-50 1.89893e-50 1.49708e-50 1.17351e-50 9.14634e-51 7.08802e-51 5.46168e-51 4.18461e-51 3.18798e-51 2.41499e-51 1.8191e-51 1.36253e-51 1.01482e-51 7.51608e-52 5.5355e-52 4.05408e-52 2.95259e-52 2.13843e-52 1.54019e-52 1.10318e-52 7.85812e-53 5.56669e-53 3.92182e-53 2.74787e-53 1.91484e-53 1.32709e-53 9.14758e-54 6.27134e-54 4.2763e-54 2.90026e-54 1.95648e-54 1.31277e-54 8.76167e-55 5.81671e-55 3.84122e-55 2.5233e-55 1.64886e-55 1.07183e-55 6.93112e-56 4.45885e-56 2.85361e-56 1.81688e-56 1.15088e-56 7.25294e-57 4.54766e-57 2.83701e-57 1.76094e-57 1.08755e-57 6.68317e-58 4.08656e-58 2.48649e-58 1.50551e-58 9.07112e-59 5.43944e-59 3.24661e-59 1.92963e-59 1.14345e-59 6.77975e-60 4.06456e-60 2.53626e-60 1.76463e-60 
2.56845e-60 2.96317e-60 4.26068e-60 6.83106e-60 1.13989e-59 1.92319e-59 3.24661e-59 5.46422e-59 9.15775e-59 1.52766e-58 2.53616e-58 4.18992e-58 6.88805e-58 1.12677e-57 1.83406e-57 2.97043e-57 4.78676e-57 7.67485e-57 1.22432e-56 1.94315e-56 3.06829e-56 4.82006e-56 7.53299e-56 1.1712e-55 1.81149e-55 2.78723e-55 4.26611e-55 6.4954e-55 9.83752e-55 1.48205e-54 2.22091e-54 3.3104e-54 4.90801e-54 7.23762e-54 1.06156e-53 1.54863e-53 2.24696e-53 3.2425e-53 4.65366e-53 6.64253e-53 9.42953e-53 1.33124e-52 1.86908e-52 2.60975e-52 3.62376e-52 5.00388e-52 6.87123e-52 9.38286e-52 1.2741e-51 1.72043e-51 2.31008e-51 3.08438e-51 4.09503e-51 5.40613e-51 7.09665e-51 9.263e-51 1.2022e-50 1.5514e-50 1.99062e-50 2.53961e-50 3.22148e-50 4.063e-50 5.09494e-50 6.35225e-50 7.87424e-50 9.70462e-50 1.18914e-49 1.44867e-49 1.75463e-49 2.11287e-49 2.52949e-49 3.01066e-49 3.5625e-49 4.19092e-49 4.90145e-49 5.69895e-49 6.58748e-49 7.56999e-49 8.64808e-49 9.82179e-49 1.10893e-48 1.24469e-48 1.38886e-48 1.54062e-48 1.6989e-48 1.8624e-48 2.02961e-48 2.19878e-48 2.36801e-48 2.5352e-48 2.69817e-48 2.85465e-48 3.00235e-48 3.13902e-48 3.26251e-48 3.37079e-48 3.46206e-48 3.53476e-48 3.58762e-48 3.61971e-48 3.63048e-48 3.61971e-48 3.58762e-48 3.53476e-48 3.46206e-48 3.37079e-48 3.26251e-48 3.13902e-48 3.00235e-48 2.85465e-48 2.69817e-48 2.5352e-48 2.36801e-48 2.19878e-48 2.02961e-48 1.8624e-48 1.6989e-48 1.54062e-48 1.38886e-48 1.24469e-48 1.10893e-48 9.82179e-49 8.64808e-49 7.56999e-49 6.58748e-49 5.69895e-49 4.90145e-49 4.19092e-49 3.5625e-49 3.01066e-49 2.52949e-49 2.11287e-49 1.75463e-49 1.44867e-49 1.18914e-49 9.70462e-50 7.87424e-50 6.35225e-50 5.09494e-50 4.063e-50 3.22148e-50 2.53961e-50 1.99062e-50 1.5514e-50 1.2022e-50 9.263e-51 7.09665e-51 5.40613e-51 4.09503e-51 3.08438e-51 2.31008e-51 1.72043e-51 1.2741e-51 9.38286e-52 6.87123e-52 5.00388e-52 3.62376e-52 2.60975e-52 1.86908e-52 1.33124e-52 9.42953e-53 6.64253e-53 4.65366e-53 3.2425e-53 2.24696e-53 1.54863e-53 1.06156e-53 7.23762e-54 4.90801e-54 3.3104e-54 2.22091e-54 1.48205e-54 9.83752e-55 6.4954e-55 4.26611e-55 2.78723e-55 1.81149e-55 1.1712e-55 7.53299e-56 4.82006e-56 3.06829e-56 1.94315e-56 1.22432e-56 7.67485e-57 4.78676e-57 2.97043e-57 1.83406e-57 1.12677e-57 6.88805e-58 4.18992e-58 2.53616e-58 1.52766e-58 9.15775e-59 5.46422e-59 3.24661e-59 1.92319e-59 1.13989e-59 6.83106e-60 4.26068e-60 2.96317e-60 
4.2943e-60 4.95518e-60 7.1278e-60 1.14327e-59 1.90849e-59 3.22109e-59 5.43944e-59 9.15775e-59 1.53526e-58 2.56181e-58 4.2542e-58 7.03017e-58 1.15604e-57 1.89157e-57 3.07971e-57 4.98907e-57 8.0416e-57 1.28964e-56 2.05773e-56 3.26657e-56 5.15905e-56 8.10611e-56 1.2671e-55 1.9704e-55 3.04816e-55 4.69082e-55 7.18094e-55 1.09352e-54 1.65643e-54 2.49584e-54 3.74065e-54 5.57646e-54 8.26879e-54 1.21952e-53 1.78894e-53 2.61006e-53 3.78747e-53 5.46617e-53 7.84597e-53 1.12004e-52 1.59013e-52 2.24514e-52 3.15251e-52 4.40217e-52 6.11318e-52 8.44212e-52 1.15935e-51 1.58326e-51 2.15008e-51 2.90348e-51 3.89888e-51 5.20608e-51 6.91239e-51 9.12611e-51 1.19806e-50 1.56388e-50 2.0298e-50 2.61954e-50 3.36134e-50 4.28857e-50 5.44028e-50 6.86172e-50 8.60488e-50 1.07288e-49 1.33e-49 1.63922e-49 2.00868e-49 2.44716e-49 2.96409e-49 3.5694e-49 4.27335e-49 5.08639e-49 6.01888e-49 7.08081e-49 8.28149e-49 9.6292e-49 1.11308e-48 1.27912e-48 1.46132e-48 1.65968e-48 1.8739e-48 2.10335e-48 2.34702e-48 2.60351e-48 2.87103e-48 3.14738e-48 3.43e-48 3.71595e-48 4.00198e-48 4.28458e-48 4.56005e-48 4.82454e-48 5.07421e-48 5.30523e-48 5.51396e-48 5.697e-48 5.85128e-48 5.97416e-48 6.06351e-48 6.11777e-48 6.13596e-48 6.11777e-48 6.06351e-48 5.97416e-48 5.85128e-48 5.697e-48 5.51396e-48 5.30523e-48 5.07421e-48 4.82454e-48 4.56005e-48 4.28458e-48 4.00198e-48 3.71595e-48 3.43e-48 3.14738e-48 2.87103e-48 2.60351e-48 2.34702e-48 2.10335e-48 1.8739e-48 1.65968e-48 1.46132e-48 1.27912e-48 1.11308e-48 9.6292e-49 8.28149e-49 7.08081e-49 6.01888e-49 5.08639e-49 4.27335e-49 3.5694e-49 2.96409e-49 2.44716e-49 2.00868e-49 1.63922e-49 1.33e-49 1.07288e-49 8.60488e-50 6.86172e-50 5.44028e-50 4.28857e-50 3.36134e-50 2.61954e-50 2.0298e-50 1.56388e-50 1.19806e-50 9.12611e-51 6.91239e-51 5.20608e-51 3.89888e-51 2.90348e-51 2.15008e-51 1.58326e-51 1.15935e-51 8.44212e-52 6.11318e-52 4.40217e-52 3.15251e-52 2.24514e-52 1.59013e-52 1.12004e-52 7.84597e-53 5.46617e-53 3.78747e-53 2.61006e-53 1.78894e-53 1.21952e-53 8.26879e-54 5.57646e-54 3.74065e-54 2.49584e-54 1.65643e-54 1.09352e-54 7.18094e-55 4.69082e-55 3.04816e-55 1.9704e-55 1.2671e-55 8.10611e-56 5.15905e-56 3.26657e-56 2.05773e-56 1.28964e-56 8.0416e-57 4.98907e-57 3.07971e-57 1.89157e-57 1.15604e-57 7.03017e-58 4.2542e-58 2.56181e-58 1.53526e-58 9.15775e-59 5.43944e-59 3.22109e-59 1.90849e-59 1.14327e-59 7.1278e-60 4.95518e-60 
7.14707e-60 8.24845e-60 1.18696e-59 1.90462e-59 3.18061e-59 5.36997e-59 9.07112e-59 1.52766e-58 2.56181e-58 4.27597e-58 7.10273e-58 1.17405e-57 1.9311e-57 3.16056e-57 5.147e-57 8.33998e-57 1.34458e-56 2.15678e-56 3.44206e-56 5.46525e-56 8.63323e-56 1.35675e-55 2.12118e-55 3.29912e-55 5.10453e-55 7.85669e-55 1.20293e-54 1.83212e-54 2.77566e-54 4.18286e-54 6.26997e-54 9.34836e-54 1.38636e-53 2.04493e-53 3.00011e-53 4.37768e-53 6.35319e-53 9.1701e-53 1.31639e-52 1.87938e-52 2.66844e-52 3.76799e-52 5.29131e-52 7.38943e-52 1.02624e-51 1.41732e-51 1.94656e-51 2.6585e-51 3.61053e-51 4.87604e-51 6.54813e-51 8.74415e-51 1.16108e-50 1.53302e-50 2.01264e-50 2.62733e-50 3.41026e-50 4.40131e-50 5.64796e-50 7.20631e-50 9.14201e-50 1.15312e-49 1.44612e-49 1.80314e-49 2.23535e-49 2.75517e-49 3.37626e-49 4.11342e-49 4.98249e-49 6.00017e-49 7.18374e-49 8.55075e-49 1.01186e-48 1.19042e-48 1.39231e-48 1.61893e-48 1.87143e-48 2.15065e-48 2.45704e-48 2.79061e-48 3.15087e-48 3.53674e-48 3.94652e-48 4.37788e-48 4.82778e-48 5.29256e-48 5.76787e-48 6.24879e-48 6.72986e-48 7.20516e-48 7.66846e-48 8.11332e-48 8.53323e-48 8.92179e-48 9.27286e-48 9.58072e-48 9.8402e-48 1.00469e-47 1.01972e-47 1.02884e-47 1.0319e-47 1.02884e-47 1.01972e-47 1.00469e-47 9.8402e-48 9.58072e-48 9.27286e-48 8.92179e-48 8.53323e-48 8.11332e-48 7.66846e-48 7.20516e-48 6.72986e-48 6.24879e-48 5.76787e-48 5.29256e-48 4.82778e-48 4.37788e-48 3.94652e-48 3.53674e-48 3.15087e-48 2.79061e-48 2.45704e-48 2.15065e-48 1.87143e-48 1.61893e-48 1.39231e-48 1.19042e-48 1.01186e-48 8.55075e-49 7.18374e-49 6.00017e-49 4.98249e-49 4.11342e-49 3.37626e-49 2.75517e-49 2.23535e-49 1.80314e-49 1.44612e-49 1.15312e-49 9.14201e-50 7.20631e-50 5.64796e-50 4.40131e-50 3.41026e-50 2.62733e-50 2.01264e-50 1.53302e-50 1.16108e-50 8.74415e-51 6.54813e-51 4.87604e-51 3.61053e-51 2.6585e-51 1.94656e-51 1.41732e-51 1.02624e-51 7.38943e-52 5.29131e-52 3.76799e-52 2.66844e-52 1.87938e-52 1.31639e-52 9.1701e-53 6.35319e-53 4.37768e-53 3.00011e-53 2.04493e-53 1.38636e-53 9.34836e-54 6.26997e-54 4.18286e-54 2.77566e-54 1.83212e-54 1.20293e-54 7.85669e-55 5.10453e-55 3.29912e-55 2.12118e-55 1.35675e-55 8.63323e-56 5.46525e-56 3.44206e-56 2.15678e-56 1.34458e-56 8.33998e-57 5.147e-57 3.16056e-57 1.9311e-57 1.17405e-57 7.10273e-58 4.27597e-58 2.56181e-58 1.52766e-58 9.07112e-59 5.36997e-59 3.18061e-59 1.90462e-59 1.18696e-59 8.24845e-60 
1.18387e-59 1.36655e-59 1.96722e-59 3.15788e-59 5.2754e-59 8.90962e-59 1.50551e-58 2.53616e-58 4.2542e-58 7.10273e-58 1.18013e-57 1.95121e-57 3.21017e-57 5.25523e-57 8.56018e-57 1.38737e-56 2.23721e-56 3.58937e-56 5.72951e-56 9.09903e-56 1.43761e-55 2.25968e-55 3.53347e-55 5.49665e-55 8.50605e-55 1.30943e-54 2.00517e-54 3.05441e-54 4.62811e-54 6.97543e-54 1.04574e-53 1.55937e-53 2.31283e-53 3.41193e-53 5.00622e-53 7.30577e-53 1.06038e-52 1.5307e-52 2.19757e-52 3.13774e-52 4.45556e-52 6.29207e-52 8.8366e-52 1.23416e-51 1.71413e-51 2.36755e-51 3.25184e-51 4.44151e-51 6.03249e-51 8.14746e-51 1.09421e-50 1.46127e-50 1.94044e-50 2.56218e-50 3.36398e-50 4.39163e-50 5.70062e-50 7.35763e-50 9.4421e-50 1.20479e-49 1.52847e-49 1.928e-49 2.418e-49 3.01507e-49 3.73792e-49 4.60733e-49 5.64614e-49 6.87913e-49 8.3328e-49 1.00351e-48 1.20149e-48 1.43017e-48 1.69245e-48 1.99115e-48 2.32891e-48 2.70803e-48 3.13046e-48 3.59759e-48 4.1102e-48 4.6683e-48 5.27105e-48 5.91666e-48 6.6023e-48 7.32403e-48 8.07681e-48 8.85448e-48 9.6498e-48 1.04545e-47 1.12595e-47 1.20548e-47 1.283e-47 1.35744e-47 1.42771e-47 1.49273e-47 1.55147e-47 1.60299e-47 1.64641e-47 1.68099e-47 1.70614e-47 1.72141e-47 1.72653e-47 1.72141e-47 1.70614e-47 1.68099e-47 1.64641e-47 1.60299e-47 1.55147e-47 1.49273e-47 1.42771e-47 1.35744e-47 1.283e-47 1.20548e-47 1.12595e-47 1.04545e-47 9.6498e-48 8.85448e-48 8.07681e-48 7.32403e-48 6.6023e-48 5.91666e-48 5.27105e-48 4.6683e-48 4.1102e-48 3.59759e-48 3.13046e-48 2.70803e-48 2.32891e-48 1.99115e-48 1.69245e-48 1.43017e-48 1.20149e-48 1.00351e-48 8.3328e-49 6.87913e-49 5.64614e-49 4.60733e-49 3.73792e-49 3.01507e-49 2.418e-49 1.928e-49 1.52847e-49 1.20479e-49 9.4421e-50 7.35763e-50 5.70062e-50 4.39163e-50 3.36398e-50 2.56218e-50 1.94044e-50 1.46127e-50 1.09421e-50 8.14746e-51 6.03249e-51 4.44151e-51 3.25184e-51 2.36755e-51 1.71413e-51 1.23416e-51 8.8366e-52 6.29207e-52 4.45556e-52 3.13774e-52 2.19757e-52 1.5307e-52 1.06038e-52 7.30577e-53 5.00622e-53 3.41193e-53 2.31283e-53 1.55937e-53 1.04574e-53 6.97543e-54 4.62811e-54 3.05441e-54 2.00517e-54 1.30943e-54 8.50605e-55 5.49665e-55 3.53347e-55 2.25968e-55 1.43761e-55 9.09903e-56 5.72951e-56 3.58937e-56 2.23721e-56 1.38737e-56 8.56018e-57 5.25523e-57 3.21017e-57 1.95121e-57 1.18013e-57 7.10273e-58 4.2542e-58 2.53616e-58 1.50551e-58 8.90962e-59 5.2754e-59 3.15788e-59 1.96722e-59 1.36655e-59 
1.9516e-59 2.25312e-59 3.24468e-59 5.21051e-59 8.70746e-59 1.47107e-58 2.48649e-58 4.18992e-58 7.03017e-58 1.17405e-57 1.95121e-57 3.22689e-57 5.31023e-57 8.69516e-57 1.41666e-56 2.29651e-56 3.70403e-56 5.94394e-56 9.48985e-56 1.50737e-55 2.38202e-55 3.74479e-55 5.85676e-55 9.11226e-55 1.41034e-54 2.17143e-54 3.32568e-54 5.06664e-54 7.67816e-54 1.1574e-53 1.73537e-53 2.58805e-53 3.83902e-53 5.66406e-53 8.31164e-53 1.21308e-52 1.76089e-52 2.54217e-52 3.65006e-52 5.21212e-52 7.40185e-52 1.04537e-51 1.46825e-51 2.05078e-51 2.84857e-51 3.93473e-51 5.40478e-51 7.38261e-51 1.00278e-50 1.35444e-50 1.81914e-50 2.42952e-50 3.22639e-50 4.2604e-50 5.59394e-50 7.30318e-50 9.48048e-50 1.22368e-49 1.57043e-49 2.00391e-49 2.5424e-49 3.2071e-49 4.02232e-49 5.01575e-49 6.21847e-49 7.6651e-49 9.39365e-49 1.14454e-48 1.38644e-48 1.66972e-48 1.99919e-48 2.37975e-48 2.81625e-48 3.31338e-48 3.87551e-48 4.5065e-48 5.20958e-48 5.98707e-48 6.84028e-48 7.76922e-48 8.77249e-48 9.84712e-48 1.09884e-47 1.21897e-47 1.34428e-47 1.47373e-47 1.60612e-47 1.74008e-47 1.87407e-47 2.00647e-47 2.13552e-47 2.25943e-47 2.3764e-47 2.48464e-47 2.58244e-47 2.6682e-47 2.74048e-47 2.79805e-47 2.83992e-47 2.86534e-47 2.87387e-47 2.86534e-47 2.83992e-47 2.79805e-47 2.74048e-47 2.6682e-47 2.58244e-47 2.48464e-47 2.3764e-47 2.25943e-47 2.13552e-47 2.00647e-47 1.87407e-47 1.74008e-47 1.60612e-47 1.47373e-47 1.34428e-47 1.21897e-47 1.09884e-47 9.84712e-48 8.77249e-48 7.76922e-48 6.84028e-48 5.98707e-48 5.20958e-48 4.5065e-48 3.87551e-48 3.31338e-48 2.81625e-48 2.37975e-48 1.99919e-48 1.66972e-48 1.38644e-48 1.14454e-48 9.39365e-49 7.6651e-49 6.21847e-49 5.01575e-49 4.02232e-49 3.2071e-49 2.5424e-49 2.00391e-49 1.57043e-49 1.22368e-49 9.48048e-50 7.30318e-50 5.59394e-50 4.2604e-50 3.22639e-50 2.42952e-50 1.81914e-50 1.35444e-50 1.00278e-50 7.38261e-51 5.40478e-51 3.93473e-51 2.84857e-51 2.05078e-51 1.46825e-51 1.04537e-51 7.40185e-52 5.21212e-52 3.65006e-52 2.54217e-52 1.76089e-52 1.21308e-52 8.31164e-53 5.66406e-53 3.83902e-53 2.58805e-53 1.73537e-53 1.1574e-53 7.67816e-54 5.06664e-54 3.32568e-54 2.17143e-54 1.41034e-54 9.11226e-55 5.85676e-55 3.74479e-55 2.38202e-55 1.50737e-55 9.48985e-56 5.94394e-56 3.70403e-56 2.29651e-56 1.41666e-56 8.69516e-57 5.31023e-57 3.22689e-57 1.95121e-57 1.17405e-57 7.03017e-58 4.18992e-58 2.48649e-58 1.47107e-58 8.70746e-59 5.21051e-59 3.24468e-59 2.25312e-59 
3.20162e-59 3.69687e-59 5.32568e-59 8.55549e-59 1.43022e-58 2.41702e-58 4.08656e-58 6.88805e-58 1.15604e-57 1.9311e-57 3.21017e-57 5.31023e-57 8.74063e-57 1.43154e-56 2.33285e-56 3.78251e-56 6.10203e-56 9.794e-56 1.56397e-55 2.48466e-55 3.92708e-55 6.17485e-55 9.65892e-55 1.50303e-54 2.32666e-54 3.58277e-54 5.48803e-54 8.36213e-54 1.2674e-53 1.91071e-53 2.86522e-53 4.27358e-53 6.34002e-53 9.35507e-53 1.37295e-52 2.00402e-52 2.9093e-52 4.20052e-52 6.03172e-52 8.6138e-52 1.22337e-51 1.72793e-51 2.42711e-51 3.39035e-51 4.70961e-51 6.50586e-51 8.93713e-51 1.22084e-50 1.65838e-50 2.24008e-50 3.00883e-50 4.01862e-50 5.337e-50 7.04782e-50 9.25432e-50 1.20826e-49 1.56855e-49 2.02468e-49 2.59852e-49 3.31593e-49 4.20716e-49 5.3073e-49 6.65663e-49 8.30097e-49 1.02918e-48 1.26865e-48 1.55478e-48 1.89443e-48 2.29489e-48 2.76386e-48 3.30932e-48 3.93937e-48 4.66206e-48 5.48514e-48 6.41584e-48 7.4606e-48 8.62472e-48 9.91209e-48 1.13248e-47 1.2863e-47 1.45243e-47 1.63038e-47 1.81936e-47 2.0183e-47 2.2258e-47 2.44016e-47 2.6594e-47 2.88123e-47 3.10312e-47 3.32237e-47 3.53609e-47 3.7413e-47 3.93501e-47 4.11426e-47 4.27621e-47 4.41823e-47 4.53794e-47 4.63329e-47 4.70263e-47 4.74472e-47 4.75884e-47 4.74472e-47 4.70263e-47 4.63329e-47 4.53794e-47 4.41823e-47 4.27621e-47 4.11426e-47 3.93501e-47 3.7413e-47 3.53609e-47 3.32237e-47 3.10312e-47 2.88123e-47 2.6594e-47 2.44016e-47 2.2258e-47 2.0183e-47 1.81936e-47 1.63038e-47 1.45243e-47 1.2863e-47 1.13248e-47 9.91209e-48 8.62472e-48 7.4606e-48 6.41584e-48 5.48514e-48 4.66206e-48 3.93937e-48 3.30932e-48 2.76386e-48 2.29489e-48 1.89443e-48 1.55478e-48 1.26865e-48 1.02918e-48 8.30097e-49 6.65663e-49 5.3073e-49 4.20716e-49 3.31593e-49 2.59852e-49 2.02468e-49 1.56855e-49 1.20826e-49 9.25432e-50 7.04782e-50 5.337e-50 4.01862e-50 3.00883e-50 2.24008e-50 1.65838e-50 1.22084e-50 8.93713e-51 6.50586e-51 4.70961e-51 3.39035e-51 2.42711e-51 1.72793e-51 1.22337e-51 8.6138e-52 6.03172e-52 4.20052e-52 2.9093e-52 2.00402e-52 1.37295e-52 9.35507e-53 6.34002e-53 4.27358e-53 2.86522e-53 1.91071e-53 1.2674e-53 8.36213e-54 5.48803e-54 3.58277e-54 2.32666e-54 1.50303e-54 9.65892e-55 6.17485e-55 3.92708e-55 2.48466e-55 1.56397e-55 9.794e-56 6.10203e-56 3.78251e-56 2.33285e-56 1.43154e-56 8.74063e-57 5.31023e-57 3.21017e-57 1.9311e-57 1.15604e-57 6.88805e-58 4.08656e-58 2.41702e-58 1.43022e-58 8.55549e-59 5.32568e-59 3.69687e-59 
5.22667e-59 6.03613e-59 8.69858e-59 1.3979e-58 2.33763e-58 3.95168e-58 6.68317e-58 1.12677e-57 1.89157e-57 3.16056e-57 5.25523e-57 8.69516e-57 1.43154e-56 2.34509e-56 3.82237e-56 6.1989e-56 1.00022e-55 1.60569e-55 2.56454e-55 4.07498e-55 6.44174e-55 1.01305e-54 1.58491e-54 2.46666e-54 3.81892e-54 5.88152e-54 9.01046e-54 1.37311e-53 2.08141e-53 3.13831e-53 4.70663e-53 7.02094e-53 1.0417e-52 1.53726e-52 2.25631e-52 3.29376e-52 4.78212e-52 6.9052e-52 9.91639e-52 1.41627e-51 2.01162e-51 2.8415e-51 3.99159e-51 5.57615e-51 7.74652e-51 1.07018e-50 1.47021e-50 2.00849e-50 2.72848e-50 3.68576e-50 4.95092e-50 6.61286e-50 8.78281e-50 1.15988e-49 1.52309e-49 1.98866e-49 2.58178e-49 3.3327e-49 4.27744e-49 5.45859e-49 6.92598e-49 8.73739e-49 1.09592e-48 1.36668e-48 1.69451e-48 2.08885e-48 2.56006e-48 3.1194e-48 3.7789e-48 4.55126e-48 5.44961e-48 6.4873e-48 7.67758e-48 9.03324e-48 1.05662e-47 1.2287e-47 1.42045e-47 1.6325e-47 1.86521e-47 2.11858e-47 2.39224e-47 2.68537e-47 2.99668e-47 3.32439e-47 3.66621e-47 4.01935e-47 4.3805e-47 4.74594e-47 5.11149e-47 5.47268e-47 5.82475e-47 6.16282e-47 6.48194e-47 6.77725e-47 7.04406e-47 7.27803e-47 7.47525e-47 7.63233e-47 7.74656e-47 7.81591e-47 7.83917e-47 7.81591e-47 7.74656e-47 7.63233e-47 7.47525e-47 7.27803e-47 7.04406e-47 6.77725e-47 6.48194e-47 6.16282e-47 5.82475e-47 5.47268e-47 5.11149e-47 4.74594e-47 4.3805e-47 4.01935e-47 3.66621e-47 3.32439e-47 2.99668e-47 2.68537e-47 2.39224e-47 2.11858e-47 1.86521e-47 1.6325e-47 1.42045e-47 1.2287e-47 1.05662e-47 9.03324e-48 7.67758e-48 6.4873e-48 5.44961e-48 4.55126e-48 3.7789e-48 3.1194e-48 2.56006e-48 2.08885e-48 1.69451e-48 1.36668e-48 1.09592e-48 8.73739e-49 6.92598e-49 5.45859e-49 4.27744e-49 3.3327e-49 2.58178e-49 1.98866e-49 1.52309e-49 1.15988e-49 8.78281e-50 6.61286e-50 4.95092e-50 3.68576e-50 2.72848e-50 2.00849e-50 1.47021e-50 1.07018e-50 7.74652e-51 5.57615e-51 3.99159e-51 2.8415e-51 2.01162e-51 1.41627e-51 9.91639e-52 6.9052e-52 4.78212e-52 3.29376e-52 2.25631e-52 1.53726e-52 1.0417e-52 7.02094e-53 4.70663e-53 3.13831e-53 2.08141e-53 1.37311e-53 9.01046e-54 5.88152e-54 3.81892e-54 2.46666e-54 1.58491e-54 1.01305e-54 6.44174e-55 4.07498e-55 2.56454e-55 1.60569e-55 1.00022e-55 6.1989e-56 3.82237e-56 2.34509e-56 1.43154e-56 8.69516e-57 5.25523e-57 3.16056e-57 1.89157e-57 1.12677e-57 6.68317e-58 3.95168e-58 2.33763e-58 1.3979e-58 8.69858e-59 6.03613e-59 
8.49075e-59 9.80722e-59 1.41378e-58 2.27279e-58 3.80187e-58 6.4288e-58 1.08755e-57 1.83406e-57 3.07971e-57 5.147e-57 8.56018e-57 1.41666e-56 2.33285e-56 3.82237e-56 6.23154e-56 1.01079e-55 1.63126e-55 2.61922e-55 4.18404e-55 6.64946e-55 1.05132e-54 1.65361e-54 2.58745e-54 4.02757e-54 6.23645e-54 9.60608e-54 1.47185e-53 2.24325e-53 3.40083e-53 5.12831e-53 7.69201e-53 1.14756e-52 1.70282e-52 2.51315e-52 3.68905e-52 5.3858e-52 7.82023e-52 1.12931e-51 1.62192e-51 2.31664e-51 3.29075e-51 4.64869e-51 6.53073e-51 9.12392e-51 1.2676e-50 1.75131e-50 2.4061e-50 3.28724e-50 4.46589e-50 6.0331e-50 8.10444e-50 1.08255e-49 1.43786e-49 1.89897e-49 2.49373e-49 3.25616e-49 4.2275e-49 5.4573e-49 7.0046e-49 8.93916e-49 1.13426e-48 1.43097e-48 1.7949e-48 2.23843e-48 2.77546e-48 3.42145e-48 4.1934e-48 5.10974e-48 6.1902e-48 7.45558e-48 8.92742e-48 1.06276e-47 1.25778e-47 1.4799e-47 1.73107e-47 2.01304e-47 2.32723e-47 2.67469e-47 3.05601e-47 3.47119e-47 3.91962e-47 4.39996e-47 4.9101e-47 5.44712e-47 6.00728e-47 6.58597e-47 7.17782e-47 7.77668e-47 8.37575e-47 8.96766e-47 9.54464e-47 1.00987e-46 1.06217e-46 1.11056e-46 1.15429e-46 1.19263e-46 1.22495e-46 1.2507e-46 1.26942e-46 1.28078e-46 1.28459e-46 1.28078e-46 1.26942e-46 1.2507e-46 1.22495e-46 1.19263e-46 1.15429e-46 1.11056e-46 1.06217e-46 1.00987e-46 9.54464e-47 8.96766e-47 8.37575e-47 7.77668e-47 7.17782e-47 6.58597e-47 6.00728e-47 5.44712e-47 4.9101e-47 4.39996e-47 3.91962e-47 3.47119e-47 3.05601e-47 2.67469e-47 2.32723e-47 2.01304e-47 1.73107e-47 1.4799e-47 1.25778e-47 1.06276e-47 8.92742e-48 7.45558e-48 6.1902e-48 5.10974e-48 4.1934e-48 3.42145e-48 2.77546e-48 2.23843e-48 1.7949e-48 1.43097e-48 1.13426e-48 8.93916e-49 7.0046e-49 5.4573e-49 4.2275e-49 3.25616e-49 2.49373e-49 1.89897e-49 1.43786e-49 1.08255e-49 8.10444e-50 6.0331e-50 4.46589e-50 3.28724e-50 2.4061e-50 1.75131e-50 1.2676e-50 9.12392e-51 6.53073e-51 4.64869e-51 3.29075e-51 2.31664e-51 1.62192e-51 1.12931e-51 7.82023e-52 5.3858e-52 3.68905e-52 2.51315e-52 1.70282e-52 1.14756e-52 7.69201e-53 5.12831e-53 3.40083e-53 2.24325e-53 1.47185e-53 9.60608e-54 6.23645e-54 4.02757e-54 2.58745e-54 1.65361e-54 1.05132e-54 6.64946e-55 4.18404e-55 2.61922e-55 1.63126e-55 1.01079e-55 6.23154e-56 3.82237e-56 2.33285e-56 1.41666e-56 8.56018e-57 5.147e-57 3.07971e-57 1.83406e-57 1.08755e-57 6.4288e-58 3.80187e-58 2.27279e-58 1.41378e-58 9.80722e-59 
1.37253e-58 1.58557e-58 2.28644e-58 3.67693e-58 6.15258e-58 1.04067e-57 1.76094e-57 2.97043e-57 4.98907e-57 8.33998e-57 1.38737e-56 2.29651e-56 3.78251e-56 6.1989e-56 1.01079e-55 1.63988e-55 2.64699e-55 4.25086e-55 6.79165e-55 1.07954e-54 1.70709e-54 2.68548e-54 4.20268e-54 6.54273e-54 1.01324e-53 1.56092e-53 2.39196e-53 3.64606e-53 5.52819e-53 8.33726e-53 1.25066e-52 1.86603e-52 2.76924e-52 4.08746e-52 6.00056e-52 8.7613e-52 1.27226e-51 1.83743e-51 2.63914e-51 3.76986e-51 5.35544e-51 7.56596e-51 1.06298e-50 1.48517e-50 2.06352e-50 2.85112e-50 3.91736e-50 5.35226e-50 7.27175e-50 9.82416e-50 1.31978e-49 1.76299e-49 2.34174e-49 3.09286e-49 4.06173e-49 5.3038e-49 6.88625e-49 8.88984e-49 1.14108e-48 1.45628e-48 1.8479e-48 2.33136e-48 2.92439e-48 3.64713e-48 4.52226e-48 5.57497e-48 6.83298e-48 8.32634e-48 1.00872e-47 1.21495e-47 1.45483e-47 1.73193e-47 2.04979e-47 2.41182e-47 2.82122e-47 3.28081e-47 3.79293e-47 4.35931e-47 4.98086e-47 5.65763e-47 6.3886e-47 7.17159e-47 8.00318e-47 8.87859e-47 9.79172e-47 1.07351e-46 1.16999e-46 1.26762e-46 1.36527e-46 1.46177e-46 1.55583e-46 1.64615e-46 1.73141e-46 1.8103e-46 1.88159e-46 1.9441e-46 1.99679e-46 2.03876e-46 2.06927e-46 2.08781e-46 2.09402e-46 2.08781e-46 2.06927e-46 2.03876e-46 1.99679e-46 1.9441e-46 1.88159e-46 1.8103e-46 1.73141e-46 1.64615e-46 1.55583e-46 1.46177e-46 1.36527e-46 1.26762e-46 1.16999e-46 1.07351e-46 9.79172e-47 8.87859e-47 8.00318e-47 7.17159e-47 6.3886e-47 5.65763e-47 4.98086e-47 4.35931e-47 3.79293e-47 3.28081e-47 2.82122e-47 2.41182e-47 2.04979e-47 1.73193e-47 1.45483e-47 1.21495e-47 1.00872e-47 8.32634e-48 6.83298e-48 5.57497e-48 4.52226e-48 3.64713e-48 2.92439e-48 2.33136e-48 1.8479e-48 1.45628e-48 1.14108e-48 8.88984e-49 6.88625e-49 5.3038e-49 4.06173e-49 3.09286e-49 2.34174e-49 1.76299e-49 1.31978e-49 9.82416e-50 7.27175e-50 5.35226e-50 3.91736e-50 2.85112e-50 2.06352e-50 1.48517e-50 1.06298e-50 7.56596e-51 5.35544e-51 3.76986e-51 2.63914e-51 1.83743e-51 1.27226e-51 8.7613e-52 6.00056e-52 4.08746e-52 2.76924e-52 1.86603e-52 1.25066e-52 8.33726e-53 5.52819e-53 3.64606e-53 2.39196e-53 1.56092e-53 1.01324e-53 6.54273e-54 4.20268e-54 2.68548e-54 1.70709e-54 1.07954e-54 6.79165e-55 4.25086e-55 2.64699e-55 1.63988e-55 1.01079e-55 6.1989e-56 3.78251e-56 2.29651e-56 1.38737e-56 8.33998e-57 4.98907e-57 2.97043e-57 1.76094e-57 1.04067e-57 6.15258e-58 3.67693e-58 2.28644e-58 1.58557e-58 
