1.21532e-272 1.21865e-272 1.22863e-272 1.2453e-272 1.26868e-272 1.29882e-272 1.33578e-272 1.37965e-272 1.43049e-272 1.48843e-272 1.55356e-272 1.62601e-272 1.7059e-272 1.7934e-272 1.88864e-272 1.9918e-272 2.10303e-272 2.22251e-272 2.35044e-272 2.48698e-272 2.63235e-272 2.78672e-272 2.95029e-272 3.12327e-272 3.30583e-272 3.49819e-272 3.70052e-272 3.913e-272 4.13583e-272 4.36916e-272 4.61315e-272 4.86796e-272 5.13372e-272 5.41056e-272 5.69858e-272 5.99787e-272 6.3085e-272 6.63052e-272 6.96397e-272 7.30885e-272 7.66514e-272 8.0328e-272 8.41175e-272 8.8019e-272 9.20311e-272 9.61523e-272 1.00381e-271 1.04714e-271 1.09149e-271 1.13684e-271 1.18314e-271 1.23037e-271 1.27848e-271 1.32743e-271 1.37718e-271 1.42766e-271 1.47883e-271 1.53062e-271 1.58299e-271 1.63585e-271 1.68914e-271 1.74279e-271 1.79673e-271 1.85087e-271 1.90513e-271 1.95944e-271 2.0137e-271 2.06783e-271 2.12173e-271 2.17532e-271 2.2285e-271 2.28117e-271 2.33323e-271 2.3846e-271 2.43517e-271 2.48484e-271 2.53352e-271 2.58111e-271 2.62752e-271 2.67264e-271 2.71638e-271 2.75865e-271 2.79937e-271 2.83843e-271 2.87577e-271 2.91129e-271 2.94491e-271 2.97656e-271 3.00618e-271 3.03368e-271 3.05901e-271 3.08212e-271 3.10293e-271 3.12142e-271 3.13753e-271 3.15122e-271 3.16248e-271 3.17125e-271 3.17754e-271 3.18132e-271 3.18258e-271 3.18132e-271 3.17754e-271 3.17125e-271 3.16248e-271 3.15122e-271 3.13753e-271 3.12142e-271 3.10293e-271 3.08212e-271 3.05901e-271 3.03368e-271 3.00618e-271 2.97656e-271 2.94491e-271 2.91129e-271 2.87577e-271 2.83843e-271 2.79937e-271 2.75865e-271 2.71638e-271 2.67264e-271 2.62752e-271 2.58111e-271 2.53352e-271 2.48484e-271 2.43517e-271 2.3846e-271 2.33323e-271 2.28117e-271 2.2285e-271 2.17532e-271 2.12173e-271 2.06783e-271 2.0137e-271 1.95944e-271 1.90513e-271 1.85087e-271 1.79673e-271 1.74279e-271 1.68914e-271 1.63585e-271 1.58299e-271 1.53062e-271 1.47883e-271 1.42766e-271 1.37718e-271 1.32743e-271 1.27848e-271 1.23037e-271 1.18314e-271 1.13684e-271 1.09149e-271 1.04714e-271 1.00381e-271 9.61523e-272 9.20311e-272 8.8019e-272 8.41175e-272 8.0328e-272 7.66514e-272 7.30885e-272 6.96397e-272 6.63052e-272 6.3085e-272 5.99787e-272 5.69858e-272 5.41056e-272 5.13372e-272 4.86796e-272 4.61315e-272 4.36916e-272 4.13583e-272 3.913e-272 3.70052e-272 3.49819e-272 3.30583e-272 3.12327e-272 2.95029e-272 2.78672e-272 2.63235e-272 2.48698e-272 2.35044e-272 2.22251e-272 2.10303e-272 1.9918e-272 1.88864e-272 1.7934e-272 1.7059e-272 1.62601e-272 1.55356e-272 1.48843e-272 1.43049e-272 1.37965e-272 1.33578e-272 1.29882e-272 1.26868e-272 1.2453e-272 1.22863e-272 1.21865e-272 
1.21865e-272 1.22198e-272 1.23199e-272 1.2487e-272 1.27215e-272 1.30237e-272 1.33944e-272 1.38342e-272 1.43441e-272 1.4925e-272 1.55781e-272 1.63045e-272 1.71057e-272 1.79831e-272 1.89381e-272 1.99725e-272 2.10878e-272 2.2286e-272 2.35687e-272 2.49379e-272 2.63955e-272 2.79434e-272 2.95837e-272 3.13181e-272 3.31488e-272 3.50776e-272 3.71064e-272 3.92371e-272 4.14714e-272 4.38111e-272 4.62577e-272 4.88128e-272 5.14777e-272 5.42536e-272 5.71417e-272 6.01428e-272 6.32576e-272 6.64866e-272 6.98302e-272 7.32885e-272 7.68611e-272 8.05477e-272 8.43476e-272 8.82598e-272 9.22829e-272 9.64153e-272 1.00655e-271 1.05e-271 1.09448e-271 1.13995e-271 1.18638e-271 1.23374e-271 1.28198e-271 1.33107e-271 1.38094e-271 1.43157e-271 1.48287e-271 1.53481e-271 1.58732e-271 1.64032e-271 1.69376e-271 1.74756e-271 1.80164e-271 1.85593e-271 1.91034e-271 1.9648e-271 2.01921e-271 2.07349e-271 2.12754e-271 2.18127e-271 2.23459e-271 2.2874e-271 2.33961e-271 2.39112e-271 2.44183e-271 2.49164e-271 2.54045e-271 2.58817e-271 2.6347e-271 2.67995e-271 2.72381e-271 2.7662e-271 2.80702e-271 2.8462e-271 2.88363e-271 2.91925e-271 2.95297e-271 2.98471e-271 3.0144e-271 3.04198e-271 3.06738e-271 3.09055e-271 3.11142e-271 3.12996e-271 3.14611e-271 3.15984e-271 3.17113e-271 3.17993e-271 3.18623e-271 3.19002e-271 3.19128e-271 3.19002e-271 3.18623e-271 3.17993e-271 3.17113e-271 3.15984e-271 3.14611e-271 3.12996e-271 3.11142e-271 3.09055e-271 3.06738e-271 3.04198e-271 3.0144e-271 2.98471e-271 2.95297e-271 2.91925e-271 2.88363e-271 2.8462e-271 2.80702e-271 2.7662e-271 2.72381e-271 2.67995e-271 2.6347e-271 2.58817e-271 2.54045e-271 2.49164e-271 2.44183e-271 2.39112e-271 2.33961e-271 2.2874e-271 2.23459e-271 2.18127e-271 2.12754e-271 2.07349e-271 2.01921e-271 1.9648e-271 1.91034e-271 1.85593e-271 1.80164e-271 1.74756e-271 1.69376e-271 1.64032e-271 1.58732e-271 1.53481e-271 1.48287e-271 1.43157e-271 1.38094e-271 1.33107e-271 1.28198e-271 1.23374e-271 1.18638e-271 1.13995e-271 1.09448e-271 1.05e-271 1.00655e-271 9.64153e-272 9.22829e-272 8.82598e-272 8.43476e-272 8.05477e-272 7.68611e-272 7.32885e-272 6.98302e-272 6.64866e-272 6.32576e-272 6.01428e-272 5.71417e-272 5.42536e-272 5.14777e-272 4.88128e-272 4.62577e-272 4.38111e-272 4.14714e-272 3.92371e-272 3.71064e-272 3.50776e-272 3.31488e-272 3.13181e-272 2.95837e-272 2.79434e-272 2.63955e-272 2.49379e-272 2.35687e-272 2.2286e-272 2.10878e-272 1.99725e-272 1.89381e-272 1.79831e-272 1.71057e-272 1.63045e-272 1.55781e-272 1.4925e-272 1.43441e-272 1.38342e-272 1.33944e-272 1.30237e-272 1.27215e-272 1.2487e-272 1.23199e-272 1.22198e-272 
1.22863e-272 1.23199e-272 1.24209e-272 1.25894e-272 1.28257e-272 1.31304e-272 1.35041e-272 1.39476e-272 1.44616e-272 1.50473e-272 1.57057e-272 1.64381e-272 1.72459e-272 1.81304e-272 1.90933e-272 2.01361e-272 2.12606e-272 2.24685e-272 2.37618e-272 2.51422e-272 2.66117e-272 2.81723e-272 2.9826e-272 3.15747e-272 3.34203e-272 3.53649e-272 3.74104e-272 3.95585e-272 4.18112e-272 4.417e-272 4.66367e-272 4.92127e-272 5.18994e-272 5.4698e-272 5.76097e-272 6.06354e-272 6.37757e-272 6.70312e-272 7.04022e-272 7.38887e-272 7.74906e-272 8.12075e-272 8.50385e-272 8.89827e-272 9.30387e-272 9.7205e-272 1.0148e-271 1.0586e-271 1.10344e-271 1.14928e-271 1.19609e-271 1.24384e-271 1.29248e-271 1.34197e-271 1.39225e-271 1.44329e-271 1.49502e-271 1.54738e-271 1.60032e-271 1.65376e-271 1.70763e-271 1.76187e-271 1.8164e-271 1.87113e-271 1.92599e-271 1.98089e-271 2.03575e-271 2.09047e-271 2.14496e-271 2.19913e-271 2.25289e-271 2.30614e-271 2.35877e-271 2.4107e-271 2.46183e-271 2.51204e-271 2.56126e-271 2.60937e-271 2.65628e-271 2.70189e-271 2.74611e-271 2.78885e-271 2.83001e-271 2.86951e-271 2.90725e-271 2.94315e-271 2.97715e-271 3.00915e-271 3.03908e-271 3.06689e-271 3.0925e-271 3.11585e-271 3.1369e-271 3.15559e-271 3.17187e-271 3.18572e-271 3.19709e-271 3.20597e-271 3.21232e-271 3.21614e-271 3.21741e-271 3.21614e-271 3.21232e-271 3.20597e-271 3.19709e-271 3.18572e-271 3.17187e-271 3.15559e-271 3.1369e-271 3.11585e-271 3.0925e-271 3.06689e-271 3.03908e-271 3.00915e-271 2.97715e-271 2.94315e-271 2.90725e-271 2.86951e-271 2.83001e-271 2.78885e-271 2.74611e-271 2.70189e-271 2.65628e-271 2.60937e-271 2.56126e-271 2.51204e-271 2.46183e-271 2.4107e-271 2.35877e-271 2.30614e-271 2.25289e-271 2.19913e-271 2.14496e-271 2.09047e-271 2.03575e-271 1.98089e-271 1.92599e-271 1.87113e-271 1.8164e-271 1.76187e-271 1.70763e-271 1.65376e-271 1.60032e-271 1.54738e-271 1.49502e-271 1.44329e-271 1.39225e-271 1.34197e-271 1.29248e-271 1.24384e-271 1.19609e-271 1.14928e-271 1.10344e-271 1.0586e-271 1.0148e-271 9.7205e-272 9.30387e-272 8.89827e-272 8.50385e-272 8.12075e-272 7.74906e-272 7.38887e-272 7.04022e-272 6.70312e-272 6.37757e-272 6.06354e-272 5.76097e-272 5.4698e-272 5.18994e-272 4.92127e-272 4.66367e-272 4.417e-272 4.18112e-272 3.95585e-272 3.74104e-272 3.53649e-272 3.34203e-272 3.15747e-272 2.9826e-272 2.81723e-272 2.66117e-272 2.51422e-272 2.37618e-272 2.24685e-272 2.12606e-272 2.01361e-272 1.90933e-272 1.81304e-272 1.72459e-272 1.64381e-272 1.57057e-272 1.50473e-272 1.44616e-272 1.39476e-272 1.35041e-272 1.31304e-272 1.28257e-272 1.25894e-272 1.24209e-272 1.23199e-272 
1.2453e-272 1.2487e-272 1.25894e-272 1.27601e-272 1.29997e-272 1.33085e-272 1.36873e-272 1.41367e-272 1.46578e-272 1.52514e-272 1.59187e-272 1.66611e-272 1.74798e-272 1.83763e-272 1.93522e-272 2.04092e-272 2.15489e-272 2.27732e-272 2.4084e-272 2.54832e-272 2.69726e-272 2.85544e-272 3.02305e-272 3.20029e-272 3.38735e-272 3.58445e-272 3.79177e-272 4.00949e-272 4.23781e-272 4.47689e-272 4.7269e-272 4.988e-272 5.26031e-272 5.54397e-272 5.83909e-272 6.14575e-272 6.46404e-272 6.79401e-272 7.13568e-272 7.48906e-272 7.85413e-272 8.23085e-272 8.61915e-272 9.01891e-272 9.43002e-272 9.85229e-272 1.02855e-271 1.07295e-271 1.1184e-271 1.16486e-271 1.21231e-271 1.2607e-271 1.31e-271 1.36016e-271 1.41113e-271 1.46286e-271 1.51529e-271 1.56836e-271 1.62201e-271 1.67618e-271 1.73078e-271 1.78576e-271 1.84102e-271 1.8965e-271 1.9521e-271 2.00774e-271 2.06334e-271 2.11881e-271 2.17404e-271 2.22895e-271 2.28343e-271 2.3374e-271 2.39075e-271 2.44338e-271 2.4952e-271 2.5461e-271 2.59598e-271 2.64474e-271 2.69229e-271 2.73852e-271 2.78334e-271 2.82666e-271 2.86837e-271 2.9084e-271 2.94666e-271 2.98305e-271 3.0175e-271 3.04994e-271 3.08028e-271 3.10846e-271 3.13442e-271 3.15809e-271 3.17942e-271 3.19836e-271 3.21487e-271 3.2289e-271 3.24043e-271 3.24943e-271 3.25587e-271 3.25974e-271 3.26103e-271 3.25974e-271 3.25587e-271 3.24943e-271 3.24043e-271 3.2289e-271 3.21487e-271 3.19836e-271 3.17942e-271 3.15809e-271 3.13442e-271 3.10846e-271 3.08028e-271 3.04994e-271 3.0175e-271 2.98305e-271 2.94666e-271 2.9084e-271 2.86837e-271 2.82666e-271 2.78334e-271 2.73852e-271 2.69229e-271 2.64474e-271 2.59598e-271 2.5461e-271 2.4952e-271 2.44338e-271 2.39075e-271 2.3374e-271 2.28343e-271 2.22895e-271 2.17404e-271 2.11881e-271 2.06334e-271 2.00774e-271 1.9521e-271 1.8965e-271 1.84102e-271 1.78576e-271 1.73078e-271 1.67618e-271 1.62201e-271 1.56836e-271 1.51529e-271 1.46286e-271 1.41113e-271 1.36016e-271 1.31e-271 1.2607e-271 1.21231e-271 1.16486e-271 1.1184e-271 1.07295e-271 1.02855e-271 9.85229e-272 9.43002e-272 9.01891e-272 8.61915e-272 8.23085e-272 7.85413e-272 7.48906e-272 7.13568e-272 6.79401e-272 6.46404e-272 6.14575e-272 5.83909e-272 5.54397e-272 5.26031e-272 4.988e-272 4.7269e-272 4.47689e-272 4.23781e-272 4.00949e-272 3.79177e-272 3.58445e-272 3.38735e-272 3.20029e-272 3.02305e-272 2.85544e-272 2.69726e-272 2.54832e-272 2.4084e-272 2.27732e-272 2.15489e-272 2.04092e-272 1.93522e-272 1.83763e-272 1.74798e-272 1.66611e-272 1.59187e-272 1.52514e-272 1.46578e-272 1.41367e-272 1.36873e-272 1.33085e-272 1.29997e-272 1.27601e-272 1.25894e-272 1.2487e-272 
1.26868e-272 1.27215e-272 1.28257e-272 1.29997e-272 1.32437e-272 1.35584e-272 1.39443e-272 1.44021e-272 1.49329e-272 1.55377e-272 1.62176e-272 1.69739e-272 1.78079e-272 1.87213e-272 1.97155e-272 2.07923e-272 2.19534e-272 2.32007e-272 2.45361e-272 2.59615e-272 2.74789e-272 2.90904e-272 3.07979e-272 3.26035e-272 3.45093e-272 3.65173e-272 3.86294e-272 4.08475e-272 4.31735e-272 4.56092e-272 4.81562e-272 5.08161e-272 5.35904e-272 5.64802e-272 5.94867e-272 6.2611e-272 6.58536e-272 6.92151e-272 7.26959e-272 7.62961e-272 8.00153e-272 8.38532e-272 8.7809e-272 9.18817e-272 9.60698e-272 1.00372e-271 1.04786e-271 1.09309e-271 1.13939e-271 1.18672e-271 1.23506e-271 1.28436e-271 1.33459e-271 1.38568e-271 1.43761e-271 1.49031e-271 1.54372e-271 1.59779e-271 1.65245e-271 1.70763e-271 1.76326e-271 1.81926e-271 1.87557e-271 1.93208e-271 1.98873e-271 2.04542e-271 2.10206e-271 2.15856e-271 2.21483e-271 2.27077e-271 2.32628e-271 2.38126e-271 2.43561e-271 2.48923e-271 2.54202e-271 2.59387e-271 2.64469e-271 2.69437e-271 2.7428e-271 2.7899e-271 2.83557e-271 2.87969e-271 2.92219e-271 2.96297e-271 3.00195e-271 3.03902e-271 3.07412e-271 3.10716e-271 3.13808e-271 3.16679e-271 3.19323e-271 3.21735e-271 3.23908e-271 3.25837e-271 3.27519e-271 3.28949e-271 3.30123e-271 3.31039e-271 3.31696e-271 3.3209e-271 3.32221e-271 3.3209e-271 3.31696e-271 3.31039e-271 3.30123e-271 3.28949e-271 3.27519e-271 3.25837e-271 3.23908e-271 3.21735e-271 3.19323e-271 3.16679e-271 3.13808e-271 3.10716e-271 3.07412e-271 3.03902e-271 3.00195e-271 2.96297e-271 2.92219e-271 2.87969e-271 2.83557e-271 2.7899e-271 2.7428e-271 2.69437e-271 2.64469e-271 2.59387e-271 2.54202e-271 2.48923e-271 2.43561e-271 2.38126e-271 2.32628e-271 2.27077e-271 2.21483e-271 2.15856e-271 2.10206e-271 2.04542e-271 1.98873e-271 1.93208e-271 1.87557e-271 1.81926e-271 1.76326e-271 1.70763e-271 1.65245e-271 1.59779e-271 1.54372e-271 1.49031e-271 1.43761e-271 1.38568e-271 1.33459e-271 1.28436e-271 1.23506e-271 1.18672e-271 1.13939e-271 1.09309e-271 1.04786e-271 1.00372e-271 9.60698e-272 9.18817e-272 8.7809e-272 8.38532e-272 8.00153e-272 7.62961e-272 7.26959e-272 6.92151e-272 6.58536e-272 6.2611e-272 5.94867e-272 5.64802e-272 5.35904e-272 5.08161e-272 4.81562e-272 4.56092e-272 4.31735e-272 4.08475e-272 3.86294e-272 3.65173e-272 3.45093e-272 3.26035e-272 3.07979e-272 2.90904e-272 2.74789e-272 2.59615e-272 2.45361e-272 2.32007e-272 2.19534e-272 2.07923e-272 1.97155e-272 1.87213e-272 1.78079e-272 1.69739e-272 1.62176e-272 1.55377e-272 1.49329e-272 1.44021e-272 1.39443e-272 1.35584e-272 1.32437e-272 1.29997e-272 1.28257e-272 1.27215e-272 
1.29882e-272 1.30237e-272 1.31304e-272 1.33085e-272 1.35584e-272 1.38805e-272 1.42755e-272 1.47443e-272 1.52877e-272 1.59068e-272 1.66029e-272 1.73771e-272 1.8231e-272 1.9166e-272 2.01838e-272 2.12862e-272 2.24749e-272 2.37518e-272 2.51189e-272 2.65782e-272 2.81316e-272 2.97814e-272 3.15294e-272 3.3378e-272 3.5329e-272 3.73847e-272 3.95469e-272 4.18177e-272 4.4199e-272 4.66925e-272 4.93e-272 5.20231e-272 5.48632e-272 5.78216e-272 6.08996e-272 6.4098e-272 6.74176e-272 7.0859e-272 7.44224e-272 7.81081e-272 8.19156e-272 8.58446e-272 8.98944e-272 9.40637e-272 9.83514e-272 1.02755e-271 1.07274e-271 1.11905e-271 1.16645e-271 1.21491e-271 1.26439e-271 1.31486e-271 1.36628e-271 1.41859e-271 1.47175e-271 1.5257e-271 1.58038e-271 1.63573e-271 1.69169e-271 1.74818e-271 1.80513e-271 1.86247e-271 1.9201e-271 1.97796e-271 2.03595e-271 2.09399e-271 2.15198e-271 2.20982e-271 2.26742e-271 2.32469e-271 2.38152e-271 2.4378e-271 2.49344e-271 2.54834e-271 2.60238e-271 2.65546e-271 2.70749e-271 2.75834e-271 2.80793e-271 2.85615e-271 2.9029e-271 2.94807e-271 2.99158e-271 3.03333e-271 3.07323e-271 3.11118e-271 3.14711e-271 3.18094e-271 3.21259e-271 3.24198e-271 3.26905e-271 3.29374e-271 3.31599e-271 3.33574e-271 3.35296e-271 3.36759e-271 3.37962e-271 3.389e-271 3.39571e-271 3.39975e-271 3.4011e-271 3.39975e-271 3.39571e-271 3.389e-271 3.37962e-271 3.36759e-271 3.35296e-271 3.33574e-271 3.31599e-271 3.29374e-271 3.26905e-271 3.24198e-271 3.21259e-271 3.18094e-271 3.14711e-271 3.11118e-271 3.07323e-271 3.03333e-271 2.99158e-271 2.94807e-271 2.9029e-271 2.85615e-271 2.80793e-271 2.75834e-271 2.70749e-271 2.65546e-271 2.60238e-271 2.54834e-271 2.49344e-271 2.4378e-271 2.38152e-271 2.32469e-271 2.26742e-271 2.20982e-271 2.15198e-271 2.09399e-271 2.03595e-271 1.97796e-271 1.9201e-271 1.86247e-271 1.80513e-271 1.74818e-271 1.69169e-271 1.63573e-271 1.58038e-271 1.5257e-271 1.47175e-271 1.41859e-271 1.36628e-271 1.31486e-271 1.26439e-271 1.21491e-271 1.16645e-271 1.11905e-271 1.07274e-271 1.02755e-271 9.83514e-272 9.40637e-272 8.98944e-272 8.58446e-272 8.19156e-272 7.81081e-272 7.44224e-272 7.0859e-272 6.74176e-272 6.4098e-272 6.08996e-272 5.78216e-272 5.48632e-272 5.20231e-272 4.93e-272 4.66925e-272 4.4199e-272 4.18177e-272 3.95469e-272 3.73847e-272 3.5329e-272 3.3378e-272 3.15294e-272 2.97814e-272 2.81316e-272 2.65782e-272 2.51189e-272 2.37518e-272 2.24749e-272 2.12862e-272 2.01838e-272 1.9166e-272 1.8231e-272 1.73771e-272 1.66029e-272 1.59068e-272 1.52877e-272 1.47443e-272 1.42755e-272 1.38805e-272 1.35584e-272 1.33085e-272 1.31304e-272 1.30237e-272 
1.33578e-272 1.33944e-272 1.35041e-272 1.36873e-272 1.39443e-272 1.42755e-272 1.46818e-272 1.51639e-272 1.57228e-272 1.63595e-272 1.70754e-272 1.78716e-272 1.87498e-272 1.97114e-272 2.07582e-272 2.1892e-272 2.31145e-272 2.44277e-272 2.58337e-272 2.73345e-272 2.89321e-272 3.06288e-272 3.24266e-272 3.43277e-272 3.63343e-272 3.84484e-272 4.06721e-272 4.30075e-272 4.54565e-272 4.8021e-272 5.07027e-272 5.35032e-272 5.64241e-272 5.94668e-272 6.26323e-272 6.59217e-272 6.93357e-272 7.2875e-272 7.65398e-272 8.03303e-272 8.42461e-272 8.82869e-272 9.24518e-272 9.67398e-272 1.01149e-271 1.05679e-271 1.10326e-271 1.15088e-271 1.19963e-271 1.24947e-271 1.30036e-271 1.35227e-271 1.40515e-271 1.45895e-271 1.51362e-271 1.5691e-271 1.62534e-271 1.68226e-271 1.73981e-271 1.79791e-271 1.85648e-271 1.91545e-271 1.97472e-271 2.03423e-271 2.09387e-271 2.15355e-271 2.21319e-271 2.27268e-271 2.33192e-271 2.39082e-271 2.44926e-271 2.50715e-271 2.56437e-271 2.62082e-271 2.6764e-271 2.731e-271 2.7845e-271 2.8368e-271 2.8878e-271 2.93739e-271 2.98547e-271 3.03193e-271 3.07667e-271 3.11961e-271 3.16064e-271 3.19968e-271 3.23663e-271 3.27142e-271 3.30397e-271 3.3342e-271 3.36204e-271 3.38743e-271 3.41031e-271 3.43062e-271 3.44833e-271 3.46338e-271 3.47575e-271 3.48539e-271 3.4923e-271 3.49645e-271 3.49784e-271 3.49645e-271 3.4923e-271 3.48539e-271 3.47575e-271 3.46338e-271 3.44833e-271 3.43062e-271 3.41031e-271 3.38743e-271 3.36204e-271 3.3342e-271 3.30397e-271 3.27142e-271 3.23663e-271 3.19968e-271 3.16064e-271 3.11961e-271 3.07667e-271 3.03193e-271 2.98547e-271 2.93739e-271 2.8878e-271 2.8368e-271 2.7845e-271 2.731e-271 2.6764e-271 2.62082e-271 2.56437e-271 2.50715e-271 2.44926e-271 2.39082e-271 2.33192e-271 2.27268e-271 2.21319e-271 2.15355e-271 2.09387e-271 2.03423e-271 1.97472e-271 1.91545e-271 1.85648e-271 1.79791e-271 1.73981e-271 1.68226e-271 1.62534e-271 1.5691e-271 1.51362e-271 1.45895e-271 1.40515e-271 1.35227e-271 1.30036e-271 1.24947e-271 1.19963e-271 1.15088e-271 1.10326e-271 1.05679e-271 1.01149e-271 9.67398e-272 9.24518e-272 8.82869e-272 8.42461e-272 8.03303e-272 7.65398e-272 7.2875e-272 6.93357e-272 6.59217e-272 6.26323e-272 5.94668e-272 5.64241e-272 5.35032e-272 5.07027e-272 4.8021e-272 4.54565e-272 4.30075e-272 4.06721e-272 3.84484e-272 3.63343e-272 3.43277e-272 3.24266e-272 3.06288e-272 2.89321e-272 2.73345e-272 2.58337e-272 2.44277e-272 2.31145e-272 2.1892e-272 2.07582e-272 1.97114e-272 1.87498e-272 1.78716e-272 1.70754e-272 1.63595e-272 1.57228e-272 1.51639e-272 1.46818e-272 1.42755e-272 1.39443e-272 1.36873e-272 1.35041e-272 1.33944e-272 
1.37965e-272 1.38342e-272 1.39476e-272 1.41367e-272 1.44021e-272 1.47443e-272 1.51639e-272 1.56618e-272 1.62391e-272 1.68967e-272 1.7636e-272 1.84584e-272 1.93654e-272 2.03586e-272 2.14398e-272 2.26107e-272 2.38734e-272 2.52298e-272 2.66819e-272 2.82319e-272 2.9882e-272 3.16344e-272 3.34912e-272 3.54547e-272 3.75271e-272 3.97106e-272 4.20074e-272 4.44194e-272 4.69488e-272 4.95974e-272 5.23671e-272 5.52596e-272 5.82764e-272 6.14189e-272 6.46883e-272 6.80856e-272 7.16117e-272 7.52672e-272 7.90523e-272 8.29671e-272 8.70115e-272 9.11849e-272 9.54865e-272 9.99152e-272 1.0447e-271 1.09148e-271 1.13947e-271 1.18866e-271 1.23901e-271 1.29048e-271 1.34304e-271 1.39665e-271 1.45127e-271 1.50683e-271 1.5633e-271 1.6206e-271 1.67868e-271 1.73748e-271 1.79692e-271 1.85692e-271 1.91741e-271 1.97831e-271 2.03954e-271 2.10099e-271 2.16259e-271 2.22424e-271 2.28583e-271 2.34727e-271 2.40846e-271 2.46928e-271 2.52964e-271 2.58943e-271 2.64853e-271 2.70684e-271 2.76424e-271 2.82063e-271 2.87589e-271 2.92991e-271 2.98258e-271 3.03379e-271 3.08345e-271 3.13143e-271 3.17765e-271 3.22199e-271 3.26437e-271 3.30469e-271 3.34285e-271 3.37878e-271 3.4124e-271 3.44362e-271 3.47237e-271 3.4986e-271 3.52223e-271 3.54321e-271 3.5615e-271 3.57704e-271 3.58981e-271 3.59978e-271 3.60691e-271 3.6112e-271 3.61263e-271 3.6112e-271 3.60691e-271 3.59978e-271 3.58981e-271 3.57704e-271 3.5615e-271 3.54321e-271 3.52223e-271 3.4986e-271 3.47237e-271 3.44362e-271 3.4124e-271 3.37878e-271 3.34285e-271 3.30469e-271 3.26437e-271 3.22199e-271 3.17765e-271 3.13143e-271 3.08345e-271 3.03379e-271 2.98258e-271 2.92991e-271 2.87589e-271 2.82063e-271 2.76424e-271 2.70684e-271 2.64853e-271 2.58943e-271 2.52964e-271 2.46928e-271 2.40846e-271 2.34727e-271 2.28583e-271 2.22424e-271 2.16259e-271 2.10099e-271 2.03954e-271 1.97831e-271 1.91741e-271 1.85692e-271 1.79692e-271 1.73748e-271 1.67868e-271 1.6206e-271 1.5633e-271 1.50683e-271 1.45127e-271 1.39665e-271 1.34304e-271 1.29048e-271 1.23901e-271 1.18866e-271 1.13947e-271 1.09148e-271 1.0447e-271 9.99152e-272 9.54865e-272 9.11849e-272 8.70115e-272 8.29671e-272 7.90523e-272 7.52672e-272 7.16117e-272 6.80856e-272 6.46883e-272 6.14189e-272 5.82764e-272 5.52596e-272 5.23671e-272 4.95974e-272 4.69488e-272 4.44194e-272 4.20074e-272 3.97106e-272 3.75271e-272 3.54547e-272 3.34912e-272 3.16344e-272 2.9882e-272 2.82319e-272 2.66819e-272 2.52298e-272 2.38734e-272 2.26107e-272 2.14398e-272 2.03586e-272 1.93654e-272 1.84584e-272 1.7636e-272 1.68967e-272 1.62391e-272 1.56618e-272 1.51639e-272 1.47443e-272 1.44021e-272 1.41367e-272 1.39476e-272 1.38342e-272 
1.43049e-272 1.43441e-272 1.44616e-272 1.46578e-272 1.49329e-272 1.52877e-272 1.57228e-272 1.62391e-272 1.68375e-272 1.75194e-272 1.8286e-272 1.91387e-272 2.00791e-272 2.11089e-272 2.22299e-272 2.3444e-272 2.47532e-272 2.61595e-272 2.76651e-272 2.92723e-272 3.09831e-272 3.28001e-272 3.47253e-272 3.67612e-272 3.89099e-272 4.11739e-272 4.35552e-272 4.60561e-272 4.86787e-272 5.14249e-272 5.42967e-272 5.72957e-272 6.04236e-272 6.36818e-272 6.70717e-272 7.05942e-272 7.42502e-272 7.80403e-272 8.19648e-272 8.60239e-272 9.02173e-272 9.45444e-272 9.90045e-272 1.03596e-271 1.08318e-271 1.13169e-271 1.18145e-271 1.23245e-271 1.28465e-271 1.33802e-271 1.39252e-271 1.44811e-271 1.50473e-271 1.56234e-271 1.62089e-271 1.6803e-271 1.74053e-271 1.80149e-271 1.86311e-271 1.92533e-271 1.98805e-271 2.05119e-271 2.11467e-271 2.17839e-271 2.24226e-271 2.30617e-271 2.37003e-271 2.43374e-271 2.49718e-271 2.56025e-271 2.62283e-271 2.68482e-271 2.7461e-271 2.80655e-271 2.86607e-271 2.92453e-271 2.98182e-271 3.03783e-271 3.09244e-271 3.14555e-271 3.19703e-271 3.24678e-271 3.2947e-271 3.34068e-271 3.38462e-271 3.42642e-271 3.46599e-271 3.50324e-271 3.5381e-271 3.57047e-271 3.60028e-271 3.62747e-271 3.65197e-271 3.67373e-271 3.69269e-271 3.7088e-271 3.72205e-271 3.73238e-271 3.73977e-271 3.74422e-271 3.7457e-271 3.74422e-271 3.73977e-271 3.73238e-271 3.72205e-271 3.7088e-271 3.69269e-271 3.67373e-271 3.65197e-271 3.62747e-271 3.60028e-271 3.57047e-271 3.5381e-271 3.50324e-271 3.46599e-271 3.42642e-271 3.38462e-271 3.34068e-271 3.2947e-271 3.24678e-271 3.19703e-271 3.14555e-271 3.09244e-271 3.03783e-271 2.98182e-271 2.92453e-271 2.86607e-271 2.80655e-271 2.7461e-271 2.68482e-271 2.62283e-271 2.56025e-271 2.49718e-271 2.43374e-271 2.37003e-271 2.30617e-271 2.24226e-271 2.17839e-271 2.11467e-271 2.05119e-271 1.98805e-271 1.92533e-271 1.86311e-271 1.80149e-271 1.74053e-271 1.6803e-271 1.62089e-271 1.56234e-271 1.50473e-271 1.44811e-271 1.39252e-271 1.33802e-271 1.28465e-271 1.23245e-271 1.18145e-271 1.13169e-271 1.08318e-271 1.03596e-271 9.90045e-272 9.45444e-272 9.02173e-272 8.60239e-272 8.19648e-272 7.80403e-272 7.42502e-272 7.05942e-272 6.70717e-272 6.36818e-272 6.04236e-272 5.72957e-272 5.42967e-272 5.14249e-272 4.86787e-272 4.60561e-272 4.35552e-272 4.11739e-272 3.89099e-272 3.67612e-272 3.47253e-272 3.28001e-272 3.09831e-272 2.92723e-272 2.76651e-272 2.61595e-272 2.47532e-272 2.3444e-272 2.22299e-272 2.11089e-272 2.00791e-272 1.91387e-272 1.8286e-272 1.75194e-272 1.68375e-272 1.62391e-272 1.57228e-272 1.52877e-272 1.49329e-272 1.46578e-272 1.44616e-272 1.43441e-272 
1.48843e-272 1.4925e-272 1.50473e-272 1.52514e-272 1.55377e-272 1.59068e-272 1.63595e-272 1.68967e-272 1.75194e-272 1.82289e-272 1.90265e-272 1.99137e-272 2.08922e-272 2.19637e-272 2.31301e-272 2.43933e-272 2.57555e-272 2.72188e-272 2.87853e-272 3.04575e-272 3.22377e-272 3.41282e-272 3.61313e-272 3.82496e-272 4.04854e-272 4.2841e-272 4.53187e-272 4.79209e-272 5.06496e-272 5.3507e-272 5.6495e-272 5.96154e-272 6.287e-272 6.62601e-272 6.97872e-272 7.34523e-272 7.72563e-272 8.11998e-272 8.52832e-272 8.95066e-272 9.38697e-272 9.8372e-272 1.03013e-271 1.0779e-271 1.12704e-271 1.1775e-271 1.22928e-271 1.28234e-271 1.33666e-271 1.39219e-271 1.44889e-271 1.50673e-271 1.56565e-271 1.62559e-271 1.6865e-271 1.74832e-271 1.81098e-271 1.87441e-271 1.93853e-271 2.00326e-271 2.06852e-271 2.13422e-271 2.20027e-271 2.26657e-271 2.33302e-271 2.39952e-271 2.46597e-271 2.53225e-271 2.59826e-271 2.66388e-271 2.729e-271 2.79349e-271 2.85725e-271 2.92015e-271 2.98208e-271 3.04291e-271 3.10252e-271 3.1608e-271 3.21762e-271 3.27287e-271 3.32644e-271 3.3782e-271 3.42806e-271 3.4759e-271 3.52161e-271 3.56511e-271 3.60628e-271 3.64504e-271 3.68131e-271 3.71499e-271 3.74601e-271 3.7743e-271 3.79979e-271 3.82242e-271 3.84215e-271 3.85892e-271 3.8727e-271 3.88345e-271 3.89115e-271 3.89577e-271 3.89731e-271 3.89577e-271 3.89115e-271 3.88345e-271 3.8727e-271 3.85892e-271 3.84215e-271 3.82242e-271 3.79979e-271 3.7743e-271 3.74601e-271 3.71499e-271 3.68131e-271 3.64504e-271 3.60628e-271 3.56511e-271 3.52161e-271 3.4759e-271 3.42806e-271 3.3782e-271 3.32644e-271 3.27287e-271 3.21762e-271 3.1608e-271 3.10252e-271 3.04291e-271 2.98208e-271 2.92015e-271 2.85725e-271 2.79349e-271 2.729e-271 2.66388e-271 2.59826e-271 2.53225e-271 2.46597e-271 2.39952e-271 2.33302e-271 2.26657e-271 2.20027e-271 2.13422e-271 2.06852e-271 2.00326e-271 1.93853e-271 1.87441e-271 1.81098e-271 1.74832e-271 1.6865e-271 1.62559e-271 1.56565e-271 1.50673e-271 1.44889e-271 1.39219e-271 1.33666e-271 1.28234e-271 1.22928e-271 1.1775e-271 1.12704e-271 1.0779e-271 1.03013e-271 9.8372e-272 9.38697e-272 8.95066e-272 8.52832e-272 8.11998e-272 7.72563e-272 7.34523e-272 6.97872e-272 6.62601e-272 6.287e-272 5.96154e-272 5.6495e-272 5.3507e-272 5.06496e-272 4.79209e-272 4.53187e-272 4.2841e-272 4.04854e-272 3.82496e-272 3.61313e-272 3.41282e-272 3.22377e-272 3.04575e-272 2.87853e-272 2.72188e-272 2.57555e-272 2.43933e-272 2.31301e-272 2.19637e-272 2.08922e-272 1.99137e-272 1.90265e-272 1.82289e-272 1.75194e-272 1.68967e-272 1.63595e-272 1.59068e-272 1.55377e-272 1.52514e-272 1.50473e-272 1.4925e-272 
1.55356e-272 1.55781e-272 1.57057e-272 1.59187e-272 1.62176e-272 1.66029e-272 1.70754e-272 1.7636e-272 1.8286e-272 1.90265e-272 1.9859e-272 2.0785e-272 2.18063e-272 2.29247e-272 2.41421e-272 2.54606e-272 2.68823e-272 2.84096e-272 3.00447e-272 3.17901e-272 3.36481e-272 3.56212e-272 3.7712e-272 3.9923e-272 4.22565e-272 4.47152e-272 4.73013e-272 5.00173e-272 5.28653e-272 5.58477e-272 5.89664e-272 6.22233e-272 6.56202e-272 6.91586e-272 7.28399e-272 7.66653e-272 8.06357e-272 8.47517e-272 8.90137e-272 9.34218e-272 9.79757e-272 1.02675e-271 1.07519e-271 1.12505e-271 1.17633e-271 1.22901e-271 1.28305e-271 1.33843e-271 1.39512e-271 1.45308e-271 1.51227e-271 1.57263e-271 1.63413e-271 1.69669e-271 1.76027e-271 1.82479e-271 1.89019e-271 1.95639e-271 2.02332e-271 2.09088e-271 2.15899e-271 2.22757e-271 2.2965e-271 2.3657e-271 2.43506e-271 2.50447e-271 2.57382e-271 2.643e-271 2.7119e-271 2.78039e-271 2.84835e-271 2.91567e-271 2.98222e-271 3.04787e-271 3.1125e-271 3.17599e-271 3.23821e-271 3.29903e-271 3.35834e-271 3.41601e-271 3.47192e-271 3.52595e-271 3.57798e-271 3.62791e-271 3.67563e-271 3.72102e-271 3.764e-271 3.80446e-271 3.8423e-271 3.87746e-271 3.90983e-271 3.93936e-271 3.96597e-271 3.98959e-271 4.01018e-271 4.02769e-271 4.04207e-271 4.05329e-271 4.06132e-271 4.06615e-271 4.06776e-271 4.06615e-271 4.06132e-271 4.05329e-271 4.04207e-271 4.02769e-271 4.01018e-271 3.98959e-271 3.96597e-271 3.93936e-271 3.90983e-271 3.87746e-271 3.8423e-271 3.80446e-271 3.764e-271 3.72102e-271 3.67563e-271 3.62791e-271 3.57798e-271 3.52595e-271 3.47192e-271 3.41601e-271 3.35834e-271 3.29903e-271 3.23821e-271 3.17599e-271 3.1125e-271 3.04787e-271 2.98222e-271 2.91567e-271 2.84835e-271 2.78039e-271 2.7119e-271 2.643e-271 2.57382e-271 2.50447e-271 2.43506e-271 2.3657e-271 2.2965e-271 2.22757e-271 2.15899e-271 2.09088e-271 2.02332e-271 1.95639e-271 1.89019e-271 1.82479e-271 1.76027e-271 1.69669e-271 1.63413e-271 1.57263e-271 1.51227e-271 1.45308e-271 1.39512e-271 1.33843e-271 1.28305e-271 1.22901e-271 1.17633e-271 1.12505e-271 1.07519e-271 1.02675e-271 9.79757e-272 9.34218e-272 8.90137e-272 8.47517e-272 8.06357e-272 7.66653e-272 7.28399e-272 6.91586e-272 6.56202e-272 6.22233e-272 5.89664e-272 5.58477e-272 5.28653e-272 5.00173e-272 4.73013e-272 4.47152e-272 4.22565e-272 3.9923e-272 3.7712e-272 3.56212e-272 3.36481e-272 3.17901e-272 3.00447e-272 2.84096e-272 2.68823e-272 2.54606e-272 2.41421e-272 2.29247e-272 2.18063e-272 2.0785e-272 1.9859e-272 1.90265e-272 1.8286e-272 1.7636e-272 1.70754e-272 1.66029e-272 1.62176e-272 1.59187e-272 1.57057e-272 1.55781e-272 
1.62601e-272 1.63045e-272 1.64381e-272 1.66611e-272 1.69739e-272 1.73771e-272 1.78716e-272 1.84584e-272 1.91387e-272 1.99137e-272 2.0785e-272 2.17542e-272 2.28231e-272 2.39936e-272 2.52678e-272 2.66477e-272 2.81358e-272 2.97342e-272 3.14456e-272 3.32723e-272 3.52169e-272 3.72821e-272 3.94703e-272 4.17843e-272 4.42267e-272 4.67999e-272 4.95066e-272 5.23492e-272 5.533e-272 5.84514e-272 6.17155e-272 6.51242e-272 6.86794e-272 7.23828e-272 7.62357e-272 8.02394e-272 8.43949e-272 8.87027e-272 9.31634e-272 9.77769e-272 1.02543e-271 1.07461e-271 1.12531e-271 1.1775e-271 1.23117e-271 1.2863e-271 1.34286e-271 1.40083e-271 1.46016e-271 1.52082e-271 1.58276e-271 1.64594e-271 1.7103e-271 1.77578e-271 1.84232e-271 1.90985e-271 1.9783e-271 2.04759e-271 2.11763e-271 2.18834e-271 2.25963e-271 2.3314e-271 2.40355e-271 2.47597e-271 2.54856e-271 2.62121e-271 2.69379e-271 2.7662e-271 2.8383e-271 2.90998e-271 2.98112e-271 3.05157e-271 3.12122e-271 3.18993e-271 3.25758e-271 3.32402e-271 3.38914e-271 3.4528e-271 3.51487e-271 3.57523e-271 3.63374e-271 3.69029e-271 3.74475e-271 3.79701e-271 3.84695e-271 3.89446e-271 3.93944e-271 3.98178e-271 4.02139e-271 4.05818e-271 4.09207e-271 4.12297e-271 4.15082e-271 4.17554e-271 4.19709e-271 4.21541e-271 4.23046e-271 4.24221e-271 4.25061e-271 4.25567e-271 4.25735e-271 4.25567e-271 4.25061e-271 4.24221e-271 4.23046e-271 4.21541e-271 4.19709e-271 4.17554e-271 4.15082e-271 4.12297e-271 4.09207e-271 4.05818e-271 4.02139e-271 3.98178e-271 3.93944e-271 3.89446e-271 3.84695e-271 3.79701e-271 3.74475e-271 3.69029e-271 3.63374e-271 3.57523e-271 3.51487e-271 3.4528e-271 3.38914e-271 3.32402e-271 3.25758e-271 3.18993e-271 3.12122e-271 3.05157e-271 2.98112e-271 2.90998e-271 2.8383e-271 2.7662e-271 2.69379e-271 2.62121e-271 2.54856e-271 2.47597e-271 2.40355e-271 2.3314e-271 2.25963e-271 2.18834e-271 2.11763e-271 2.04759e-271 1.9783e-271 1.90985e-271 1.84232e-271 1.77578e-271 1.7103e-271 1.64594e-271 1.58276e-271 1.52082e-271 1.46016e-271 1.40083e-271 1.34286e-271 1.2863e-271 1.23117e-271 1.1775e-271 1.12531e-271 1.07461e-271 1.02543e-271 9.77769e-272 9.31634e-272 8.87027e-272 8.43949e-272 8.02394e-272 7.62357e-272 7.23828e-272 6.86794e-272 6.51242e-272 6.17155e-272 5.84514e-272 5.533e-272 5.23492e-272 4.95066e-272 4.67999e-272 4.42267e-272 4.17843e-272 3.94703e-272 3.72821e-272 3.52169e-272 3.32723e-272 3.14456e-272 2.97342e-272 2.81358e-272 2.66477e-272 2.52678e-272 2.39936e-272 2.28231e-272 2.17542e-272 2.0785e-272 1.99137e-272 1.91387e-272 1.84584e-272 1.78716e-272 1.73771e-272 1.69739e-272 1.66611e-272 1.64381e-272 1.63045e-272 
1.7059e-272 1.71057e-272 1.72459e-272 1.74798e-272 1.78079e-272 1.8231e-272 1.87498e-272 1.93654e-272 2.00791e-272 2.08922e-272 2.18063e-272 2.28231e-272 2.39445e-272 2.51725e-272 2.65093e-272 2.7957e-272 2.95181e-272 3.11951e-272 3.29906e-272 3.4907e-272 3.69471e-272 3.91137e-272 4.14095e-272 4.38371e-272 4.63995e-272 4.90991e-272 5.19387e-272 5.49209e-272 5.80482e-272 6.13229e-272 6.47473e-272 6.83235e-272 7.20533e-272 7.59386e-272 7.99808e-272 8.41811e-272 8.85407e-272 9.30601e-272 9.77399e-272 1.0258e-271 1.0758e-271 1.1274e-271 1.18058e-271 1.23534e-271 1.29165e-271 1.34948e-271 1.40882e-271 1.46963e-271 1.53188e-271 1.59552e-271 1.66051e-271 1.72679e-271 1.79431e-271 1.86301e-271 1.93281e-271 2.00366e-271 2.07547e-271 2.14816e-271 2.22164e-271 2.29583e-271 2.37062e-271 2.44591e-271 2.5216e-271 2.59758e-271 2.67374e-271 2.74995e-271 2.8261e-271 2.90206e-271 2.97771e-271 3.05291e-271 3.12754e-271 3.20145e-271 3.27452e-271 3.34661e-271 3.41757e-271 3.48728e-271 3.5556e-271 3.62238e-271 3.6875e-271 3.75082e-271 3.81221e-271 3.87154e-271 3.92867e-271 3.9835e-271 4.03589e-271 4.08573e-271 4.13292e-271 4.17734e-271 4.2189e-271 4.25749e-271 4.29304e-271 4.32546e-271 4.35468e-271 4.38062e-271 4.40323e-271 4.42245e-271 4.43824e-271 4.45056e-271 4.45938e-271 4.46468e-271 4.46644e-271 4.46468e-271 4.45938e-271 4.45056e-271 4.43824e-271 4.42245e-271 4.40323e-271 4.38062e-271 4.35468e-271 4.32546e-271 4.29304e-271 4.25749e-271 4.2189e-271 4.17734e-271 4.13292e-271 4.08573e-271 4.03589e-271 3.9835e-271 3.92867e-271 3.87154e-271 3.81221e-271 3.75082e-271 3.6875e-271 3.62238e-271 3.5556e-271 3.48728e-271 3.41757e-271 3.34661e-271 3.27452e-271 3.20145e-271 3.12754e-271 3.05291e-271 2.97771e-271 2.90206e-271 2.8261e-271 2.74995e-271 2.67374e-271 2.59758e-271 2.5216e-271 2.44591e-271 2.37062e-271 2.29583e-271 2.22164e-271 2.14816e-271 2.07547e-271 2.00366e-271 1.93281e-271 1.86301e-271 1.79431e-271 1.72679e-271 1.66051e-271 1.59552e-271 1.53188e-271 1.46963e-271 1.40882e-271 1.34948e-271 1.29165e-271 1.23534e-271 1.18058e-271 1.1274e-271 1.0758e-271 1.0258e-271 9.77399e-272 9.30601e-272 8.85407e-272 8.41811e-272 7.99808e-272 7.59386e-272 7.20533e-272 6.83235e-272 6.47473e-272 6.13229e-272 5.80482e-272 5.49209e-272 5.19387e-272 4.90991e-272 4.63995e-272 4.38371e-272 4.14095e-272 3.91137e-272 3.69471e-272 3.4907e-272 3.29906e-272 3.11951e-272 2.95181e-272 2.7957e-272 2.65093e-272 2.51725e-272 2.39445e-272 2.28231e-272 2.18063e-272 2.08922e-272 2.00791e-272 1.93654e-272 1.87498e-272 1.8231e-272 1.78079e-272 1.74798e-272 1.72459e-272 1.71057e-272 
1.7934e-272 1.79831e-272 1.81304e-272 1.83763e-272 1.87213e-272 1.9166e-272 1.97114e-272 2.03586e-272 2.11089e-272 2.19637e-272 2.29247e-272 2.39936e-272 2.51725e-272 2.64635e-272 2.78688e-272 2.93907e-272 3.10319e-272 3.27949e-272 3.46824e-272 3.66971e-272 3.88418e-272 4.11195e-272 4.3533e-272 4.60851e-272 4.87788e-272 5.16168e-272 5.46021e-272 5.77372e-272 6.10248e-272 6.44674e-272 6.80673e-272 7.18268e-272 7.57479e-272 7.98324e-272 8.40818e-272 8.84975e-272 9.30805e-272 9.78317e-272 1.02751e-271 1.0784e-271 1.13096e-271 1.18521e-271 1.24112e-271 1.29868e-271 1.35787e-271 1.41867e-271 1.48106e-271 1.54498e-271 1.61042e-271 1.67732e-271 1.74564e-271 1.81532e-271 1.8863e-271 1.95852e-271 2.03191e-271 2.10639e-271 2.18188e-271 2.2583e-271 2.33555e-271 2.41353e-271 2.49216e-271 2.57131e-271 2.65088e-271 2.73076e-271 2.81081e-271 2.89093e-271 2.97099e-271 3.05084e-271 3.13037e-271 3.20942e-271 3.28787e-271 3.36558e-271 3.44239e-271 3.51817e-271 3.59278e-271 3.66606e-271 3.73788e-271 3.80809e-271 3.87655e-271 3.94311e-271 4.00764e-271 4.07001e-271 4.13007e-271 4.18771e-271 4.24279e-271 4.29519e-271 4.34479e-271 4.39149e-271 4.43518e-271 4.47575e-271 4.51312e-271 4.54721e-271 4.57792e-271 4.60519e-271 4.62895e-271 4.64916e-271 4.66576e-271 4.67871e-271 4.68798e-271 4.69355e-271 4.69541e-271 4.69355e-271 4.68798e-271 4.67871e-271 4.66576e-271 4.64916e-271 4.62895e-271 4.60519e-271 4.57792e-271 4.54721e-271 4.51312e-271 4.47575e-271 4.43518e-271 4.39149e-271 4.34479e-271 4.29519e-271 4.24279e-271 4.18771e-271 4.13007e-271 4.07001e-271 4.00764e-271 3.94311e-271 3.87655e-271 3.80809e-271 3.73788e-271 3.66606e-271 3.59278e-271 3.51817e-271 3.44239e-271 3.36558e-271 3.28787e-271 3.20942e-271 3.13037e-271 3.05084e-271 2.97099e-271 2.89093e-271 2.81081e-271 2.73076e-271 2.65088e-271 2.57131e-271 2.49216e-271 2.41353e-271 2.33555e-271 2.2583e-271 2.18188e-271 2.10639e-271 2.03191e-271 1.95852e-271 1.8863e-271 1.81532e-271 1.74564e-271 1.67732e-271 1.61042e-271 1.54498e-271 1.48106e-271 1.41867e-271 1.35787e-271 1.29868e-271 1.24112e-271 1.18521e-271 1.13096e-271 1.0784e-271 1.02751e-271 9.78317e-272 9.30805e-272 8.84975e-272 8.40818e-272 7.98324e-272 7.57479e-272 7.18268e-272 6.80673e-272 6.44674e-272 6.10248e-272 5.77372e-272 5.46021e-272 5.16168e-272 4.87788e-272 4.60851e-272 4.3533e-272 4.11195e-272 3.88418e-272 3.66971e-272 3.46824e-272 3.27949e-272 3.10319e-272 2.93907e-272 2.78688e-272 2.64635e-272 2.51725e-272 2.39936e-272 2.29247e-272 2.19637e-272 2.11089e-272 2.03586e-272 1.97114e-272 1.9166e-272 1.87213e-272 1.83763e-272 1.81304e-272 1.79831e-272 
1.88864e-272 1.89381e-272 1.90933e-272 1.93522e-272 1.97155e-272 2.01838e-272 2.07582e-272 2.14398e-272 2.22299e-272 2.31301e-272 2.41421e-272 2.52678e-272 2.65093e-272 2.78688e-272 2.93487e-272 3.09514e-272 3.26798e-272 3.45363e-272 3.6524e-272 3.86457e-272 4.09043e-272 4.33029e-272 4.58445e-272 4.85321e-272 5.13688e-272 5.43575e-272 5.75013e-272 6.08028e-272 6.42649e-272 6.78903e-272 7.16814e-272 7.56404e-272 7.97697e-272 8.4071e-272 8.8546e-272 9.31961e-272 9.80224e-272 1.03026e-271 1.08207e-271 1.13565e-271 1.19101e-271 1.24813e-271 1.30701e-271 1.36762e-271 1.42996e-271 1.49399e-271 1.55968e-271 1.62701e-271 1.69592e-271 1.76637e-271 1.83831e-271 1.91169e-271 1.98644e-271 2.06249e-271 2.13978e-271 2.21821e-271 2.29771e-271 2.37818e-271 2.45953e-271 2.54166e-271 2.62445e-271 2.70781e-271 2.7916e-271 2.87572e-271 2.96003e-271 3.0444e-271 3.1287e-271 3.2128e-271 3.29654e-271 3.37979e-271 3.46241e-271 3.54423e-271 3.62513e-271 3.70493e-271 3.78349e-271 3.86067e-271 3.9363e-271 4.01023e-271 4.08232e-271 4.15242e-271 4.22038e-271 4.28606e-271 4.34931e-271 4.41e-271 4.468e-271 4.52318e-271 4.57542e-271 4.6246e-271 4.67061e-271 4.71334e-271 4.75269e-271 4.78858e-271 4.82092e-271 4.84964e-271 4.87467e-271 4.89595e-271 4.91343e-271 4.92706e-271 4.93683e-271 4.9427e-271 4.94465e-271 4.9427e-271 4.93683e-271 4.92706e-271 4.91343e-271 4.89595e-271 4.87467e-271 4.84964e-271 4.82092e-271 4.78858e-271 4.75269e-271 4.71334e-271 4.67061e-271 4.6246e-271 4.57542e-271 4.52318e-271 4.468e-271 4.41e-271 4.34931e-271 4.28606e-271 4.22038e-271 4.15242e-271 4.08232e-271 4.01023e-271 3.9363e-271 3.86067e-271 3.78349e-271 3.70493e-271 3.62513e-271 3.54423e-271 3.46241e-271 3.37979e-271 3.29654e-271 3.2128e-271 3.1287e-271 3.0444e-271 2.96003e-271 2.87572e-271 2.7916e-271 2.70781e-271 2.62445e-271 2.54166e-271 2.45953e-271 2.37818e-271 2.29771e-271 2.21821e-271 2.13978e-271 2.06249e-271 1.98644e-271 1.91169e-271 1.83831e-271 1.76637e-271 1.69592e-271 1.62701e-271 1.55968e-271 1.49399e-271 1.42996e-271 1.36762e-271 1.30701e-271 1.24813e-271 1.19101e-271 1.13565e-271 1.08207e-271 1.03026e-271 9.80224e-272 9.31961e-272 8.8546e-272 8.4071e-272 7.97697e-272 7.56404e-272 7.16814e-272 6.78903e-272 6.42649e-272 6.08028e-272 5.75013e-272 5.43575e-272 5.13688e-272 4.85321e-272 4.58445e-272 4.33029e-272 4.09043e-272 3.86457e-272 3.6524e-272 3.45363e-272 3.26798e-272 3.09514e-272 2.93487e-272 2.78688e-272 2.65093e-272 2.52678e-272 2.41421e-272 2.31301e-272 2.22299e-272 2.14398e-272 2.07582e-272 2.01838e-272 1.97155e-272 1.93522e-272 1.90933e-272 1.89381e-272 
