8.38754e-58 1.02212e-57 1.64978e-57 2.98614e-57 5.58975e-57 1.05384e-56 1.98586e-56 3.73241e-56 6.99245e-56 1.30551e-55 2.42885e-55 4.50261e-55 8.31659e-55 1.53046e-54 2.80587e-54 5.1246e-54 9.3234e-54 1.68961e-53 3.04978e-53 5.48274e-53 9.81627e-53 1.7502e-52 3.10739e-52 5.49342e-52 9.66943e-52 1.6945e-51 2.95621e-51 5.13399e-51 8.87502e-51 1.52704e-50 2.61495e-50 4.45638e-50 7.55742e-50 1.27528e-49 2.14114e-49 3.57653e-49 5.9432e-49 9.82401e-49 1.61522e-48 2.64129e-48 4.29543e-48 6.94653e-48 1.11703e-47 1.78591e-47 2.83868e-47 4.48539e-47 7.04486e-47 1.09976e-46 1.70621e-46 2.63054e-46 4.02989e-46 6.13394e-46 9.27565e-46 1.39338e-45 2.0791e-45 3.0812e-45 4.53489e-45 6.62788e-45 9.61841e-45 1.38584e-44 1.98228e-44 2.8146e-44 3.96671e-44 5.54837e-44 7.70163e-44 1.06082e-43 1.44979e-43 1.96578e-43 2.64417e-43 3.52802e-43 4.66901e-43 6.12819e-43 7.97657e-43 1.02954e-42 1.31757e-42 1.67177e-42 2.1029e-42 2.62219e-42 3.24104e-42 3.9705e-42 4.8208e-42 5.80064e-42 6.91652e-42 8.172e-42 9.5669e-42 1.10967e-41 1.27518e-41 1.45171e-41 1.63721e-41 1.82903e-41 2.02402e-41 2.21854e-41 2.40861e-41 2.58998e-41 2.75833e-41 2.90942e-41 3.03926e-41 3.14429e-41 3.22156e-41 3.26884e-41 3.28476e-41 3.26884e-41 3.22156e-41 3.14429e-41 3.03926e-41 2.90942e-41 2.75833e-41 2.58998e-41 2.40861e-41 2.21854e-41 2.02402e-41 1.82903e-41 1.63721e-41 1.45171e-41 1.27518e-41 1.10967e-41 9.5669e-42 8.172e-42 6.91652e-42 5.80064e-42 4.8208e-42 3.9705e-42 3.24104e-42 2.62219e-42 2.1029e-42 1.67177e-42 1.31757e-42 1.02954e-42 7.97657e-43 6.12819e-43 4.66901e-43 3.52802e-43 2.64417e-43 1.96578e-43 1.44979e-43 1.06082e-43 7.70163e-44 5.54837e-44 3.96671e-44 2.8146e-44 1.98228e-44 1.38584e-44 9.61841e-45 6.62788e-45 4.53489e-45 3.0812e-45 2.0791e-45 1.39338e-45 9.27565e-46 6.13394e-46 4.02989e-46 2.63054e-46 1.70621e-46 1.09976e-46 7.04486e-47 4.48539e-47 2.83868e-47 1.78591e-47 1.11703e-47 6.94653e-48 4.29543e-48 2.64129e-48 1.61522e-48 9.82401e-49 5.9432e-49 3.57653e-49 2.14114e-49 1.27528e-49 7.55742e-50 4.45638e-50 2.61495e-50 1.52704e-50 8.87502e-51 5.13399e-51 2.95621e-51 1.6945e-51 9.66943e-52 5.49342e-52 3.10739e-52 1.7502e-52 9.81627e-53 5.48274e-53 3.04978e-53 1.68961e-53 9.3234e-54 5.1246e-54 2.80587e-54 1.53046e-54 8.31659e-55 4.50261e-55 2.42885e-55 1.30551e-55 6.99245e-56 3.73241e-56 1.98586e-56 1.05384e-56 5.58975e-57 2.98614e-57 1.64978e-57 1.02212e-57 
1.02212e-57 1.24667e-57 2.0158e-57 3.65517e-57 6.85358e-57 1.2942e-56 2.44269e-56 4.59836e-56 8.62859e-56 1.61358e-55 3.00687e-55 5.58324e-55 1.03295e-54 1.90402e-54 3.49653e-54 6.39666e-54 1.16572e-53 2.1161e-53 3.82608e-53 6.89002e-53 1.23569e-52 2.20696e-52 3.92509e-52 6.95096e-52 1.22562e-51 2.15154e-51 3.7601e-51 6.5415e-51 1.1328e-50 1.95251e-50 3.34944e-50 5.71815e-50 9.71433e-50 1.64215e-49 2.76197e-49 4.62172e-49 7.69361e-49 1.27399e-48 2.09834e-48 3.43738e-48 5.59994e-48 9.07211e-48 1.46139e-47 2.34057e-47 3.72682e-47 5.89898e-47 9.28115e-47 1.45136e-46 2.25556e-46 3.48343e-46 5.34555e-46 8.15022e-46 1.23452e-45 1.85756e-45 2.77627e-45 4.12111e-45 6.07519e-45 8.89321e-45 1.29262e-44 1.86533e-44 2.67221e-44 3.79996e-44 5.36338e-44 7.51293e-44 1.04436e-43 1.44053e-43 1.97146e-43 2.67673e-43 3.60525e-43 4.81661e-43 6.3824e-43 8.38738e-43 1.09303e-42 1.41242e-42 1.80961e-42 2.29861e-42 2.89444e-42 3.61289e-42 4.46993e-42 5.48116e-42 6.66099e-42 8.02178e-42 9.57283e-42 1.13193e-41 1.32613e-41 1.53925e-41 1.76999e-41 2.01626e-41 2.27518e-41 2.54308e-41 2.81554e-41 3.08748e-41 3.3533e-41 3.60705e-41 3.84266e-41 4.05417e-41 4.23597e-41 4.38307e-41 4.49129e-41 4.55752e-41 4.57982e-41 4.55752e-41 4.49129e-41 4.38307e-41 4.23597e-41 4.05417e-41 3.84266e-41 3.60705e-41 3.3533e-41 3.08748e-41 2.81554e-41 2.54308e-41 2.27518e-41 2.01626e-41 1.76999e-41 1.53925e-41 1.32613e-41 1.13193e-41 9.57283e-42 8.02178e-42 6.66099e-42 5.48116e-42 4.46993e-42 3.61289e-42 2.89444e-42 2.29861e-42 1.80961e-42 1.41242e-42 1.09303e-42 8.38738e-43 6.3824e-43 4.81661e-43 3.60525e-43 2.67673e-43 1.97146e-43 1.44053e-43 1.04436e-43 7.51293e-44 5.36338e-44 3.79996e-44 2.67221e-44 1.86533e-44 1.29262e-44 8.89321e-45 6.07519e-45 4.12111e-45 2.77627e-45 1.85756e-45 1.23452e-45 8.15022e-46 5.34555e-46 3.48343e-46 2.25556e-46 1.45136e-46 9.28115e-47 5.89898e-47 3.72682e-47 2.34057e-47 1.46139e-47 9.07211e-48 5.59994e-48 3.43738e-48 2.09834e-48 1.27399e-48 7.69361e-49 4.62172e-49 2.76197e-49 1.64215e-49 9.71433e-50 5.71815e-50 3.34944e-50 1.95251e-50 1.1328e-50 6.5415e-51 3.7601e-51 2.15154e-51 1.22562e-51 6.95096e-52 3.92509e-52 2.20696e-52 1.23569e-52 6.89002e-53 3.82608e-53 2.1161e-53 1.16572e-53 6.39666e-54 3.49653e-54 1.90402e-54 1.03295e-54 5.58324e-55 3.00687e-55 1.61358e-55 8.62859e-56 4.59836e-56 2.44269e-56 1.2942e-56 6.85358e-57 3.65517e-57 2.0158e-57 1.24667e-57 
1.64978e-57 2.0158e-57 3.27109e-57 5.95265e-57 1.11988e-56 2.12155e-56 4.01699e-56 7.58599e-56 1.428e-55 2.67893e-55 5.0081e-55 9.32901e-55 1.73151e-54 3.20197e-54 5.89914e-54 1.08271e-53 1.97955e-53 3.60517e-53 6.53976e-53 1.18155e-52 2.12601e-52 3.80958e-52 6.79769e-52 1.20778e-51 2.13664e-51 3.76323e-51 6.59853e-51 1.15176e-50 2.00112e-50 3.4606e-50 5.95614e-50 1.02019e-49 1.7389e-49 2.9492e-49 4.9767e-49 8.35513e-49 1.39542e-48 2.31825e-48 3.83078e-48 6.29578e-48 1.02899e-47 1.67239e-47 2.70266e-47 4.34245e-47 6.93635e-47 1.10139e-46 1.73833e-46 2.72683e-46 4.25093e-46 6.58522e-46 1.01363e-45 1.55012e-45 2.35502e-45 3.55405e-45 5.32737e-45 7.93088e-45 1.17249e-44 1.7212e-44 2.50871e-44 3.63016e-44 5.21451e-44 7.43489e-44 1.05212e-43 1.47758e-43 2.05912e-43 2.84725e-43 3.90604e-43 5.31591e-43 7.17642e-43 9.60924e-43 1.27609e-42 1.68054e-42 2.19459e-42 2.84156e-42 3.64773e-42 4.64214e-42 5.85607e-42 7.32243e-42 9.07468e-42 1.11456e-41 1.35656e-41 1.6361e-41 1.95519e-41 2.31498e-41 2.71554e-41 3.1557e-41 3.63278e-41 4.14252e-41 4.67899e-41 5.23458e-41 5.8001e-41 6.36497e-41 6.9175e-41 7.44529e-41 7.93561e-41 8.37598e-41 8.75465e-41 9.06112e-41 9.28666e-41 9.42471e-41 9.47118e-41 9.42471e-41 9.28666e-41 9.06112e-41 8.75465e-41 8.37598e-41 7.93561e-41 7.44529e-41 6.9175e-41 6.36497e-41 5.8001e-41 5.23458e-41 4.67899e-41 4.14252e-41 3.63278e-41 3.1557e-41 2.71554e-41 2.31498e-41 1.95519e-41 1.6361e-41 1.35656e-41 1.11456e-41 9.07468e-42 7.32243e-42 5.85607e-42 4.64214e-42 3.64773e-42 2.84156e-42 2.19459e-42 1.68054e-42 1.27609e-42 9.60924e-43 7.17642e-43 5.31591e-43 3.90604e-43 2.84725e-43 2.05912e-43 1.47758e-43 1.05212e-43 7.43489e-44 5.21451e-44 3.63016e-44 2.50871e-44 1.7212e-44 1.17249e-44 7.93088e-45 5.32737e-45 3.55405e-45 2.35502e-45 1.55012e-45 1.01363e-45 6.58522e-46 4.25093e-46 2.72683e-46 1.73833e-46 1.10139e-46 6.93635e-47 4.34245e-47 2.70266e-47 1.67239e-47 1.02899e-47 6.29578e-48 3.83078e-48 2.31825e-48 1.39542e-48 8.35513e-49 4.9767e-49 2.9492e-49 1.7389e-49 1.02019e-49 5.95614e-50 3.4606e-50 2.00112e-50 1.15176e-50 6.59853e-51 3.76323e-51 2.13664e-51 1.20778e-51 6.79769e-52 3.80958e-52 2.12601e-52 1.18155e-52 6.53976e-53 3.60517e-53 1.97955e-53 1.08271e-53 5.89914e-54 3.20197e-54 1.73151e-54 9.32901e-55 5.0081e-55 2.67893e-55 1.428e-55 7.58599e-56 4.01699e-56 2.12155e-56 1.11988e-56 5.95265e-57 3.27109e-57 2.0158e-57 
2.98614e-57 3.65517e-57 5.95265e-57 1.08715e-56 2.05214e-56 3.90018e-56 7.40812e-56 1.40343e-55 2.6502e-55 4.98754e-55 9.35353e-55 1.74791e-54 3.25455e-54 6.03765e-54 1.1159e-53 2.05466e-53 3.76864e-53 6.8855e-53 1.25304e-52 2.27117e-52 4.09977e-52 7.37002e-52 1.31932e-51 2.35166e-51 4.17363e-51 7.37462e-51 1.29724e-50 2.27159e-50 3.95945e-50 6.86917e-50 1.18606e-49 2.03804e-49 3.48488e-49 5.92924e-49 1.00372e-48 1.69043e-48 2.83215e-48 4.71994e-48 7.82388e-48 1.28984e-47 2.11468e-47 3.44755e-47 5.5885e-47 9.00664e-47 1.44303e-46 2.29822e-46 3.63812e-46 5.72389e-46 8.94939e-46 1.39042e-45 2.14637e-45 3.2918e-45 5.01522e-45 7.58984e-45 1.14083e-44 1.703e-44 2.52446e-44 3.71573e-44 5.43e-44 7.87756e-44 1.13444e-43 1.62152e-43 2.30025e-43 3.23817e-43 4.52327e-43 6.26894e-43 8.61952e-43 1.17565e-42 1.59053e-42 2.13418e-42 2.83993e-42 3.74744e-42 4.90313e-42 6.36042e-42 8.17967e-42 1.04277e-41 1.31767e-41 1.65028e-41 2.04837e-41 2.51958e-41 3.07102e-41 3.7089e-41 4.43798e-41 5.26108e-41 6.17859e-41 7.18789e-41 8.28303e-41 9.4543e-41 1.06881e-40 1.1967e-40 1.32697e-40 1.45719e-40 1.58464e-40 1.70646e-40 1.81968e-40 1.92141e-40 2.00892e-40 2.07977e-40 2.13192e-40 2.16384e-40 2.17459e-40 2.16384e-40 2.13192e-40 2.07977e-40 2.00892e-40 1.92141e-40 1.81968e-40 1.70646e-40 1.58464e-40 1.45719e-40 1.32697e-40 1.1967e-40 1.06881e-40 9.4543e-41 8.28303e-41 7.18789e-41 6.17859e-41 5.26108e-41 4.43798e-41 3.7089e-41 3.07102e-41 2.51958e-41 2.04837e-41 1.65028e-41 1.31767e-41 1.04277e-41 8.17967e-42 6.36042e-42 4.90313e-42 3.74744e-42 2.83993e-42 2.13418e-42 1.59053e-42 1.17565e-42 8.61952e-43 6.26894e-43 4.52327e-43 3.23817e-43 2.30025e-43 1.62152e-43 1.13444e-43 7.87756e-44 5.43e-44 3.71573e-44 2.52446e-44 1.703e-44 1.14083e-44 7.58984e-45 5.01522e-45 3.2918e-45 2.14637e-45 1.39042e-45 8.94939e-46 5.72389e-46 3.63812e-46 2.29822e-46 1.44303e-46 9.00664e-47 5.5885e-47 3.44755e-47 2.11468e-47 1.28984e-47 7.82388e-48 4.71994e-48 2.83215e-48 1.69043e-48 1.00372e-48 5.92924e-49 3.48488e-49 2.03804e-49 1.18606e-49 6.86917e-50 3.95945e-50 2.27159e-50 1.29724e-50 7.37462e-51 4.17363e-51 2.35166e-51 1.31932e-51 7.37002e-52 4.09977e-52 2.27117e-52 1.25304e-52 6.8855e-53 3.76864e-53 2.05466e-53 1.1159e-53 6.03765e-54 3.25455e-54 1.74791e-54 9.35353e-55 4.98754e-55 2.6502e-55 1.40343e-55 7.40812e-56 3.90018e-56 2.05214e-56 1.08715e-56 5.95265e-57 3.65517e-57 
5.58975e-57 6.85358e-57 1.11988e-56 2.05214e-56 3.88577e-56 7.40726e-56 1.41112e-55 2.68119e-55 5.07801e-55 9.58481e-55 1.80284e-54 3.37899e-54 6.31028e-54 1.17413e-53 2.17656e-53 4.01958e-53 7.39475e-53 1.35511e-52 2.47346e-52 4.49667e-52 8.1415e-52 1.46797e-51 2.63575e-51 4.71231e-51 8.38838e-51 1.48665e-50 2.62298e-50 4.60689e-50 8.05405e-50 1.40147e-49 2.4271e-49 4.18303e-49 7.17398e-49 1.22423e-48 2.07858e-48 3.51105e-48 5.8998e-48 9.86131e-48 1.63943e-47 2.71065e-47 4.45701e-47 7.28725e-47 1.18467e-46 1.91472e-46 3.07646e-46 4.91354e-46 7.80003e-46 1.2306e-45 1.92937e-45 3.00576e-45 4.65255e-45 7.15457e-45 1.09293e-44 1.65834e-44 2.49912e-44 3.74018e-44 5.55833e-44 8.20166e-44 1.2015e-43 1.74729e-43 2.52223e-43 3.6136e-43 5.13795e-43 7.24922e-43 1.01485e-42 1.40955e-42 1.94217e-42 2.65448e-42 3.59845e-42 4.83791e-42 6.45007e-42 8.52702e-42 1.11768e-41 1.45241e-41 1.87099e-41 2.38909e-41 3.02368e-41 3.79267e-41 4.71443e-41 5.80703e-41 7.08743e-41 8.57045e-41 1.02676e-40 1.21859e-40 1.43266e-40 1.66839e-40 1.92443e-40 2.19851e-40 2.48748e-40 2.78724e-40 3.09281e-40 3.39845e-40 3.69779e-40 3.98404e-40 4.25022e-40 4.48948e-40 4.69536e-40 4.86207e-40 4.98482e-40 5.05996e-40 5.08527e-40 5.05996e-40 4.98482e-40 4.86207e-40 4.69536e-40 4.48948e-40 4.25022e-40 3.98404e-40 3.69779e-40 3.39845e-40 3.09281e-40 2.78724e-40 2.48748e-40 2.19851e-40 1.92443e-40 1.66839e-40 1.43266e-40 1.21859e-40 1.02676e-40 8.57045e-41 7.08743e-41 5.80703e-41 4.71443e-41 3.79267e-41 3.02368e-41 2.38909e-41 1.87099e-41 1.45241e-41 1.11768e-41 8.52702e-42 6.45007e-42 4.83791e-42 3.59845e-42 2.65448e-42 1.94217e-42 1.40955e-42 1.01485e-42 7.24922e-43 5.13795e-43 3.6136e-43 2.52223e-43 1.74729e-43 1.2015e-43 8.20166e-44 5.55833e-44 3.74018e-44 2.49912e-44 1.65834e-44 1.09293e-44 7.15457e-45 4.65255e-45 3.00576e-45 1.92937e-45 1.2306e-45 7.80003e-46 4.91354e-46 3.07646e-46 1.91472e-46 1.18467e-46 7.28725e-47 4.45701e-47 2.71065e-47 1.63943e-47 9.86131e-48 5.8998e-48 3.51105e-48 2.07858e-48 1.22423e-48 7.17398e-49 4.18303e-49 2.4271e-49 1.40147e-49 8.05405e-50 4.60689e-50 2.62298e-50 1.48665e-50 8.38838e-51 4.71231e-51 2.63575e-51 1.46797e-51 8.1415e-52 4.49667e-52 2.47346e-52 1.35511e-52 7.39475e-53 4.01958e-53 2.17656e-53 1.17413e-53 6.31028e-54 3.37899e-54 1.80284e-54 9.58481e-55 5.07801e-55 2.68119e-55 1.41112e-55 7.40726e-56 3.88577e-56 2.05214e-56 1.11988e-56 6.85358e-57 
1.05384e-56 1.2942e-56 2.12155e-56 3.90018e-56 7.40726e-56 1.41609e-55 2.70542e-55 5.155e-55 9.79105e-55 1.85334e-54 3.49597e-54 6.57113e-54 1.23069e-53 2.29649e-53 4.2694e-53 7.90735e-53 1.45891e-52 2.68125e-52 4.90827e-52 8.94903e-52 1.625e-51 2.93853e-51 5.29154e-51 9.48807e-51 1.69391e-50 3.01084e-50 5.32771e-50 9.38469e-50 1.64548e-49 2.87164e-49 4.98766e-49 8.62108e-49 1.48283e-48 2.53778e-48 4.32129e-48 7.32041e-48 1.23363e-47 2.06789e-47 3.44768e-47 5.71669e-47 9.42639e-47 1.54558e-46 2.51967e-46 4.0838e-46 6.57983e-46 1.05379e-45 1.67744e-45 2.65367e-45 4.17174e-45 6.51652e-45 1.01135e-44 1.55931e-44 2.38818e-44 3.63299e-44 5.48882e-44 8.23513e-44 1.22686e-43 1.81473e-43 2.66486e-43 3.88457e-43 5.62046e-43 8.07087e-43 1.15012e-42 1.6263e-42 2.28165e-42 3.17574e-42 4.38477e-42 6.00501e-42 8.15651e-42 1.0987e-41 1.46756e-41 1.94364e-41 2.55211e-41 3.32209e-41 4.28658e-41 5.48231e-41 6.94918e-41 8.72941e-41 1.08664e-40 1.3403e-40 1.63795e-40 1.98314e-40 2.37866e-40 2.82622e-40 3.32621e-40 3.87737e-40 4.47656e-40 5.11857e-40 5.79601e-40 6.49928e-40 7.21671e-40 7.93475e-40 8.6384e-40 9.31161e-40 9.93792e-40 1.05011e-39 1.09859e-39 1.13785e-39 1.16677e-39 1.18447e-39 1.19043e-39 1.18447e-39 1.16677e-39 1.13785e-39 1.09859e-39 1.05011e-39 9.93792e-40 9.31161e-40 8.6384e-40 7.93475e-40 7.21671e-40 6.49928e-40 5.79601e-40 5.11857e-40 4.47656e-40 3.87737e-40 3.32621e-40 2.82622e-40 2.37866e-40 1.98314e-40 1.63795e-40 1.3403e-40 1.08664e-40 8.72941e-41 6.94918e-41 5.48231e-41 4.28658e-41 3.32209e-41 2.55211e-41 1.94364e-41 1.46756e-41 1.0987e-41 8.15651e-42 6.00501e-42 4.38477e-42 3.17574e-42 2.28165e-42 1.6263e-42 1.15012e-42 8.07087e-43 5.62046e-43 3.88457e-43 2.66486e-43 1.81473e-43 1.22686e-43 8.23513e-44 5.48882e-44 3.63299e-44 2.38818e-44 1.55931e-44 1.01135e-44 6.51652e-45 4.17174e-45 2.65367e-45 1.67744e-45 1.05379e-45 6.57983e-46 4.0838e-46 2.51967e-46 1.54558e-46 9.42639e-47 5.71669e-47 3.44768e-47 2.06789e-47 1.23363e-47 7.32041e-48 4.32129e-48 2.53778e-48 1.48283e-48 8.62108e-49 4.98766e-49 2.87164e-49 1.64548e-49 9.38469e-50 5.32771e-50 3.01084e-50 1.69391e-50 9.48807e-51 5.29154e-51 2.93853e-51 1.625e-51 8.94903e-52 4.90827e-52 2.68125e-52 1.45891e-52 7.90735e-53 4.2694e-53 2.29649e-53 1.23069e-53 6.57113e-54 3.49597e-54 1.85334e-54 9.79105e-55 5.155e-55 2.70542e-55 1.41609e-55 7.40726e-56 3.90018e-56 2.12155e-56 1.2942e-56 
1.98586e-56 2.44269e-56 4.01699e-56 7.40812e-56 1.41112e-55 2.70542e-55 5.1832e-55 9.90396e-55 1.88637e-54 3.58076e-54 6.7735e-54 1.27677e-53 2.39802e-53 4.48751e-53 8.36655e-53 1.554e-52 2.87536e-52 5.29965e-52 9.72941e-52 1.77903e-51 3.23976e-51 5.8755e-51 1.06109e-50 1.90811e-50 3.41644e-50 6.09016e-50 1.08079e-49 1.90932e-49 3.35745e-49 5.87629e-49 1.02359e-48 1.77438e-48 3.06077e-48 5.25344e-48 8.97124e-48 1.52413e-47 2.57581e-47 4.33008e-47 7.23984e-47 1.20386e-46 1.99069e-46 3.27317e-46 5.351e-46 8.69686e-46 1.40512e-45 2.25655e-45 3.6018e-45 5.7134e-45 9.00597e-45 1.41054e-44 2.1949e-44 3.39296e-44 5.20997e-44 7.94585e-44 1.20352e-43 1.81019e-43 2.70345e-43 4.00854e-43 5.90046e-43 8.62133e-43 1.25028e-42 1.79946e-42 2.57e-42 3.642e-42 5.12055e-42 7.14205e-42 9.88131e-42 1.35597e-41 1.84539e-41 2.49051e-41 3.33279e-41 4.42189e-41 5.81633e-41 7.58392e-41 9.80174e-41 1.25557e-40 1.59393e-40 2.0052e-40 2.49958e-40 3.08721e-40 3.77768e-40 4.57942e-40 5.49913e-40 6.54105e-40 7.70626e-40 8.99201e-40 1.03911e-39 1.18916e-39 1.34761e-39 1.51223e-39 1.68028e-39 1.84859e-39 2.01361e-39 2.17157e-39 2.31859e-39 2.45085e-39 2.56472e-39 2.65698e-39 2.72493e-39 2.76655e-39 2.78056e-39 2.76655e-39 2.72493e-39 2.65698e-39 2.56472e-39 2.45085e-39 2.31859e-39 2.17157e-39 2.01361e-39 1.84859e-39 1.68028e-39 1.51223e-39 1.34761e-39 1.18916e-39 1.03911e-39 8.99201e-40 7.70626e-40 6.54105e-40 5.49913e-40 4.57942e-40 3.77768e-40 3.08721e-40 2.49958e-40 2.0052e-40 1.59393e-40 1.25557e-40 9.80174e-41 7.58392e-41 5.81633e-41 4.42189e-41 3.33279e-41 2.49051e-41 1.84539e-41 1.35597e-41 9.88131e-42 7.14205e-42 5.12055e-42 3.642e-42 2.57e-42 1.79946e-42 1.25028e-42 8.62133e-43 5.90046e-43 4.00854e-43 2.70345e-43 1.81019e-43 1.20352e-43 7.94585e-44 5.20997e-44 3.39296e-44 2.1949e-44 1.41054e-44 9.00597e-45 5.7134e-45 3.6018e-45 2.25655e-45 1.40512e-45 8.69686e-46 5.351e-46 3.27317e-46 1.99069e-46 1.20386e-46 7.23984e-47 4.33008e-47 2.57581e-47 1.52413e-47 8.97124e-48 5.25344e-48 3.06077e-48 1.77438e-48 1.02359e-48 5.87629e-49 3.35745e-49 1.90932e-49 1.08079e-49 6.09016e-50 3.41644e-50 1.90811e-50 1.06109e-50 5.8755e-51 3.23976e-51 1.77903e-51 9.72941e-52 5.29965e-52 2.87536e-52 1.554e-52 8.36655e-53 4.48751e-53 2.39802e-53 1.27677e-53 6.7735e-54 3.58076e-54 1.88637e-54 9.90396e-55 5.1832e-55 2.70542e-55 1.41112e-55 7.40812e-56 4.01699e-56 2.44269e-56 
3.73241e-56 4.59836e-56 7.58599e-56 1.40343e-55 2.68119e-55 5.155e-55 9.90396e-55 1.89773e-54 3.62468e-54 6.89981e-54 1.30887e-53 2.47415e-53 4.6601e-53 8.74543e-53 1.63516e-52 3.04582e-52 5.65183e-52 1.04469e-51 1.92343e-51 3.52716e-51 6.44179e-51 1.17164e-50 2.12205e-50 3.82706e-50 6.87214e-50 1.22859e-49 2.18664e-49 3.87414e-49 6.83228e-49 1.19927e-48 2.09508e-48 3.64231e-48 6.3011e-48 1.08463e-47 1.85756e-47 3.16489e-47 5.3641e-47 9.04315e-47 1.51632e-46 2.52855e-46 4.19299e-46 6.91371e-46 1.13342e-45 1.84726e-45 2.99282e-45 4.81955e-45 7.71375e-45 1.22692e-44 1.93919e-44 3.0453e-44 4.75122e-44 7.36383e-44 1.13366e-43 1.73339e-43 2.6321e-43 3.96878e-43 5.94179e-43 8.83154e-43 1.30308e-42 1.90845e-42 2.77405e-42 4.00159e-42 5.72783e-42 8.13473e-42 1.14617e-41 1.60199e-41 2.22095e-41 3.05379e-41 4.1641e-41 5.63043e-41 7.54849e-41 1.00331e-40 1.322e-40 1.72664e-40 2.2352e-40 2.8677e-40 3.64602e-40 4.59341e-40 5.7339e-40 7.09135e-40 8.68841e-40 1.05452e-39 1.26776e-39 1.50961e-39 1.78037e-39 2.07943e-39 2.40517e-39 2.7548e-39 3.12432e-39 3.50852e-39 3.90099e-39 4.29429e-39 4.68014e-39 5.04966e-39 5.39375e-39 5.7034e-39 5.97009e-39 6.18621e-39 6.34542e-39 6.44294e-39 6.47578e-39 6.44294e-39 6.34542e-39 6.18621e-39 5.97009e-39 5.7034e-39 5.39375e-39 5.04966e-39 4.68014e-39 4.29429e-39 3.90099e-39 3.50852e-39 3.12432e-39 2.7548e-39 2.40517e-39 2.07943e-39 1.78037e-39 1.50961e-39 1.26776e-39 1.05452e-39 8.68841e-40 7.09135e-40 5.7339e-40 4.59341e-40 3.64602e-40 2.8677e-40 2.2352e-40 1.72664e-40 1.322e-40 1.00331e-40 7.54849e-41 5.63043e-41 4.1641e-41 3.05379e-41 2.22095e-41 1.60199e-41 1.14617e-41 8.13473e-42 5.72783e-42 4.00159e-42 2.77405e-42 1.90845e-42 1.30308e-42 8.83154e-43 5.94179e-43 3.96878e-43 2.6321e-43 1.73339e-43 1.13366e-43 7.36383e-44 4.75122e-44 3.0453e-44 1.93919e-44 1.22692e-44 7.71375e-45 4.81955e-45 2.99282e-45 1.84726e-45 1.13342e-45 6.91371e-46 4.19299e-46 2.52855e-46 1.51632e-46 9.04315e-47 5.3641e-47 3.16489e-47 1.85756e-47 1.08463e-47 6.3011e-48 3.64231e-48 2.09508e-48 1.19927e-48 6.83228e-49 3.87414e-49 2.18664e-49 1.22859e-49 6.87214e-50 3.82706e-50 2.12205e-50 1.17164e-50 6.44179e-51 3.52716e-51 1.92343e-51 1.04469e-51 5.65183e-52 3.04582e-52 1.63516e-52 8.74543e-53 4.6601e-53 2.47415e-53 1.30887e-53 6.89981e-54 3.62468e-54 1.89773e-54 9.90396e-55 5.155e-55 2.68119e-55 1.40343e-55 7.58599e-56 4.59836e-56 
6.99245e-56 8.62859e-56 1.428e-55 2.6502e-55 5.07801e-55 9.79105e-55 1.88637e-54 3.62468e-54 6.94262e-54 1.3253e-53 2.52116e-53 4.77922e-53 9.02733e-53 1.69896e-52 3.18567e-52 5.95098e-52 1.10744e-51 2.05291e-51 3.7906e-51 6.97126e-51 1.27688e-50 2.32913e-50 4.23073e-50 7.6522e-50 1.37808e-49 2.47089e-49 4.41051e-49 7.83699e-49 1.38613e-48 2.44017e-48 4.27527e-48 7.45422e-48 1.29331e-47 2.23267e-47 3.83478e-47 6.55253e-47 1.11377e-46 1.88306e-46 3.16648e-46 5.29533e-46 8.80598e-46 1.4561e-45 2.39381e-45 3.91236e-45 6.35617e-45 1.0264e-44 1.64727e-44 2.62722e-44 4.16358e-44 6.55595e-44 1.02555e-43 1.59365e-43 2.45976e-43 3.77066e-43 5.74012e-43 8.67676e-43 1.30222e-42 1.94024e-42 2.86963e-42 4.21261e-42 6.13743e-42 8.87334e-42 1.27294e-41 1.81178e-41 2.5582e-41 3.58303e-41 4.97751e-41 6.85764e-41 9.36906e-41 1.26921e-40 1.7047e-40 2.26983e-40 2.99596e-40 3.91952e-40 5.08213e-40 6.53038e-40 8.3152e-40 1.04909e-39 1.31138e-39 1.62398e-39 1.99224e-39 2.42089e-39 2.91378e-39 3.4734e-39 4.10055e-39 4.79395e-39 5.5499e-39 6.36199e-39 7.22097e-39 8.11471e-39 9.02832e-39 9.94444e-39 1.08437e-38 1.17053e-38 1.2508e-38 1.32306e-38 1.38531e-38 1.43577e-38 1.47295e-38 1.49573e-38 1.5034e-38 1.49573e-38 1.47295e-38 1.43577e-38 1.38531e-38 1.32306e-38 1.2508e-38 1.17053e-38 1.08437e-38 9.94444e-39 9.02832e-39 8.11471e-39 7.22097e-39 6.36199e-39 5.5499e-39 4.79395e-39 4.10055e-39 3.4734e-39 2.91378e-39 2.42089e-39 1.99224e-39 1.62398e-39 1.31138e-39 1.04909e-39 8.3152e-40 6.53038e-40 5.08213e-40 3.91952e-40 2.99596e-40 2.26983e-40 1.7047e-40 1.26921e-40 9.36906e-41 6.85764e-41 4.97751e-41 3.58303e-41 2.5582e-41 1.81178e-41 1.27294e-41 8.87334e-42 6.13743e-42 4.21261e-42 2.86963e-42 1.94024e-42 1.30222e-42 8.67676e-43 5.74012e-43 3.77066e-43 2.45976e-43 1.59365e-43 1.02555e-43 6.55595e-44 4.16358e-44 2.62722e-44 1.64727e-44 1.0264e-44 6.35617e-45 3.91236e-45 2.39381e-45 1.4561e-45 8.80598e-46 5.29533e-46 3.16648e-46 1.88306e-46 1.11377e-46 6.55253e-47 3.83478e-47 2.23267e-47 1.29331e-47 7.45422e-48 4.27527e-48 2.44017e-48 1.38613e-48 7.83699e-49 4.41051e-49 2.47089e-49 1.37808e-49 7.6522e-50 4.23073e-50 2.32913e-50 1.27688e-50 6.97126e-51 3.7906e-51 2.05291e-51 1.10744e-51 5.95098e-52 3.18567e-52 1.69896e-52 9.02733e-53 4.77922e-53 2.52116e-53 1.3253e-53 6.94262e-54 3.62468e-54 1.88637e-54 9.79105e-55 5.07801e-55 2.6502e-55 1.428e-55 8.62859e-56 
1.30551e-55 1.61358e-55 2.67893e-55 4.98754e-55 9.58481e-55 1.85334e-54 3.58076e-54 6.89981e-54 1.3253e-53 2.53704e-53 4.83998e-53 9.20099e-53 1.74291e-52 3.28956e-52 6.18586e-52 1.15887e-51 2.16281e-51 4.02088e-51 7.44588e-51 1.37334e-50 2.52276e-50 4.61512e-50 8.40756e-50 1.52513e-49 2.75463e-49 4.95347e-49 8.86775e-49 1.58031e-48 2.80328e-48 4.94938e-48 8.69685e-48 1.52078e-47 2.64624e-47 4.5816e-47 7.89208e-47 1.35244e-46 2.30547e-46 3.9091e-46 6.59226e-46 1.10559e-45 1.84379e-45 3.05741e-45 5.04054e-45 8.26116e-45 1.34588e-44 2.17935e-44 3.50725e-44 5.60891e-44 8.91293e-44 1.40718e-43 2.2071e-43 3.43869e-43 5.3213e-43 8.17811e-43 1.24811e-42 1.89135e-42 2.84554e-42 4.24997e-42 6.30072e-42 9.27112e-42 1.35384e-41 1.96177e-41 2.82052e-41 4.02316e-41 5.69269e-41 7.98979e-41 1.11218e-40 1.53531e-40 2.10161e-40 2.85235e-40 3.838e-40 5.1194e-40 6.76866e-40 8.86989e-40 1.15193e-39 1.48247e-39 1.89045e-39 2.38851e-39 2.98975e-39 3.70728e-39 4.55362e-39 5.53999e-39 6.67544e-39 7.96603e-39 9.41386e-39 1.10162e-38 1.27646e-38 1.46445e-38 1.66345e-38 1.87066e-38 2.08261e-38 2.29527e-38 2.50413e-38 2.70435e-38 2.89094e-38 3.05898e-38 3.2038e-38 3.32122e-38 3.40775e-38 3.46075e-38 3.47861e-38 3.46075e-38 3.40775e-38 3.32122e-38 3.2038e-38 3.05898e-38 2.89094e-38 2.70435e-38 2.50413e-38 2.29527e-38 2.08261e-38 1.87066e-38 1.66345e-38 1.46445e-38 1.27646e-38 1.10162e-38 9.41386e-39 7.96603e-39 6.67544e-39 5.53999e-39 4.55362e-39 3.70728e-39 2.98975e-39 2.38851e-39 1.89045e-39 1.48247e-39 1.15193e-39 8.86989e-40 6.76866e-40 5.1194e-40 3.838e-40 2.85235e-40 2.10161e-40 1.53531e-40 1.11218e-40 7.98979e-41 5.69269e-41 4.02316e-41 2.82052e-41 1.96177e-41 1.35384e-41 9.27112e-42 6.30072e-42 4.24997e-42 2.84554e-42 1.89135e-42 1.24811e-42 8.17811e-43 5.3213e-43 3.43869e-43 2.2071e-43 1.40718e-43 8.91293e-44 5.60891e-44 3.50725e-44 2.17935e-44 1.34588e-44 8.26116e-45 5.04054e-45 3.05741e-45 1.84379e-45 1.10559e-45 6.59226e-46 3.9091e-46 2.30547e-46 1.35244e-46 7.89208e-47 4.5816e-47 2.64624e-47 1.52078e-47 8.69685e-48 4.94938e-48 2.80328e-48 1.58031e-48 8.86775e-49 4.95347e-49 2.75463e-49 1.52513e-49 8.40756e-50 4.61512e-50 2.52276e-50 1.37334e-50 7.44588e-51 4.02088e-51 2.16281e-51 1.15887e-51 6.18586e-52 3.28956e-52 1.74291e-52 9.20099e-53 4.83998e-53 2.53704e-53 1.3253e-53 6.89981e-54 3.58076e-54 1.85334e-54 9.58481e-55 4.98754e-55 2.67893e-55 1.61358e-55 
2.42885e-55 3.00687e-55 5.0081e-55 9.35353e-55 1.80284e-54 3.49597e-54 6.7735e-54 1.30887e-53 2.52116e-53 4.83998e-53 9.25963e-53 1.76531e-52 3.35354e-52 6.34763e-52 1.19708e-51 2.24911e-51 4.20967e-51 7.84889e-51 1.45769e-50 2.69643e-50 4.96768e-50 9.11442e-50 1.66527e-49 3.02966e-49 5.4881e-49 9.89785e-49 1.77713e-48 3.1763e-48 5.65092e-48 1.00064e-47 1.76344e-47 3.09269e-47 5.3972e-47 9.3718e-47 1.61906e-46 2.7826e-46 4.75718e-46 8.08951e-46 1.36814e-45 2.30108e-45 3.84849e-45 6.39979e-45 1.05807e-44 1.739e-44 2.84102e-44 4.61316e-44 7.44442e-44 1.19378e-43 1.90213e-43 3.01115e-43 4.73538e-43 7.39713e-43 1.14766e-42 1.76831e-42 2.70555e-42 4.11013e-42 6.19888e-42 9.28077e-42 1.37918e-41 2.03412e-41 2.97719e-41 4.32379e-41 6.23024e-41 8.90596e-41 1.26284e-40 1.77607e-40 2.47729e-40 3.42648e-40 4.69932e-40 6.38988e-40 8.61349e-40 1.15094e-39 1.52431e-39 2.00079e-39 2.60253e-39 3.35444e-39 4.28387e-39 5.42013e-39 6.79368e-39 8.43505e-39 1.03735e-38 1.26353e-38 1.5242e-38 1.8208e-38 2.15388e-38 2.52285e-38 2.92582e-38 3.35945e-38 3.81884e-38 4.29751e-38 4.78746e-38 5.27935e-38 5.7627e-38 6.22629e-38 6.6585e-38 7.04787e-38 7.38354e-38 7.65576e-38 7.8564e-38 7.97933e-38 8.02074e-38 7.97933e-38 7.8564e-38 7.65576e-38 7.38354e-38 7.04787e-38 6.6585e-38 6.22629e-38 5.7627e-38 5.27935e-38 4.78746e-38 4.29751e-38 3.81884e-38 3.35945e-38 2.92582e-38 2.52285e-38 2.15388e-38 1.8208e-38 1.5242e-38 1.26353e-38 1.03735e-38 8.43505e-39 6.79368e-39 5.42013e-39 4.28387e-39 3.35444e-39 2.60253e-39 2.00079e-39 1.52431e-39 1.15094e-39 8.61349e-40 6.38988e-40 4.69932e-40 3.42648e-40 2.47729e-40 1.77607e-40 1.26284e-40 8.90596e-41 6.23024e-41 4.32379e-41 2.97719e-41 2.03412e-41 1.37918e-41 9.28077e-42 6.19888e-42 4.11013e-42 2.70555e-42 1.76831e-42 1.14766e-42 7.39713e-43 4.73538e-43 3.01115e-43 1.90213e-43 1.19378e-43 7.44442e-44 4.61316e-44 2.84102e-44 1.739e-44 1.05807e-44 6.39979e-45 3.84849e-45 2.30108e-45 1.36814e-45 8.08951e-46 4.75718e-46 2.7826e-46 1.61906e-46 9.3718e-47 5.3972e-47 3.09269e-47 1.76344e-47 1.00064e-47 5.65092e-48 3.1763e-48 1.77713e-48 9.89785e-49 5.4881e-49 3.02966e-49 1.66527e-49 9.11442e-50 4.96768e-50 2.69643e-50 1.45769e-50 7.84889e-51 4.20967e-51 2.24911e-51 1.19708e-51 6.34763e-52 3.35354e-52 1.76531e-52 9.25963e-53 4.83998e-53 2.52116e-53 1.30887e-53 6.7735e-54 3.49597e-54 1.80284e-54 9.35353e-55 5.0081e-55 3.00687e-55 
4.50261e-55 5.58324e-55 9.32901e-55 1.74791e-54 3.37899e-54 6.57113e-54 1.27677e-53 2.47415e-53 4.77922e-53 9.20099e-53 1.76531e-52 3.37514e-52 6.43011e-52 1.22061e-51 2.30856e-51 4.34995e-51 8.16548e-51 1.52688e-50 2.84398e-50 5.27618e-50 9.74887e-50 1.79392e-49 3.28725e-49 5.99814e-49 1.08974e-48 1.97115e-48 3.54956e-48 6.36292e-48 1.13536e-47 2.01636e-47 3.56392e-47 6.26874e-47 1.0972e-46 1.91079e-46 3.31072e-46 5.70658e-46 9.78448e-46 1.66866e-45 2.83028e-45 4.77398e-45 8.00722e-45 1.33534e-44 2.21397e-44 3.64902e-44 5.97813e-44 9.73408e-44 1.57515e-43 2.53281e-43 4.04662e-43 6.42311e-43 1.01279e-42 1.58623e-42 2.4674e-42 3.81149e-42 5.84637e-42 8.90361e-42 1.34613e-41 2.02025e-41 3.00934e-41 4.44875e-41 6.5262e-41 9.4993e-41 1.37178e-40 1.96514e-40 2.79237e-40 3.93529e-40 5.49997e-40 7.62218e-40 1.04734e-39 1.42675e-39 1.92669e-39 2.57892e-39 3.42128e-39 4.49801e-39 5.85997e-39 7.56442e-39 9.67438e-39 1.22575e-38 1.53843e-38 1.91255e-38 2.35495e-38 2.87175e-38 3.468e-38 4.14717e-38 4.91061e-38 5.75713e-38 6.68247e-38 7.67902e-38 8.73558e-38 9.83724e-38 1.09656e-37 1.20991e-37 1.32135e-37 1.42828e-37 1.52802e-37 1.6179e-37 1.69541e-37 1.75828e-37 1.80463e-37 1.83303e-37 1.8426e-37 1.83303e-37 1.80463e-37 1.75828e-37 1.69541e-37 1.6179e-37 1.52802e-37 1.42828e-37 1.32135e-37 1.20991e-37 1.09656e-37 9.83724e-38 8.73558e-38 7.67902e-38 6.68247e-38 5.75713e-38 4.91061e-38 4.14717e-38 3.468e-38 2.87175e-38 2.35495e-38 1.91255e-38 1.53843e-38 1.22575e-38 9.67438e-39 7.56442e-39 5.85997e-39 4.49801e-39 3.42128e-39 2.57892e-39 1.92669e-39 1.42675e-39 1.04734e-39 7.62218e-40 5.49997e-40 3.93529e-40 2.79237e-40 1.96514e-40 1.37178e-40 9.4993e-41 6.5262e-41 4.44875e-41 3.00934e-41 2.02025e-41 1.34613e-41 8.90361e-42 5.84637e-42 3.81149e-42 2.4674e-42 1.58623e-42 1.01279e-42 6.42311e-43 4.04662e-43 2.53281e-43 1.57515e-43 9.73408e-44 5.97813e-44 3.64902e-44 2.21397e-44 1.33534e-44 8.00722e-45 4.77398e-45 2.83028e-45 1.66866e-45 9.78448e-46 5.70658e-46 3.31072e-46 1.91079e-46 1.0972e-46 6.26874e-47 3.56392e-47 2.01636e-47 1.13536e-47 6.36292e-48 3.54956e-48 1.97115e-48 1.08974e-48 5.99814e-49 3.28725e-49 1.79392e-49 9.74887e-50 5.27618e-50 2.84398e-50 1.52688e-50 8.16548e-51 4.34995e-51 2.30856e-51 1.22061e-51 6.43011e-52 3.37514e-52 1.76531e-52 9.20099e-53 4.77922e-53 2.47415e-53 1.27677e-53 6.57113e-54 3.37899e-54 1.74791e-54 9.32901e-55 5.58324e-55 
8.31659e-55 1.03295e-54 1.73151e-54 3.25455e-54 6.31028e-54 1.23069e-53 2.39802e-53 4.6601e-53 9.02733e-53 1.74291e-52 3.35354e-52 6.43011e-52 1.22855e-51 2.33887e-51 4.43637e-51 8.38363e-51 1.57831e-50 2.95995e-50 5.52937e-50 1.02882e-49 1.90656e-49 3.51864e-49 6.46673e-49 1.18345e-48 2.15643e-48 3.91215e-48 7.06568e-48 1.27034e-47 2.27341e-47 4.04945e-47 7.17858e-47 1.2664e-46 2.22308e-46 3.88291e-46 6.74744e-46 1.16644e-45 2.00582e-45 3.43071e-45 5.83581e-45 9.87198e-45 1.66055e-44 2.77716e-44 4.61755e-44 7.63203e-44 1.25385e-43 2.04729e-43 3.32203e-43 5.35636e-43 8.58092e-43 1.36568e-42 2.1591e-42 3.39045e-42 5.28755e-42 8.18877e-42 1.25922e-41 1.92247e-41 2.91368e-41 4.38332e-41 6.54476e-41 9.69769e-41 1.42587e-40 2.08007e-40 3.01036e-40 4.3217e-40 6.15375e-40 8.69016e-40 1.21695e-39 1.68979e-39 2.32626e-39 3.17475e-39 4.2948e-39 5.75859e-39 7.65222e-39 1.00767e-38 1.31481e-38 1.69978e-38 2.17702e-38 2.76209e-38 3.47124e-38 4.32085e-38 5.32669e-38 6.50307e-38 7.86179e-38 9.41107e-38 1.11543e-37 1.3089e-37 1.52057e-37 1.74871e-37 1.99076e-37 2.24333e-37 2.50218e-37 2.76235e-37 3.01827e-37 3.26396e-37 3.4932e-37 3.69986e-37 3.87812e-37 4.02276e-37 4.1294e-37 4.19475e-37 4.21677e-37 4.19475e-37 4.1294e-37 4.02276e-37 3.87812e-37 3.69986e-37 3.4932e-37 3.26396e-37 3.01827e-37 2.76235e-37 2.50218e-37 2.24333e-37 1.99076e-37 1.74871e-37 1.52057e-37 1.3089e-37 1.11543e-37 9.41107e-38 7.86179e-38 6.50307e-38 5.32669e-38 4.32085e-38 3.47124e-38 2.76209e-38 2.17702e-38 1.69978e-38 1.31481e-38 1.00767e-38 7.65222e-39 5.75859e-39 4.2948e-39 3.17475e-39 2.32626e-39 1.68979e-39 1.21695e-39 8.69016e-40 6.15375e-40 4.3217e-40 3.01036e-40 2.08007e-40 1.42587e-40 9.69769e-41 6.54476e-41 4.38332e-41 2.91368e-41 1.92247e-41 1.25922e-41 8.18877e-42 5.28755e-42 3.39045e-42 2.1591e-42 1.36568e-42 8.58092e-43 5.35636e-43 3.32203e-43 2.04729e-43 1.25385e-43 7.63203e-44 4.61755e-44 2.77716e-44 1.66055e-44 9.87198e-45 5.83581e-45 3.43071e-45 2.00582e-45 1.16644e-45 6.74744e-46 3.88291e-46 2.22308e-46 1.2664e-46 7.17858e-47 4.04945e-47 2.27341e-47 1.27034e-47 7.06568e-48 3.91215e-48 2.15643e-48 1.18345e-48 6.46673e-49 3.51864e-49 1.90656e-49 1.02882e-49 5.52937e-50 2.95995e-50 1.57831e-50 8.38363e-51 4.43637e-51 2.33887e-51 1.22855e-51 6.43011e-52 3.35354e-52 1.74291e-52 9.02733e-53 4.6601e-53 2.39802e-53 1.23069e-53 6.31028e-54 3.25455e-54 1.73151e-54 1.03295e-54 
1.53046e-54 1.90402e-54 3.20197e-54 6.03765e-54 1.17413e-53 2.29649e-53 4.48751e-53 8.74543e-53 1.69896e-52 3.28956e-52 6.34763e-52 1.22061e-51 2.33887e-51 4.46555e-51 8.49489e-51 1.61e-50 3.03988e-50 5.71766e-50 1.07123e-49 1.99906e-49 3.71548e-49 6.87735e-49 1.26769e-48 2.32682e-48 4.25242e-48 7.73753e-48 1.40161e-47 2.52744e-47 4.53657e-47 8.1046e-47 1.44099e-46 2.54962e-46 4.48893e-46 7.86366e-46 1.37051e-45 2.37619e-45 4.09806e-45 7.02968e-45 1.19926e-44 2.03456e-44 3.43214e-44 5.75646e-44 9.59842e-44 1.59094e-43 2.62105e-43 4.29158e-43 6.98292e-43 1.12899e-42 1.81354e-42 2.89405e-42 4.58752e-42 7.22266e-42 1.12932e-41 1.75342e-41 2.70309e-41 4.13705e-41 6.28536e-41 9.47828e-41 1.41854e-40 2.10677e-40 3.10463e-40 4.53911e-40 6.58345e-40 9.47131e-40 1.35143e-39 1.91231e-39 2.68324e-39 3.73292e-39 5.14854e-39 7.03915e-39 9.53926e-39 1.28122e-38 1.70533e-38 2.24919e-38 2.93925e-38 3.80543e-38 4.88076e-38 6.20086e-38 7.80302e-38 9.7249e-38 1.20029e-37 1.46702e-37 1.77542e-37 2.12743e-37 2.52389e-37 2.96429e-37 3.44653e-37 3.9667e-37 4.51901e-37 5.09569e-37 5.68708e-37 6.28182e-37 6.86715e-37 7.4293e-37 7.95405e-37 8.42727e-37 8.83556e-37 9.16691e-37 9.41126e-37 9.56102e-37 9.61148e-37 9.56102e-37 9.41126e-37 9.16691e-37 8.83556e-37 8.42727e-37 7.95405e-37 7.4293e-37 6.86715e-37 6.28182e-37 5.68708e-37 5.09569e-37 4.51901e-37 3.9667e-37 3.44653e-37 2.96429e-37 2.52389e-37 2.12743e-37 1.77542e-37 1.46702e-37 1.20029e-37 9.7249e-38 7.80302e-38 6.20086e-38 4.88076e-38 3.80543e-38 2.93925e-38 2.24919e-38 1.70533e-38 1.28122e-38 9.53926e-39 7.03915e-39 5.14854e-39 3.73292e-39 2.68324e-39 1.91231e-39 1.35143e-39 9.47131e-40 6.58345e-40 4.53911e-40 3.10463e-40 2.10677e-40 1.41854e-40 9.47828e-41 6.28536e-41 4.13705e-41 2.70309e-41 1.75342e-41 1.12932e-41 7.22266e-42 4.58752e-42 2.89405e-42 1.81354e-42 1.12899e-42 6.98292e-43 4.29158e-43 2.62105e-43 1.59094e-43 9.59842e-44 5.75646e-44 3.43214e-44 2.03456e-44 1.19926e-44 7.02968e-45 4.09806e-45 2.37619e-45 1.37051e-45 7.86366e-46 4.48893e-46 2.54962e-46 1.44099e-46 8.1046e-47 4.53657e-47 2.52744e-47 1.40161e-47 7.73753e-48 4.25242e-48 2.32682e-48 1.26769e-48 6.87735e-49 3.71548e-49 1.99906e-49 1.07123e-49 5.71766e-50 3.03988e-50 1.61e-50 8.49489e-51 4.46555e-51 2.33887e-51 1.22061e-51 6.34763e-52 3.28956e-52 1.69896e-52 8.74543e-53 4.48751e-53 2.29649e-53 1.17413e-53 6.03765e-54 3.20197e-54 1.90402e-54 
2.80587e-54 3.49653e-54 5.89914e-54 1.1159e-53 2.17656e-53 4.2694e-53 8.36655e-53 1.63516e-52 3.18567e-52 6.18586e-52 1.19708e-51 2.30856e-51 4.43637e-51 8.49489e-51 1.62071e-50 3.08066e-50 5.83371e-50 1.10048e-49 2.06788e-49 3.87034e-49 7.21475e-49 1.33941e-48 2.47624e-48 4.55859e-48 8.35592e-48 1.52493e-47 2.77057e-47 5.01087e-47 9.0209e-47 1.61639e-46 2.88245e-46 5.11524e-46 9.03273e-46 1.58703e-45 2.7741e-45 4.82388e-45 8.34384e-45 1.43546e-44 2.45601e-44 4.17872e-44 7.06949e-44 1.18911e-43 1.98838e-43 3.30507e-43 5.46032e-43 8.96535e-43 1.4628e-42 2.37149e-42 3.81973e-42 6.11183e-42 9.71383e-42 1.53335e-41 2.40369e-41 3.74154e-41 5.78244e-41 8.87179e-41 1.35115e-40 2.04238e-40 3.06381e-40 4.56072e-40 6.736e-40 9.87002e-40 1.43461e-39 2.06826e-39 2.95719e-39 4.19288e-39 5.89465e-39 8.21619e-39 1.13529e-38 1.55495e-38 2.11088e-38 2.83989e-38 3.78606e-38 5.00131e-38 6.5456e-38 8.48681e-38 1.09002e-37 1.38668e-37 1.7472e-37 2.18019e-37 2.69401e-37 3.2963e-37 3.99344e-37 4.78995e-37 5.68788e-37 6.68621e-37 7.78027e-37 8.96133e-37 1.02162e-36 1.15274e-36 1.28728e-36 1.42265e-36 1.55595e-36 1.68403e-36 1.80364e-36 1.91153e-36 2.00464e-36 2.08023e-36 2.13597e-36 2.17014e-36 2.18166e-36 2.17014e-36 2.13597e-36 2.08023e-36 2.00464e-36 1.91153e-36 1.80364e-36 1.68403e-36 1.55595e-36 1.42265e-36 1.28728e-36 1.15274e-36 1.02162e-36 8.96133e-37 7.78027e-37 6.68621e-37 5.68788e-37 4.78995e-37 3.99344e-37 3.2963e-37 2.69401e-37 2.18019e-37 1.7472e-37 1.38668e-37 1.09002e-37 8.48681e-38 6.5456e-38 5.00131e-38 3.78606e-38 2.83989e-38 2.11088e-38 1.55495e-38 1.13529e-38 8.21619e-39 5.89465e-39 4.19288e-39 2.95719e-39 2.06826e-39 1.43461e-39 9.87002e-40 6.736e-40 4.56072e-40 3.06381e-40 2.04238e-40 1.35115e-40 8.87179e-41 5.78244e-41 3.74154e-41 2.40369e-41 1.53335e-41 9.71383e-42 6.11183e-42 3.81973e-42 2.37149e-42 1.4628e-42 8.96535e-43 5.46032e-43 3.30507e-43 1.98838e-43 1.18911e-43 7.06949e-44 4.17872e-44 2.45601e-44 1.43546e-44 8.34384e-45 4.82388e-45 2.7741e-45 1.58703e-45 9.03273e-46 5.11524e-46 2.88245e-46 1.61639e-46 9.0209e-47 5.01087e-47 2.77057e-47 1.52493e-47 8.35592e-48 4.55859e-48 2.47624e-48 1.33941e-48 7.21475e-49 3.87034e-49 2.06788e-49 1.10048e-49 5.83371e-50 3.08066e-50 1.62071e-50 8.49489e-51 4.43637e-51 2.30856e-51 1.19708e-51 6.18586e-52 3.18567e-52 1.63516e-52 8.36655e-53 4.2694e-53 2.17656e-53 1.1159e-53 5.89914e-54 3.49653e-54 
5.1246e-54 6.39666e-54 1.08271e-53 2.05466e-53 4.01958e-53 7.90735e-53 1.554e-52 3.04582e-52 5.95098e-52 1.15887e-51 2.24911e-51 4.34995e-51 8.38363e-51 1.61e-50 3.08066e-50 5.87291e-50 1.1154e-49 2.11031e-49 3.97717e-49 7.46589e-49 1.39586e-48 2.59909e-48 4.8194e-48 8.89863e-48 1.63599e-47 2.99455e-47 5.45688e-47 9.89884e-47 1.78738e-46 3.21222e-46 5.74533e-46 1.02261e-45 1.81114e-45 3.19155e-45 5.5953e-45 9.75835e-45 1.69286e-44 2.92089e-44 5.01208e-44 8.55242e-44 1.45106e-43 2.44771e-43 4.10463e-43 6.84197e-43 1.13353e-42 1.86634e-42 3.05353e-42 4.9639e-42 8.01688e-42 1.28618e-41 2.04958e-41 3.24374e-41 5.09796e-41 7.95549e-41 1.23256e-40 1.89571e-40 2.89407e-40 4.385e-40 6.59333e-40 9.83705e-40 1.45613e-39 2.13828e-39 3.11463e-39 4.49966e-39 6.44668e-39 9.15859e-39 1.29006e-38 1.80151e-38 2.49379e-38 3.42167e-38 4.65292e-38 6.27018e-38 8.37259e-38 1.10771e-37 1.45189e-37 1.88516e-37 2.42454e-37 3.08847e-37 3.8963e-37 4.8677e-37 6.02177e-37 7.37602e-37 8.94515e-37 1.07397e-36 1.27646e-36 1.50179e-36 1.74892e-36 2.01591e-36 2.29979e-36 2.59657e-36 2.9013e-36 3.20808e-36 3.51031e-36 3.80081e-36 4.0722e-36 4.31709e-36 4.52849e-36 4.70013e-36 4.82675e-36 4.90437e-36 4.93052e-36 4.90437e-36 4.82675e-36 4.70013e-36 4.52849e-36 4.31709e-36 4.0722e-36 3.80081e-36 3.51031e-36 3.20808e-36 2.9013e-36 2.59657e-36 2.29979e-36 2.01591e-36 1.74892e-36 1.50179e-36 1.27646e-36 1.07397e-36 8.94515e-37 7.37602e-37 6.02177e-37 4.8677e-37 3.8963e-37 3.08847e-37 2.42454e-37 1.88516e-37 1.45189e-37 1.10771e-37 8.37259e-38 6.27018e-38 4.65292e-38 3.42167e-38 2.49379e-38 1.80151e-38 1.29006e-38 9.15859e-39 6.44668e-39 4.49966e-39 3.11463e-39 2.13828e-39 1.45613e-39 9.83705e-40 6.59333e-40 4.385e-40 2.89407e-40 1.89571e-40 1.23256e-40 7.95549e-41 5.09796e-41 3.24374e-41 2.04958e-41 1.28618e-41 8.01688e-42 4.9639e-42 3.05353e-42 1.86634e-42 1.13353e-42 6.84197e-43 4.10463e-43 2.44771e-43 1.45106e-43 8.55242e-44 5.01208e-44 2.92089e-44 1.69286e-44 9.75835e-45 5.5953e-45 3.19155e-45 1.81114e-45 1.02261e-45 5.74533e-46 3.21222e-46 1.78738e-46 9.89884e-47 5.45688e-47 2.99455e-47 1.63599e-47 8.89863e-48 4.8194e-48 2.59909e-48 1.39586e-48 7.46589e-49 3.97717e-49 2.11031e-49 1.1154e-49 5.87291e-50 3.08066e-50 1.61e-50 8.38363e-51 4.34995e-51 2.24911e-51 1.15887e-51 5.95098e-52 3.04582e-52 1.554e-52 7.90735e-53 4.01958e-53 2.05466e-53 1.08271e-53 6.39666e-54 
