1.75468e-56 2.67429e-56 6.3557e-56 1.64501e-55 4.2793e-55 1.10542e-54 2.83068e-54 7.18376e-54 1.8067e-53 4.50281e-53 1.11207e-52 2.7216e-52 6.60007e-52 1.58598e-51 3.77626e-51 8.90907e-51 2.08258e-50 4.82347e-50 1.10688e-49 2.51659e-49 5.66879e-49 1.26511e-48 2.79714e-48 6.12694e-48 1.32957e-47 2.85828e-47 6.08728e-47 1.28427e-46 2.68411e-46 5.5571e-46 1.1397e-45 2.31541e-45 4.65961e-45 9.2886e-45 1.83411e-44 3.58731e-44 6.94985e-44 1.33364e-43 2.53486e-43 4.77217e-43 8.89851e-43 1.64344e-42 3.0062e-42 5.44635e-42 9.77257e-42 1.73669e-41 3.0566e-41 5.32784e-41 9.19715e-41 1.5723e-40 2.66191e-40 4.46289e-40 7.40961e-40 1.21821e-39 1.9833e-39 3.1973e-39 5.10384e-39 8.06712e-39 1.26252e-38 1.95633e-38 3.00138e-38 4.55891e-38 6.85569e-38 1.02065e-37 1.50427e-37 2.19476e-37 3.16987e-37 4.53187e-37 6.41331e-37 8.98338e-37 1.24548e-36 1.70906e-36 2.32106e-36 3.11968e-36 4.14967e-36 5.4624e-36 7.11547e-36 9.17193e-36 1.16988e-35 1.47649e-35 1.84381e-35 2.27815e-35 2.78497e-35 3.36834e-35 4.03049e-35 4.77127e-35 5.58772e-35 6.47366e-35 7.4194e-35 8.41171e-35 9.43381e-35 1.04657e-34 1.14849e-34 1.24666e-34 1.33855e-34 1.42159e-34 1.49337e-34 1.55171e-34 1.59478e-34 1.6212e-34 1.6301e-34 1.6212e-34 1.59478e-34 1.55171e-34 1.49337e-34 1.42159e-34 1.33855e-34 1.24666e-34 1.14849e-34 1.04657e-34 9.43381e-35 8.41171e-35 7.4194e-35 6.47366e-35 5.58772e-35 4.77127e-35 4.03049e-35 3.36834e-35 2.78497e-35 2.27815e-35 1.84381e-35 1.47649e-35 1.16988e-35 9.17193e-36 7.11547e-36 5.4624e-36 4.14967e-36 3.11968e-36 2.32106e-36 1.70906e-36 1.24548e-36 8.98338e-37 6.41331e-37 4.53187e-37 3.16987e-37 2.19476e-37 1.50427e-37 1.02065e-37 6.85569e-38 4.55891e-38 3.00138e-38 1.95633e-38 1.26252e-38 8.06712e-39 5.10384e-39 3.1973e-39 1.9833e-39 1.21821e-39 7.40961e-40 4.46289e-40 2.66191e-40 1.5723e-40 9.19715e-41 5.32784e-41 3.0566e-41 1.73669e-41 9.77257e-42 5.44635e-42 3.0062e-42 1.64344e-42 8.89851e-43 4.77217e-43 2.53486e-43 1.33364e-43 6.94985e-44 3.58731e-44 1.83411e-44 9.2886e-45 4.65961e-45 2.31541e-45 1.1397e-45 5.5571e-46 2.68411e-46 1.28427e-46 6.08728e-47 2.85828e-47 1.32957e-47 6.12694e-48 2.79714e-48 1.26511e-48 5.66879e-49 2.51659e-49 1.10688e-49 4.82347e-50 2.08258e-50 8.90907e-51 3.77626e-51 1.58598e-51 6.60007e-52 2.7216e-52 1.11207e-52 4.50281e-53 1.8067e-53 7.18376e-54 2.83068e-54 1.10542e-54 4.2793e-55 1.64501e-55 6.3557e-56 2.67429e-56 
2.67429e-56 4.07373e-56 9.67386e-56 2.50205e-55 6.5044e-55 1.6791e-54 4.29695e-54 1.0898e-53 2.73912e-53 6.82246e-53 1.68395e-52 4.11873e-52 9.98244e-52 2.39739e-51 5.70509e-51 1.34523e-50 3.14294e-50 7.27561e-50 1.66875e-49 3.79219e-49 8.53811e-49 1.90457e-48 4.20911e-48 9.2158e-48 1.99903e-47 4.29576e-47 9.14517e-47 1.92871e-46 4.02957e-46 8.33992e-46 1.7099e-45 3.47279e-45 6.98684e-45 1.39242e-44 2.74881e-44 5.3752e-44 1.04116e-43 1.99759e-43 3.79628e-43 7.14602e-43 1.33236e-42 2.4605e-42 4.50053e-42 8.15338e-42 1.46298e-41 2.59992e-41 4.5761e-41 7.97699e-41 1.37715e-40 2.35461e-40 3.98695e-40 6.68557e-40 1.11021e-39 1.82571e-39 2.97309e-39 4.79428e-39 7.65543e-39 1.21042e-38 1.89499e-38 2.9375e-38 4.50849e-38 6.85105e-38 1.03072e-37 1.53523e-37 2.26378e-37 3.30457e-37 4.77527e-37 6.83079e-37 9.67203e-37 1.35558e-36 1.8805e-36 2.58197e-36 3.50866e-36 4.71878e-36 6.28058e-36 8.27249e-36 1.07826e-35 1.39074e-35 1.77497e-35 2.24152e-35 2.80082e-35 3.46263e-35 4.23536e-35 5.12539e-35 6.13622e-35 7.26778e-35 8.51564e-35 9.87043e-35 1.13175e-34 1.28364e-34 1.44018e-34 1.59828e-34 1.75448e-34 1.90501e-34 2.04593e-34 2.17333e-34 2.28347e-34 2.37301e-34 2.43911e-34 2.47966e-34 2.49333e-34 2.47966e-34 2.43911e-34 2.37301e-34 2.28347e-34 2.17333e-34 2.04593e-34 1.90501e-34 1.75448e-34 1.59828e-34 1.44018e-34 1.28364e-34 1.13175e-34 9.87043e-35 8.51564e-35 7.26778e-35 6.13622e-35 5.12539e-35 4.23536e-35 3.46263e-35 2.80082e-35 2.24152e-35 1.77497e-35 1.39074e-35 1.07826e-35 8.27249e-36 6.28058e-36 4.71878e-36 3.50866e-36 2.58197e-36 1.8805e-36 1.35558e-36 9.67203e-37 6.83079e-37 4.77527e-37 3.30457e-37 2.26378e-37 1.53523e-37 1.03072e-37 6.85105e-38 4.50849e-38 2.9375e-38 1.89499e-38 1.21042e-38 7.65543e-39 4.79428e-39 2.97309e-39 1.82571e-39 1.11021e-39 6.68557e-40 3.98695e-40 2.35461e-40 1.37715e-40 7.97699e-41 4.5761e-41 2.59992e-41 1.46298e-41 8.15338e-42 4.50053e-42 2.4605e-42 1.33236e-42 7.14602e-43 3.79628e-43 1.99759e-43 1.04116e-43 5.3752e-44 2.74881e-44 1.39242e-44 6.98684e-45 3.47279e-45 1.7099e-45 8.33992e-46 4.02957e-46 1.92871e-46 9.14517e-47 4.29576e-47 1.99903e-47 9.2158e-48 4.20911e-48 1.90457e-48 8.53811e-49 3.79219e-49 1.66875e-49 7.27561e-50 3.14294e-50 1.34523e-50 5.70509e-51 2.39739e-51 9.98244e-52 4.11873e-52 1.68395e-52 6.82246e-53 2.73912e-53 1.0898e-53 4.29695e-54 1.6791e-54 6.5044e-55 2.50205e-55 9.67386e-56 4.07373e-56 
6.3557e-56 9.67386e-56 2.29444e-55 5.92785e-55 1.53943e-54 3.97004e-54 1.01496e-53 2.57166e-53 6.45748e-53 1.60689e-52 3.96253e-52 9.68309e-52 2.34478e-51 5.62635e-51 1.33777e-50 3.15177e-50 7.35767e-50 1.70188e-49 3.90046e-49 8.85708e-49 1.99272e-48 4.44198e-48 9.81012e-48 2.1465e-47 4.65311e-47 9.99314e-47 2.12619e-46 4.48164e-46 9.35839e-46 1.93593e-45 3.9673e-45 8.05404e-45 1.61972e-44 3.22677e-44 6.36786e-44 1.24483e-43 2.41055e-43 4.62383e-43 8.78547e-43 1.65348e-42 3.08249e-42 5.692e-42 1.04108e-41 1.88605e-41 3.38428e-41 6.01476e-41 1.05877e-40 1.84592e-40 3.18743e-40 5.45105e-40 9.23258e-40 1.54868e-39 2.57269e-39 4.23243e-39 6.89543e-39 1.11248e-38 1.77733e-38 2.81179e-38 4.40477e-38 6.83246e-38 1.04938e-37 1.59578e-37 2.40264e-37 3.5815e-37 5.28551e-37 7.72218e-37 1.11689e-36 1.59911e-36 2.26637e-36 3.17944e-36 4.41493e-36 6.06779e-36 8.25384e-36 1.11118e-35 1.48045e-35 1.95196e-35 2.54683e-35 3.28824e-35 4.20091e-35 5.31037e-35 6.64188e-35 8.21916e-35 1.00628e-34 1.21884e-34 1.46051e-34 1.7313e-34 2.03019e-34 2.355e-34 2.7022e-34 3.06696e-34 3.44312e-34 3.82332e-34 4.19918e-34 4.56158e-34 4.90103e-34 5.20803e-34 5.47356e-34 5.68946e-34 5.8489e-34 5.94672e-34 5.97968e-34 5.94672e-34 5.8489e-34 5.68946e-34 5.47356e-34 5.20803e-34 4.90103e-34 4.56158e-34 4.19918e-34 3.82332e-34 3.44312e-34 3.06696e-34 2.7022e-34 2.355e-34 2.03019e-34 1.7313e-34 1.46051e-34 1.21884e-34 1.00628e-34 8.21916e-35 6.64188e-35 5.31037e-35 4.20091e-35 3.28824e-35 2.54683e-35 1.95196e-35 1.48045e-35 1.11118e-35 8.25384e-36 6.06779e-36 4.41493e-36 3.17944e-36 2.26637e-36 1.59911e-36 1.11689e-36 7.72218e-37 5.28551e-37 3.5815e-37 2.40264e-37 1.59578e-37 1.04938e-37 6.83246e-38 4.40477e-38 2.81179e-38 1.77733e-38 1.11248e-38 6.89543e-39 4.23243e-39 2.57269e-39 1.54868e-39 9.23258e-40 5.45105e-40 3.18743e-40 1.84592e-40 1.05877e-40 6.01476e-41 3.38428e-41 1.88605e-41 1.04108e-41 5.692e-42 3.08249e-42 1.65348e-42 8.78547e-43 4.62383e-43 2.41055e-43 1.24483e-43 6.36786e-44 3.22677e-44 1.61972e-44 8.05404e-45 3.9673e-45 1.93593e-45 9.35839e-46 4.48164e-46 2.12619e-46 9.99314e-47 4.65311e-47 2.1465e-47 9.81012e-48 4.44198e-48 1.99272e-48 8.85708e-49 3.90046e-49 1.70188e-49 7.35767e-50 3.15177e-50 1.33777e-50 5.62635e-51 2.34478e-51 9.68309e-52 3.96253e-52 1.60689e-52 6.45748e-53 2.57166e-53 1.01496e-53 3.97004e-54 1.53943e-54 5.92785e-55 2.29444e-55 9.67386e-56 
1.64501e-55 2.50205e-55 5.92785e-55 1.53001e-54 3.9697e-54 1.02283e-53 2.61261e-53 6.61399e-53 1.65937e-52 4.12575e-52 1.01656e-51 2.48214e-51 6.00582e-51 1.44e-50 3.42129e-50 8.05462e-50 1.87897e-49 4.34318e-49 9.94719e-49 2.25731e-48 5.07541e-48 1.13067e-47 2.4956e-47 5.45741e-47 1.18239e-46 2.53802e-46 5.39734e-46 1.13713e-45 2.37347e-45 4.90786e-45 1.00538e-44 2.0403e-44 4.10184e-44 8.16917e-44 1.61171e-43 3.14995e-43 6.09848e-43 1.1696e-42 2.22199e-42 4.18153e-42 7.7949e-42 1.43934e-41 2.63262e-41 4.76958e-41 8.5592e-41 1.5214e-40 2.67855e-40 4.6709e-40 8.06748e-40 1.38008e-39 2.33825e-39 3.92367e-39 6.52075e-39 1.07324e-38 1.74938e-38 2.82389e-38 4.51414e-38 7.1459e-38 1.12016e-37 1.73873e-37 2.67241e-37 4.067e-37 6.12824e-37 9.14261e-37 1.3504e-36 1.9747e-36 2.85867e-36 4.09674e-36 5.81174e-36 8.16112e-36 1.13436e-35 1.56061e-35 2.125e-35 2.86371e-35 3.8193e-35 5.04089e-35 6.58384e-35 8.50909e-35 1.08818e-34 1.37693e-34 1.72386e-34 2.13528e-34 2.61667e-34 3.17229e-34 3.80459e-34 4.51378e-34 5.29731e-34 6.14949e-34 7.0612e-34 8.01977e-34 9.00902e-34 1.00095e-33 1.09993e-33 1.19541e-33 1.28488e-33 1.36584e-33 1.43589e-33 1.49286e-33 1.53494e-33 1.56076e-33 1.56946e-33 1.56076e-33 1.53494e-33 1.49286e-33 1.43589e-33 1.36584e-33 1.28488e-33 1.19541e-33 1.09993e-33 1.00095e-33 9.00902e-34 8.01977e-34 7.0612e-34 6.14949e-34 5.29731e-34 4.51378e-34 3.80459e-34 3.17229e-34 2.61667e-34 2.13528e-34 1.72386e-34 1.37693e-34 1.08818e-34 8.50909e-35 6.58384e-35 5.04089e-35 3.8193e-35 2.86371e-35 2.125e-35 1.56061e-35 1.13436e-35 8.16112e-36 5.81174e-36 4.09674e-36 2.85867e-36 1.9747e-36 1.3504e-36 9.14261e-37 6.12824e-37 4.067e-37 2.67241e-37 1.73873e-37 1.12016e-37 7.1459e-38 4.51414e-38 2.82389e-38 1.74938e-38 1.07324e-38 6.52075e-39 3.92367e-39 2.33825e-39 1.38008e-39 8.06748e-40 4.6709e-40 2.67855e-40 1.5214e-40 8.5592e-41 4.76958e-41 2.63262e-41 1.43934e-41 7.7949e-42 4.18153e-42 2.22199e-42 1.1696e-42 6.09848e-43 3.14995e-43 1.61171e-43 8.16917e-44 4.10184e-44 2.0403e-44 1.00538e-44 4.90786e-45 2.37347e-45 1.13713e-45 5.39734e-46 2.53802e-46 1.18239e-46 5.45741e-47 2.4956e-47 1.13067e-47 5.07541e-48 2.25731e-48 9.94719e-49 4.34318e-49 1.87897e-49 8.05462e-50 3.42129e-50 1.44e-50 6.00582e-51 2.48214e-51 1.01656e-51 4.12575e-52 1.65937e-52 6.61399e-53 2.61261e-53 1.02283e-53 3.9697e-54 1.53001e-54 5.92785e-55 2.50205e-55 
4.2793e-55 6.5044e-55 1.53943e-54 3.9697e-54 1.02907e-53 2.64927e-53 6.76145e-53 1.71031e-52 4.28755e-52 1.0652e-51 2.62258e-51 6.39876e-51 1.54712e-50 3.70684e-50 8.8009e-50 2.07056e-49 4.82698e-49 1.11502e-48 2.55215e-48 5.78809e-48 1.30066e-47 2.89591e-47 6.38842e-47 1.39631e-46 3.02374e-46 6.48748e-46 1.37902e-45 2.90418e-45 6.05938e-45 1.25251e-44 2.56493e-44 5.20367e-44 1.04587e-43 2.08244e-43 4.10763e-43 8.02661e-43 1.55377e-42 2.97958e-42 5.66018e-42 1.06514e-41 1.98556e-41 3.6665e-41 6.70672e-41 1.21521e-40 2.18108e-40 3.87761e-40 6.82846e-40 1.19109e-39 2.05787e-39 3.52158e-39 5.96895e-39 1.00205e-38 1.66611e-38 2.74366e-38 4.47468e-38 7.22747e-38 1.15609e-37 1.83135e-37 2.87281e-37 4.46262e-37 6.86442e-37 1.04553e-36 1.57678e-36 2.35447e-36 3.48088e-36 5.09493e-36 7.38288e-36 1.05909e-35 1.50399e-35 2.11416e-35 2.94169e-35 4.05138e-35 5.52248e-35 7.45027e-35 9.94712e-35 1.31429e-34 1.71842e-34 2.2233e-34 2.84626e-34 3.60529e-34 4.5183e-34 5.60224e-34 6.87196e-34 8.33902e-34 1.00103e-33 1.18867e-33 1.39618e-33 1.62207e-33 1.86395e-33 2.11847e-33 2.38134e-33 2.64739e-33 2.91072e-33 3.16492e-33 3.40325e-33 3.61898e-33 3.8057e-33 3.95761e-33 4.06985e-33 4.13872e-33 4.16194e-33 4.13872e-33 4.06985e-33 3.95761e-33 3.8057e-33 3.61898e-33 3.40325e-33 3.16492e-33 2.91072e-33 2.64739e-33 2.38134e-33 2.11847e-33 1.86395e-33 1.62207e-33 1.39618e-33 1.18867e-33 1.00103e-33 8.33902e-34 6.87196e-34 5.60224e-34 4.5183e-34 3.60529e-34 2.84626e-34 2.2233e-34 1.71842e-34 1.31429e-34 9.94712e-35 7.45027e-35 5.52248e-35 4.05138e-35 2.94169e-35 2.11416e-35 1.50399e-35 1.05909e-35 7.38288e-36 5.09493e-36 3.48088e-36 2.35447e-36 1.57678e-36 1.04553e-36 6.86442e-37 4.46262e-37 2.87281e-37 1.83135e-37 1.15609e-37 7.22747e-38 4.47468e-38 2.74366e-38 1.66611e-38 1.00205e-38 5.96895e-39 3.52158e-39 2.05787e-39 1.19109e-39 6.82846e-40 3.87761e-40 2.18108e-40 1.21521e-40 6.70672e-41 3.6665e-41 1.98556e-41 1.06514e-41 5.66018e-42 2.97958e-42 1.55377e-42 8.02661e-43 4.10763e-43 2.08244e-43 1.04587e-43 5.20367e-44 2.56493e-44 1.25251e-44 6.05938e-45 2.90418e-45 1.37902e-45 6.48748e-46 3.02374e-46 1.39631e-46 6.38842e-47 2.89591e-47 1.30066e-47 5.78809e-48 2.55215e-48 1.11502e-48 4.82698e-49 2.07056e-49 8.8009e-50 3.70684e-50 1.54712e-50 6.39876e-51 2.62258e-51 1.0652e-51 4.28755e-52 1.71031e-52 6.76145e-53 2.64927e-53 1.02907e-53 3.9697e-54 1.53943e-54 6.5044e-55 
1.10542e-54 1.6791e-54 3.97004e-54 1.02283e-53 2.64927e-53 6.81474e-53 1.73786e-52 4.39247e-52 1.10029e-51 2.73149e-51 6.72011e-51 1.63844e-50 3.95868e-50 9.47832e-50 2.24887e-49 5.28739e-49 1.23184e-48 2.84379e-48 6.50523e-48 1.4745e-47 3.31157e-47 7.36932e-47 1.62486e-46 3.54975e-46 7.68358e-46 1.64782e-45 3.5013e-45 7.37088e-45 1.53735e-44 3.17679e-44 6.50368e-44 1.31911e-43 2.65063e-43 5.27668e-43 1.04067e-42 2.03328e-42 3.93562e-42 7.5467e-42 1.43358e-41 2.6978e-41 5.02932e-41 9.28796e-41 1.69917e-40 3.07932e-40 5.52802e-40 9.83047e-40 1.73167e-39 3.02158e-39 5.22247e-39 8.94095e-39 1.51618e-38 2.54663e-38 4.23665e-38 6.98091e-38 1.13926e-37 1.8414e-37 2.94762e-37 4.67286e-37 7.3362e-37 1.14057e-36 1.75598e-36 2.67703e-36 4.04113e-36 6.04025e-36 8.93906e-36 1.30977e-35 1.89998e-35 2.72855e-35 3.87907e-35 5.459e-35 7.60451e-35 1.04853e-34 1.43093e-34 1.9327e-34 2.58345e-34 3.41744e-34 4.47349e-34 5.7945e-34 7.42657e-34 9.41763e-34 1.18156e-33 1.4666e-33 1.80088e-33 2.18757e-33 2.62857e-33 3.12423e-33 3.67293e-33 4.27083e-33 4.91164e-33 5.58651e-33 6.28406e-33 6.99058e-33 7.69037e-33 8.36629e-33 9.00035e-33 9.57456e-33 1.00717e-32 1.04764e-32 1.07754e-32 1.09589e-32 1.10208e-32 1.09589e-32 1.07754e-32 1.04764e-32 1.00717e-32 9.57456e-33 9.00035e-33 8.36629e-33 7.69037e-33 6.99058e-33 6.28406e-33 5.58651e-33 4.91164e-33 4.27083e-33 3.67293e-33 3.12423e-33 2.62857e-33 2.18757e-33 1.80088e-33 1.4666e-33 1.18156e-33 9.41763e-34 7.42657e-34 5.7945e-34 4.47349e-34 3.41744e-34 2.58345e-34 1.9327e-34 1.43093e-34 1.04853e-34 7.60451e-35 5.459e-35 3.87907e-35 2.72855e-35 1.89998e-35 1.30977e-35 8.93906e-36 6.04025e-36 4.04113e-36 2.67703e-36 1.75598e-36 1.14057e-36 7.3362e-37 4.67286e-37 2.94762e-37 1.8414e-37 1.13926e-37 6.98091e-38 4.23665e-38 2.54663e-38 1.51618e-38 8.94095e-39 5.22247e-39 3.02158e-39 1.73167e-39 9.83047e-40 5.52802e-40 3.07932e-40 1.69917e-40 9.28796e-41 5.02932e-41 2.6978e-41 1.43358e-41 7.5467e-42 3.93562e-42 2.03328e-42 1.04067e-42 5.27668e-43 2.65063e-43 1.31911e-43 6.50368e-44 3.17679e-44 1.53735e-44 7.37088e-45 3.5013e-45 1.64782e-45 7.68358e-46 3.54975e-46 1.62486e-46 7.36932e-47 3.31157e-47 1.4745e-47 6.50523e-48 2.84379e-48 1.23184e-48 5.28739e-49 2.24887e-49 9.47832e-50 3.95868e-50 1.63844e-50 6.72011e-51 2.73149e-51 1.10029e-51 4.39247e-52 1.73786e-52 6.81474e-53 2.64927e-53 1.02283e-53 3.97004e-54 1.6791e-54 
2.83068e-54 4.29695e-54 1.01496e-53 2.61261e-53 6.76145e-53 1.73786e-52 4.42832e-52 1.1184e-51 2.79943e-51 6.94451e-51 1.70728e-50 4.15961e-50 1.00433e-49 2.40307e-49 5.69793e-49 1.33881e-48 3.11723e-48 7.19212e-48 1.64428e-47 3.72495e-47 8.3615e-47 1.85978e-46 4.09869e-46 8.95016e-46 1.93648e-45 4.15133e-45 8.81755e-45 1.85563e-44 3.8691e-44 7.99289e-44 1.63594e-43 3.31737e-43 6.66474e-43 1.32657e-42 2.61596e-42 5.11073e-42 9.89195e-42 1.89681e-41 3.60335e-41 6.78148e-41 1.26437e-40 2.33536e-40 4.27325e-40 7.74606e-40 1.39097e-39 2.47438e-39 4.36034e-39 7.61152e-39 1.31618e-38 2.25447e-38 3.82517e-38 6.42877e-38 1.0702e-37 1.76464e-37 2.88196e-37 4.66176e-37 7.46847e-37 1.18501e-36 1.8621e-36 2.89778e-36 4.46574e-36 6.81507e-36 1.02987e-35 1.54102e-35 2.28314e-35 3.34917e-35 4.8641e-35 6.99372e-35 9.95484e-35 1.40268e-34 1.95642e-34 2.70096e-34 3.69071e-34 4.99126e-34 6.68035e-34 8.84814e-34 1.1597e-33 1.50404e-33 1.93005e-33 2.45047e-33 3.07809e-33 3.82508e-33 4.70227e-33 5.71821e-33 6.87824e-33 8.18352e-33 9.63006e-33 1.1208e-32 1.29008e-32 1.46852e-32 1.65312e-32 1.84024e-32 2.02571e-32 2.20496e-32 2.37322e-32 2.52566e-32 2.65771e-32 2.76522e-32 2.84468e-32 2.89346e-32 2.90991e-32 2.89346e-32 2.84468e-32 2.76522e-32 2.65771e-32 2.52566e-32 2.37322e-32 2.20496e-32 2.02571e-32 1.84024e-32 1.65312e-32 1.46852e-32 1.29008e-32 1.1208e-32 9.63006e-33 8.18352e-33 6.87824e-33 5.71821e-33 4.70227e-33 3.82508e-33 3.07809e-33 2.45047e-33 1.93005e-33 1.50404e-33 1.1597e-33 8.84814e-34 6.68035e-34 4.99126e-34 3.69071e-34 2.70096e-34 1.95642e-34 1.40268e-34 9.95484e-35 6.99372e-35 4.8641e-35 3.34917e-35 2.28314e-35 1.54102e-35 1.02987e-35 6.81507e-36 4.46574e-36 2.89778e-36 1.8621e-36 1.18501e-36 7.46847e-37 4.66176e-37 2.88196e-37 1.76464e-37 1.0702e-37 6.42877e-38 3.82517e-38 2.25447e-38 1.31618e-38 7.61152e-39 4.36034e-39 2.47438e-39 1.39097e-39 7.74606e-40 4.27325e-40 2.33536e-40 1.26437e-40 6.78148e-41 3.60335e-41 1.89681e-41 9.89195e-42 5.11073e-42 2.61596e-42 1.32657e-42 6.66474e-43 3.31737e-43 1.63594e-43 7.99289e-44 3.8691e-44 1.85563e-44 8.81755e-45 4.15133e-45 1.93648e-45 8.95016e-46 4.09869e-46 1.85978e-46 8.3615e-47 3.72495e-47 1.64428e-47 7.19212e-48 3.11723e-48 1.33881e-48 5.69793e-49 2.40307e-49 1.00433e-49 4.15961e-50 1.70728e-50 6.94451e-51 2.79943e-51 1.1184e-51 4.42832e-52 1.73786e-52 6.76145e-53 2.61261e-53 1.01496e-53 4.29695e-54 
7.18376e-54 1.0898e-53 2.57166e-53 6.61399e-53 1.71031e-52 4.39247e-52 1.1184e-51 2.82248e-51 7.05962e-51 1.75001e-50 4.29931e-50 1.04676e-49 2.5257e-49 6.03936e-49 1.4311e-48 3.36053e-48 7.81992e-48 1.8032e-47 4.12029e-47 9.32926e-47 2.09313e-46 4.65338e-46 1.02508e-45 2.2375e-45 4.83923e-45 1.03703e-44 2.20195e-44 4.63254e-44 9.65653e-44 1.99439e-43 4.08115e-43 8.27437e-43 1.66213e-42 3.30801e-42 6.52288e-42 1.27432e-41 2.46651e-41 4.72986e-41 8.98609e-41 1.6914e-40 3.1541e-40 5.82707e-40 1.06652e-39 1.93387e-39 3.47393e-39 6.18221e-39 1.08991e-38 1.90353e-38 3.29337e-38 5.64453e-38 9.58328e-38 1.61172e-37 2.68503e-37 4.43079e-37 7.24227e-37 1.17252e-36 1.8802e-36 2.98616e-36 4.69717e-36 7.3174e-36 1.12891e-35 1.72477e-35 2.60945e-35 3.9093e-35 5.79911e-35 8.51758e-35 1.23863e-34 1.78328e-34 2.54171e-34 3.58624e-34 5.00881e-34 6.92453e-34 9.47504e-34 1.28317e-33 1.71978e-33 2.28099e-33 2.99373e-33 3.88788e-33 4.99575e-33 6.35113e-33 7.98805e-33 9.93905e-33 1.22332e-32 1.48938e-32 1.79355e-32 2.13624e-32 2.51646e-32 2.93166e-32 3.37757e-32 3.84807e-32 4.33525e-32 4.82949e-32 5.31976e-32 5.79393e-32 6.23926e-32 6.64297e-32 6.99281e-32 7.27772e-32 7.48838e-32 7.61772e-32 7.66133e-32 7.61772e-32 7.48838e-32 7.27772e-32 6.99281e-32 6.64297e-32 6.23926e-32 5.79393e-32 5.31976e-32 4.82949e-32 4.33525e-32 3.84807e-32 3.37757e-32 2.93166e-32 2.51646e-32 2.13624e-32 1.79355e-32 1.48938e-32 1.22332e-32 9.93905e-33 7.98805e-33 6.35113e-33 4.99575e-33 3.88788e-33 2.99373e-33 2.28099e-33 1.71978e-33 1.28317e-33 9.47504e-34 6.92453e-34 5.00881e-34 3.58624e-34 2.54171e-34 1.78328e-34 1.23863e-34 8.51758e-35 5.79911e-35 3.9093e-35 2.60945e-35 1.72477e-35 1.12891e-35 7.3174e-36 4.69717e-36 2.98616e-36 1.8802e-36 1.17252e-36 7.24227e-37 4.43079e-37 2.68503e-37 1.61172e-37 9.58328e-38 5.64453e-38 3.29337e-38 1.90353e-38 1.08991e-38 6.18221e-39 3.47393e-39 1.93387e-39 1.06652e-39 5.82707e-40 3.1541e-40 1.6914e-40 8.98609e-41 4.72986e-41 2.46651e-41 1.27432e-41 6.52288e-42 3.30801e-42 1.66213e-42 8.27437e-43 4.08115e-43 1.99439e-43 9.65653e-44 4.63254e-44 2.20195e-44 1.03703e-44 4.83923e-45 2.2375e-45 1.02508e-45 4.65338e-46 2.09313e-46 9.32926e-47 4.12029e-47 1.8032e-47 7.81992e-48 3.36053e-48 1.4311e-48 6.03936e-49 2.5257e-49 1.04676e-49 4.29931e-50 1.75001e-50 7.05962e-51 2.82248e-51 1.1184e-51 4.39247e-52 1.71031e-52 6.61399e-53 2.57166e-53 1.0898e-53 
1.8067e-53 2.73912e-53 6.45748e-53 1.65937e-52 4.28755e-52 1.10029e-51 2.79943e-51 7.05962e-51 1.76449e-50 4.37092e-50 1.07308e-49 2.61092e-49 6.29572e-49 1.50447e-48 3.56284e-48 8.36146e-48 1.94461e-47 4.48166e-47 1.02352e-46 2.31635e-46 5.19456e-46 1.15433e-45 2.5418e-45 5.54596e-45 1.19904e-44 2.56867e-44 5.45249e-44 1.14681e-43 2.38996e-43 4.93506e-43 1.0097e-42 2.04687e-42 4.11131e-42 8.182e-42 1.61334e-41 3.15193e-41 6.10113e-41 1.1701e-40 2.22337e-40 4.18576e-40 7.80741e-40 1.44281e-39 2.64163e-39 4.79179e-39 8.61149e-39 1.53324e-38 2.70452e-38 4.72619e-38 8.18214e-38 1.4033e-37 2.38427e-37 4.01304e-37 6.69107e-37 1.10513e-36 1.80806e-36 2.93011e-36 4.70345e-36 7.47816e-36 1.17762e-35 1.83668e-35 2.83702e-35 4.33986e-35 6.57437e-35 9.86231e-35 1.46497e-34 2.15469e-34 3.1378e-34 4.52404e-34 6.4575e-34 9.12465e-34 1.27631e-33 1.7671e-33 2.4216e-33 3.28439e-33 4.40852e-33 5.85585e-33 7.69694e-33 1.00104e-32 1.28814e-32 1.63993e-32 2.06545e-32 2.57338e-32 3.17152e-32 3.86616e-32 4.66142e-32 5.55852e-32 6.55512e-32 7.64471e-32 8.81618e-32 1.00536e-31 1.1336e-31 1.26383e-31 1.39311e-31 1.51823e-31 1.63583e-31 1.74249e-31 1.83496e-31 1.9103e-31 1.96602e-31 2.00023e-31 2.01177e-31 2.00023e-31 1.96602e-31 1.9103e-31 1.83496e-31 1.74249e-31 1.63583e-31 1.51823e-31 1.39311e-31 1.26383e-31 1.1336e-31 1.00536e-31 8.81618e-32 7.64471e-32 6.55512e-32 5.55852e-32 4.66142e-32 3.86616e-32 3.17152e-32 2.57338e-32 2.06545e-32 1.63993e-32 1.28814e-32 1.00104e-32 7.69694e-33 5.85585e-33 4.40852e-33 3.28439e-33 2.4216e-33 1.7671e-33 1.27631e-33 9.12465e-34 6.4575e-34 4.52404e-34 3.1378e-34 2.15469e-34 1.46497e-34 9.86231e-35 6.57437e-35 4.33986e-35 2.83702e-35 1.83668e-35 1.17762e-35 7.47816e-36 4.70345e-36 2.93011e-36 1.80806e-36 1.10513e-36 6.69107e-37 4.01304e-37 2.38427e-37 1.4033e-37 8.18214e-38 4.72619e-38 2.70452e-38 1.53324e-38 8.61149e-39 4.79179e-39 2.64163e-39 1.44281e-39 7.80741e-40 4.18576e-40 2.22337e-40 1.1701e-40 6.10113e-41 3.15193e-41 1.61334e-41 8.182e-42 4.11131e-42 2.04687e-42 1.0097e-42 4.93506e-43 2.38996e-43 1.14681e-43 5.45249e-44 2.56867e-44 1.19904e-44 5.54596e-45 2.5418e-45 1.15433e-45 5.19456e-46 2.31635e-46 1.02352e-46 4.48166e-47 1.94461e-47 8.36146e-48 3.56284e-48 1.50447e-48 6.29572e-49 2.61092e-49 1.07308e-49 4.37092e-50 1.76449e-50 7.05962e-51 2.79943e-51 1.10029e-51 4.28755e-52 1.65937e-52 6.45748e-53 2.73912e-53 
4.50281e-53 6.82246e-53 1.60689e-52 4.12575e-52 1.0652e-51 2.73149e-51 6.94451e-51 1.75001e-50 4.37092e-50 1.082e-49 2.6546e-49 6.45474e-49 1.55546e-48 3.71478e-48 8.79211e-48 2.06222e-47 4.79347e-47 1.10416e-46 2.52046e-46 5.70141e-46 1.27802e-45 2.83883e-45 6.24862e-45 1.36291e-44 2.94567e-44 6.30856e-44 1.33876e-43 2.81515e-43 5.86568e-43 1.21102e-42 2.47743e-42 5.02184e-42 1.00863e-41 2.0073e-41 3.95818e-41 7.73362e-41 1.49717e-40 2.87182e-40 5.45807e-40 1.02782e-39 1.91772e-39 3.54521e-39 6.49359e-39 1.17845e-38 2.11892e-38 3.77479e-38 6.66254e-38 1.16507e-37 2.01847e-37 3.46453e-37 5.89129e-37 9.9246e-37 1.65631e-36 2.73835e-36 4.48479e-36 7.27595e-36 1.16928e-35 1.8613e-35 2.93472e-35 4.58303e-35 7.08858e-35 1.08584e-34 1.64724e-34 2.47463e-34 3.68132e-34 5.4227e-34 7.90901e-34 1.14209e-33 1.63277e-33 2.31083e-33 3.23747e-33 4.48963e-33 6.16247e-33 8.37162e-33 1.1255e-32 1.4974e-32 1.97131e-32 2.56784e-32 3.3094e-32 4.21958e-32 5.32231e-32 6.6407e-32 8.19566e-32 1.00042e-31 1.20777e-31 1.442e-31 1.70256e-31 1.98778e-31 2.2948e-31 2.61945e-31 2.95628e-31 3.29862e-31 3.63878e-31 3.96826e-31 4.27811e-31 4.55933e-31 4.80326e-31 5.00207e-31 5.14914e-31 5.23948e-31 5.26995e-31 5.23948e-31 5.14914e-31 5.00207e-31 4.80326e-31 4.55933e-31 4.27811e-31 3.96826e-31 3.63878e-31 3.29862e-31 2.95628e-31 2.61945e-31 2.2948e-31 1.98778e-31 1.70256e-31 1.442e-31 1.20777e-31 1.00042e-31 8.19566e-32 6.6407e-32 5.32231e-32 4.21958e-32 3.3094e-32 2.56784e-32 1.97131e-32 1.4974e-32 1.1255e-32 8.37162e-33 6.16247e-33 4.48963e-33 3.23747e-33 2.31083e-33 1.63277e-33 1.14209e-33 7.90901e-34 5.4227e-34 3.68132e-34 2.47463e-34 1.64724e-34 1.08584e-34 7.08858e-35 4.58303e-35 2.93472e-35 1.8613e-35 1.16928e-35 7.27595e-36 4.48479e-36 2.73835e-36 1.65631e-36 9.9246e-37 5.89129e-37 3.46453e-37 2.01847e-37 1.16507e-37 6.66254e-38 3.77479e-38 2.11892e-38 1.17845e-38 6.49359e-39 3.54521e-39 1.91772e-39 1.02782e-39 5.45807e-40 2.87182e-40 1.49717e-40 7.73362e-41 3.95818e-41 2.0073e-41 1.00863e-41 5.02184e-42 2.47743e-42 1.21102e-42 5.86568e-43 2.81515e-43 1.33876e-43 6.30856e-44 2.94567e-44 1.36291e-44 6.24862e-45 2.83883e-45 1.27802e-45 5.70141e-46 2.52046e-46 1.10416e-46 4.79347e-47 2.06222e-47 8.79211e-48 3.71478e-48 1.55546e-48 6.45474e-49 2.6546e-49 1.082e-49 4.37092e-50 1.75001e-50 6.94451e-51 2.73149e-51 1.0652e-51 4.12575e-52 1.60689e-52 6.82246e-53 
1.11207e-52 1.68395e-52 3.96253e-52 1.01656e-51 2.62258e-51 6.72011e-51 1.70728e-50 4.29931e-50 1.07308e-49 2.6546e-49 6.50864e-49 1.5816e-48 3.80903e-48 9.09148e-48 2.15056e-47 5.04149e-47 1.17125e-46 2.69663e-46 6.15271e-46 1.39117e-45 3.11715e-45 6.92142e-45 1.52296e-44 3.32071e-44 7.17502e-44 1.53624e-43 3.2594e-43 6.85257e-43 1.4276e-42 2.94708e-42 6.02851e-42 1.22196e-41 2.45433e-41 4.88465e-41 9.63293e-41 1.88238e-40 3.64481e-40 6.993e-40 1.32944e-39 2.50433e-39 4.6744e-39 8.64516e-39 1.58427e-38 2.87666e-38 5.1755e-38 9.22601e-38 1.62956e-37 2.85176e-37 4.9447e-37 8.49461e-37 1.44582e-36 2.43808e-36 4.07317e-36 6.74152e-36 1.10538e-35 1.79551e-35 2.88911e-35 4.60503e-35 7.27066e-35 1.13703e-34 1.76121e-34 2.7019e-34 4.10514e-34 6.17681e-34 9.20356e-34 1.35793e-33 1.98385e-33 2.86959e-33 4.10946e-33 5.82609e-33 8.1765e-33 1.13587e-32 1.56181e-32 2.12538e-32 2.86236e-32 3.81471e-32 5.03055e-32 6.56381e-32 8.4733e-32 1.08212e-31 1.36707e-31 1.70833e-31 2.11149e-31 2.58114e-31 3.12043e-31 3.73052e-31 4.41013e-31 5.15507e-31 5.95794e-31 6.80791e-31 7.69073e-31 8.5889e-31 9.48214e-31 1.0348e-30 1.1163e-30 1.1903e-30 1.25453e-30 1.30689e-30 1.34565e-30 1.36946e-30 1.37749e-30 1.36946e-30 1.34565e-30 1.30689e-30 1.25453e-30 1.1903e-30 1.1163e-30 1.0348e-30 9.48214e-31 8.5889e-31 7.69073e-31 6.80791e-31 5.95794e-31 5.15507e-31 4.41013e-31 3.73052e-31 3.12043e-31 2.58114e-31 2.11149e-31 1.70833e-31 1.36707e-31 1.08212e-31 8.4733e-32 6.56381e-32 5.03055e-32 3.81471e-32 2.86236e-32 2.12538e-32 1.56181e-32 1.13587e-32 8.1765e-33 5.82609e-33 4.10946e-33 2.86959e-33 1.98385e-33 1.35793e-33 9.20356e-34 6.17681e-34 4.10514e-34 2.7019e-34 1.76121e-34 1.13703e-34 7.27066e-35 4.60503e-35 2.88911e-35 1.79551e-35 1.10538e-35 6.74152e-36 4.07317e-36 2.43808e-36 1.44582e-36 8.49461e-37 4.9447e-37 2.85176e-37 1.62956e-37 9.22601e-38 5.1755e-38 2.87666e-38 1.58427e-38 8.64516e-39 4.6744e-39 2.50433e-39 1.32944e-39 6.993e-40 3.64481e-40 1.88238e-40 9.63293e-41 4.88465e-41 2.45433e-41 1.22196e-41 6.02851e-42 2.94708e-42 1.4276e-42 6.85257e-43 3.2594e-43 1.53624e-43 7.17502e-44 3.32071e-44 1.52296e-44 6.92142e-45 3.11715e-45 1.39117e-45 6.15271e-46 2.69663e-46 1.17125e-46 5.04149e-47 2.15056e-47 9.09148e-48 3.80903e-48 1.5816e-48 6.50864e-49 2.6546e-49 1.07308e-49 4.29931e-50 1.70728e-50 6.72011e-51 2.62258e-51 1.01656e-51 3.96253e-52 1.68395e-52 
2.7216e-52 4.11873e-52 9.68309e-52 2.48214e-51 6.39876e-51 1.63844e-50 4.15961e-50 1.04676e-49 2.61092e-49 6.45474e-49 1.5816e-48 3.84098e-48 9.24496e-48 2.20537e-47 5.21393e-47 1.22166e-46 2.83681e-46 6.52831e-46 1.48887e-45 3.36507e-45 7.53715e-45 1.67299e-44 3.68001e-44 8.02176e-44 1.73282e-43 3.70933e-43 7.86857e-43 1.65406e-42 3.44555e-42 7.11241e-42 1.45487e-41 2.94904e-41 5.92356e-41 1.17905e-40 2.32554e-40 4.54527e-40 8.80315e-40 1.6895e-39 3.21305e-39 6.05502e-39 1.13071e-38 2.09229e-38 3.83641e-38 6.97042e-38 1.25493e-37 2.23875e-37 3.9574e-37 6.93153e-37 1.20298e-36 2.06865e-36 3.52461e-36 5.95008e-36 9.95202e-36 1.64917e-35 2.70754e-35 4.4038e-35 7.0959e-35 1.13266e-34 1.79097e-34 2.80516e-34 4.35195e-34 6.68729e-34 1.01773e-33 1.53395e-33 2.2896e-33 3.38417e-33 4.95294e-33 7.17736e-33 1.02974e-32 1.4626e-32 2.05648e-32 2.86217e-32 3.9428e-32 5.37554e-32 7.25294e-32 9.68384e-32 1.27935e-31 1.67227e-31 2.16255e-31 2.76653e-31 3.50091e-31 4.38199e-31 5.4247e-31 6.64145e-31 8.04086e-31 9.62646e-31 1.13953e-30 1.3337e-30 1.54324e-30 1.76534e-30 1.9963e-30 2.23152e-30 2.46567e-30 2.69284e-30 2.9068e-30 3.10124e-30 3.27007e-30 3.40779e-30 3.50974e-30 3.57239e-30 3.59352e-30 3.57239e-30 3.50974e-30 3.40779e-30 3.27007e-30 3.10124e-30 2.9068e-30 2.69284e-30 2.46567e-30 2.23152e-30 1.9963e-30 1.76534e-30 1.54324e-30 1.3337e-30 1.13953e-30 9.62646e-31 8.04086e-31 6.64145e-31 5.4247e-31 4.38199e-31 3.50091e-31 2.76653e-31 2.16255e-31 1.67227e-31 1.27935e-31 9.68384e-32 7.25294e-32 5.37554e-32 3.9428e-32 2.86217e-32 2.05648e-32 1.4626e-32 1.02974e-32 7.17736e-33 4.95294e-33 3.38417e-33 2.2896e-33 1.53395e-33 1.01773e-33 6.68729e-34 4.35195e-34 2.80516e-34 1.79097e-34 1.13266e-34 7.0959e-35 4.4038e-35 2.70754e-35 1.64917e-35 9.95202e-36 5.95008e-36 3.52461e-36 2.06865e-36 1.20298e-36 6.93153e-37 3.9574e-37 2.23875e-37 1.25493e-37 6.97042e-38 3.83641e-38 2.09229e-38 1.13071e-38 6.05502e-39 3.21305e-39 1.6895e-39 8.80315e-40 4.54527e-40 2.32554e-40 1.17905e-40 5.92356e-41 2.94904e-41 1.45487e-41 7.11241e-42 3.44555e-42 1.65406e-42 7.86857e-43 3.70933e-43 1.73282e-43 8.02176e-44 3.68001e-44 1.67299e-44 7.53715e-45 3.36507e-45 1.48887e-45 6.52831e-46 2.83681e-46 1.22166e-46 5.21393e-47 2.20537e-47 9.24496e-48 3.84098e-48 1.5816e-48 6.45474e-49 2.61092e-49 1.04676e-49 4.15961e-50 1.63844e-50 6.39876e-51 2.48214e-51 9.68309e-52 4.11873e-52 
6.60007e-52 9.98244e-52 2.34478e-51 6.00582e-51 1.54712e-50 3.95868e-50 1.00433e-49 2.5257e-49 6.29572e-49 1.55546e-48 3.80903e-48 9.24496e-48 2.22395e-47 5.30235e-47 1.25294e-46 2.93429e-46 6.81056e-46 1.56663e-45 3.57146e-45 8.069e-45 1.80669e-44 4.00898e-44 8.81591e-44 1.92124e-43 4.14928e-43 8.88056e-43 1.88357e-42 3.95908e-42 8.24665e-42 1.70228e-41 3.48218e-41 7.05894e-41 1.41806e-40 2.82303e-40 5.56933e-40 1.08882e-39 2.10947e-39 4.05e-39 7.70549e-39 1.45281e-38 2.71444e-38 5.02586e-38 9.22148e-38 1.67667e-37 3.02098e-37 5.39384e-37 9.54323e-37 1.67315e-36 2.90676e-36 5.00396e-36 8.53574e-36 1.44272e-35 2.41616e-35 4.00924e-35 6.59144e-35 1.07366e-34 1.73262e-34 2.77e-34 4.38706e-34 6.88285e-34 1.06965e-33 1.64655e-33 2.51041e-33 3.79074e-33 5.66876e-33 8.3948e-33 1.23101e-32 1.78737e-32 2.56943e-32 3.65676e-32 5.15183e-32 7.18455e-32 9.91689e-32 1.35474e-31 1.83149e-31 2.45012e-31 3.24316e-31 4.24728e-31 5.50278e-31 7.05253e-31 8.94056e-31 1.12101e-30 1.39008e-30 1.70463e-30 2.06701e-30 2.47828e-30 2.9378e-30 3.44296e-30 3.98886e-30 4.56826e-30 5.17146e-30 5.78648e-30 6.39931e-30 6.99444e-30 7.55538e-30 8.06548e-30 8.50866e-30 8.87035e-30 9.13818e-30 9.3028e-30 9.35833e-30 9.3028e-30 9.13818e-30 8.87035e-30 8.50866e-30 8.06548e-30 7.55538e-30 6.99444e-30 6.39931e-30 5.78648e-30 5.17146e-30 4.56826e-30 3.98886e-30 3.44296e-30 2.9378e-30 2.47828e-30 2.06701e-30 1.70463e-30 1.39008e-30 1.12101e-30 8.94056e-31 7.05253e-31 5.50278e-31 4.24728e-31 3.24316e-31 2.45012e-31 1.83149e-31 1.35474e-31 9.91689e-32 7.18455e-32 5.15183e-32 3.65676e-32 2.56943e-32 1.78737e-32 1.23101e-32 8.3948e-33 5.66876e-33 3.79074e-33 2.51041e-33 1.64655e-33 1.06965e-33 6.88285e-34 4.38706e-34 2.77e-34 1.73262e-34 1.07366e-34 6.59144e-35 4.00924e-35 2.41616e-35 1.44272e-35 8.53574e-36 5.00396e-36 2.90676e-36 1.67315e-36 9.54323e-37 5.39384e-37 3.02098e-37 1.67667e-37 9.22148e-38 5.02586e-38 2.71444e-38 1.45281e-38 7.70549e-39 4.05e-39 2.10947e-39 1.08882e-39 5.56933e-40 2.82303e-40 1.41806e-40 7.05894e-41 3.48218e-41 1.70228e-41 8.24665e-42 3.95908e-42 1.88357e-42 8.88056e-43 4.14928e-43 1.92124e-43 8.81591e-44 4.00898e-44 1.80669e-44 8.069e-45 3.57146e-45 1.56663e-45 6.81056e-46 2.93429e-46 1.25294e-46 5.30235e-47 2.22395e-47 9.24496e-48 3.80903e-48 1.55546e-48 6.29572e-49 2.5257e-49 1.00433e-49 3.95868e-50 1.54712e-50 6.00582e-51 2.34478e-51 9.98244e-52 
1.58598e-51 2.39739e-51 5.62635e-51 1.44e-50 3.70684e-50 9.47832e-50 2.40307e-49 6.03936e-49 1.50447e-48 3.71478e-48 9.09148e-48 2.20537e-47 5.30235e-47 1.26354e-46 2.98428e-46 6.98574e-46 1.62071e-45 3.72659e-45 8.49239e-45 1.91803e-44 4.29323e-44 9.52388e-44 2.09383e-43 4.56212e-43 9.8511e-43 2.10812e-42 4.47092e-42 9.39699e-42 1.95736e-41 4.04054e-41 8.26602e-41 1.67588e-40 3.36725e-40 6.70499e-40 1.32315e-39 2.58766e-39 5.01528e-39 9.63323e-39 1.83374e-38 3.45933e-38 6.46748e-38 1.1983e-37 2.20029e-37 4.00388e-37 7.22043e-37 1.2904e-36 2.28539e-36 4.01113e-36 6.97651e-36 1.20245e-35 2.05375e-35 3.47593e-35 5.82941e-35 9.68723e-35 1.59508e-34 2.60231e-34 4.20643e-34 6.73644e-34 1.06878e-33 1.67986e-33 2.61551e-33 4.03383e-33 6.16215e-33 9.32341e-33 1.39707e-32 2.07315e-32 3.04639e-32 4.4325e-32 6.38541e-32 9.10691e-32 1.28577e-31 1.79691e-31 2.48556e-31 3.4027e-31 4.60982e-31 6.17971e-31 8.19671e-31 1.07562e-30 1.39633e-30 1.79305e-30 2.27735e-30 2.86068e-30 3.55362e-30 4.36517e-30 5.30183e-30 6.36667e-30 7.55839e-30 8.87046e-30 1.02905e-29 1.17996e-29 1.33728e-29 1.49786e-29 1.65804e-29 1.81373e-29 1.96061e-29 2.09427e-29 2.21046e-29 2.30533e-29 2.37561e-29 2.41882e-29 2.4334e-29 2.41882e-29 2.37561e-29 2.30533e-29 2.21046e-29 2.09427e-29 1.96061e-29 1.81373e-29 1.65804e-29 1.49786e-29 1.33728e-29 1.17996e-29 1.02905e-29 8.87046e-30 7.55839e-30 6.36667e-30 5.30183e-30 4.36517e-30 3.55362e-30 2.86068e-30 2.27735e-30 1.79305e-30 1.39633e-30 1.07562e-30 8.19671e-31 6.17971e-31 4.60982e-31 3.4027e-31 2.48556e-31 1.79691e-31 1.28577e-31 9.10691e-32 6.38541e-32 4.4325e-32 3.04639e-32 2.07315e-32 1.39707e-32 9.32341e-33 6.16215e-33 4.03383e-33 2.61551e-33 1.67986e-33 1.06878e-33 6.73644e-34 4.20643e-34 2.60231e-34 1.59508e-34 9.68723e-35 5.82941e-35 3.47593e-35 2.05375e-35 1.20245e-35 6.97651e-36 4.01113e-36 2.28539e-36 1.2904e-36 7.22043e-37 4.00388e-37 2.20029e-37 1.1983e-37 6.46748e-38 3.45933e-38 1.83374e-38 9.63323e-39 5.01528e-39 2.58766e-39 1.32315e-39 6.70499e-40 3.36725e-40 1.67588e-40 8.26602e-41 4.04054e-41 1.95736e-41 9.39699e-42 4.47092e-42 2.10812e-42 9.8511e-43 4.56212e-43 2.09383e-43 9.52388e-44 4.29323e-44 1.91803e-44 8.49239e-45 3.72659e-45 1.62071e-45 6.98574e-46 2.98428e-46 1.26354e-46 5.30235e-47 2.20537e-47 9.09148e-48 3.71478e-48 1.50447e-48 6.03936e-49 2.40307e-49 9.47832e-50 3.70684e-50 1.44e-50 5.62635e-51 2.39739e-51 
3.77626e-51 5.70509e-51 1.33777e-50 3.42129e-50 8.8009e-50 2.24887e-49 5.69793e-49 1.4311e-48 3.56284e-48 8.79211e-48 2.15056e-47 5.21393e-47 1.25294e-46 2.98428e-46 7.04513e-46 1.64845e-45 3.82289e-45 8.78693e-45 2.00174e-44 4.51958e-44 1.01137e-43 2.24302e-43 4.93031e-43 1.07405e-42 2.31894e-42 4.96208e-42 1.05232e-41 2.21176e-41 4.60723e-41 9.51152e-41 1.94612e-40 3.94637e-40 7.93119e-40 1.57975e-39 3.11855e-39 6.10141e-39 1.1831e-38 2.27367e-38 4.33061e-38 8.17498e-38 1.52947e-37 2.83602e-37 5.21187e-37 9.49273e-37 1.71356e-36 3.06562e-36 5.43552e-36 9.55135e-36 1.66335e-35 2.87072e-35 4.90997e-35 8.32221e-35 1.39785e-34 2.32664e-34 3.83739e-34 6.27139e-34 1.01554e-33 1.62936e-33 2.59002e-33 4.07883e-33 6.36342e-33 9.83432e-33 1.50546e-32 2.28265e-32 3.42786e-32 5.0979e-32 7.50775e-32 1.09483e-31 1.58076e-31 2.2596e-31 3.19748e-31 4.47873e-31 6.2092e-31 8.5194e-31 1.15674e-30 1.55409e-30 2.0658e-30 2.71666e-30 3.53405e-30 4.54739e-30 5.78715e-30 7.28352e-30 9.06469e-30 1.11548e-29 1.35718e-29 1.63244e-29 1.94102e-29 2.28133e-29 2.65018e-29 3.04275e-29 3.4525e-29 3.87126e-29 4.28944e-29 4.69631e-29 5.08046e-29 5.4303e-29 5.73462e-29 5.98322e-29 6.16745e-29 6.28074e-29 6.31897e-29 6.28074e-29 6.16745e-29 5.98322e-29 5.73462e-29 5.4303e-29 5.08046e-29 4.69631e-29 4.28944e-29 3.87126e-29 3.4525e-29 3.04275e-29 2.65018e-29 2.28133e-29 1.94102e-29 1.63244e-29 1.35718e-29 1.11548e-29 9.06469e-30 7.28352e-30 5.78715e-30 4.54739e-30 3.53405e-30 2.71666e-30 2.0658e-30 1.55409e-30 1.15674e-30 8.5194e-31 6.2092e-31 4.47873e-31 3.19748e-31 2.2596e-31 1.58076e-31 1.09483e-31 7.50775e-32 5.0979e-32 3.42786e-32 2.28265e-32 1.50546e-32 9.83432e-33 6.36342e-33 4.07883e-33 2.59002e-33 1.62936e-33 1.01554e-33 6.27139e-34 3.83739e-34 2.32664e-34 1.39785e-34 8.32221e-35 4.90997e-35 2.87072e-35 1.66335e-35 9.55135e-36 5.43552e-36 3.06562e-36 1.71356e-36 9.49273e-37 5.21187e-37 2.83602e-37 1.52947e-37 8.17498e-38 4.33061e-38 2.27367e-38 1.1831e-38 6.10141e-39 3.11855e-39 1.57975e-39 7.93119e-40 3.94637e-40 1.94612e-40 9.51152e-41 4.60723e-41 2.21176e-41 1.05232e-41 4.96208e-42 2.31894e-42 1.07405e-42 4.93031e-43 2.24302e-43 1.01137e-43 4.51958e-44 2.00174e-44 8.78693e-45 3.82289e-45 1.64845e-45 7.04513e-46 2.98428e-46 1.25294e-46 5.21393e-47 2.15056e-47 8.79211e-48 3.56284e-48 1.4311e-48 5.69793e-49 2.24887e-49 8.8009e-50 3.42129e-50 1.33777e-50 5.70509e-51 
8.90907e-51 1.34523e-50 3.15177e-50 8.05462e-50 2.07056e-49 5.28739e-49 1.33881e-48 3.36053e-48 8.36146e-48 2.06222e-47 5.04149e-47 1.22166e-46 2.93429e-46 6.98574e-46 1.64845e-45 3.85554e-45 8.93802e-45 2.05371e-44 4.67708e-44 1.05572e-43 2.36186e-43 5.23712e-43 1.15097e-42 2.50704e-42 5.41241e-42 1.1581e-41 2.45603e-41 5.16237e-41 1.07546e-40 2.2206e-40 4.54441e-40 9.2176e-40 1.85307e-39 3.69236e-39 7.29209e-39 1.42738e-38 2.7693e-38 5.32526e-38 1.01498e-37 1.91741e-37 3.59022e-37 6.66304e-37 1.22566e-36 2.23465e-36 4.03824e-36 7.23296e-36 1.28403e-35 2.25928e-35 3.93993e-35 6.80971e-35 1.16649e-34 1.98032e-34 3.33182e-34 5.5553e-34 9.17908e-34 1.50293e-33 2.43844e-33 3.92012e-33 6.2442e-33 9.85427e-33 1.54069e-32 2.38631e-32 3.66124e-32 5.56403e-32 8.3749e-32 1.24843e-31 1.84295e-31 2.69393e-31 3.89896e-31 5.58675e-31 7.92465e-31 1.11268e-30 1.54628e-30 2.12664e-30 2.89429e-30 3.89755e-30 5.19277e-30 6.84417e-30 8.92308e-30 1.15064e-29 1.4674e-29 1.85057e-29 2.30765e-29 2.84511e-29 3.46782e-29 4.17835e-29 4.97632e-29 5.8578e-29 6.81475e-29 7.83473e-29 8.90082e-29 9.99172e-29 1.10823e-28 1.21446e-28 1.31484e-28 1.40632e-28 1.48596e-28 1.55104e-28 1.5993e-28 1.62898e-28 1.63899e-28 1.62898e-28 1.5993e-28 1.55104e-28 1.48596e-28 1.40632e-28 1.31484e-28 1.21446e-28 1.10823e-28 9.99172e-29 8.90082e-29 7.83473e-29 6.81475e-29 5.8578e-29 4.97632e-29 4.17835e-29 3.46782e-29 2.84511e-29 2.30765e-29 1.85057e-29 1.4674e-29 1.15064e-29 8.92308e-30 6.84417e-30 5.19277e-30 3.89755e-30 2.89429e-30 2.12664e-30 1.54628e-30 1.11268e-30 7.92465e-31 5.58675e-31 3.89896e-31 2.69393e-31 1.84295e-31 1.24843e-31 8.3749e-32 5.56403e-32 3.66124e-32 2.38631e-32 1.54069e-32 9.85427e-33 6.2442e-33 3.92012e-33 2.43844e-33 1.50293e-33 9.17908e-34 5.5553e-34 3.33182e-34 1.98032e-34 1.16649e-34 6.80971e-35 3.93993e-35 2.25928e-35 1.28403e-35 7.23296e-36 4.03824e-36 2.23465e-36 1.22566e-36 6.66304e-37 3.59022e-37 1.91741e-37 1.01498e-37 5.32526e-38 2.7693e-38 1.42738e-38 7.29209e-39 3.69236e-39 1.85307e-39 9.2176e-40 4.54441e-40 2.2206e-40 1.07546e-40 5.16237e-41 2.45603e-41 1.1581e-41 5.41241e-42 2.50704e-42 1.15097e-42 5.23712e-43 2.36186e-43 1.05572e-43 4.67708e-44 2.05371e-44 8.93802e-45 3.85554e-45 1.64845e-45 6.98574e-46 2.93429e-46 1.22166e-46 5.04149e-47 2.06222e-47 8.36146e-48 3.36053e-48 1.33881e-48 5.28739e-49 2.07056e-49 8.05462e-50 3.15177e-50 1.34523e-50 
