0.477728 0.477752 0.4778 0.477872 0.477968 0.478088 0.47823 0.478394 0.47858 0.478786 0.479013 0.479259 0.479523 0.479804 0.480101 0.480413 0.480739 0.481077 0.481426 0.481784 0.482151 0.482525 0.482903 0.483286 0.483671 0.484057 0.484442 0.484824 0.485203 0.485577 0.485943 0.486302 0.486651 0.486989 0.487315 0.487627 0.487924 0.488205 0.488469 0.488715 0.488941 0.489148 0.489334 0.489498 0.48964 0.489759 0.489855 0.489927 0.489976 0.49 0.49 0.489976 0.489927 0.489855 0.489759 0.48964 0.489498 0.489334 0.489148 0.488941 0.488715 0.488469 0.488205 0.487924 0.487627 0.487315 0.486989 0.486651 0.486302 0.485943 0.485577 0.485203 0.484824 0.484442 0.484057 0.483671 0.483286 0.482903 0.482525 0.482151 0.481784 0.481426 0.481077 0.480739 0.480413 0.480101 0.479804 0.479523 0.479259 0.479013 0.478786 0.47858 0.478394 0.47823 0.478088 0.477968 0.477872 0.4778 0.477752 0.477728 
0.477752 0.477776 0.477824 0.477897 0.477993 0.478112 0.478254 0.478418 0.478604 0.47881 0.479037 0.479283 0.479547 0.479828 0.480125 0.480437 0.480763 0.481101 0.48145 0.481808 0.482175 0.482549 0.482928 0.48331 0.483695 0.484081 0.484466 0.484848 0.485227 0.485601 0.485968 0.486326 0.486675 0.487013 0.487339 0.487651 0.487948 0.488229 0.488493 0.488739 0.488966 0.489172 0.489358 0.489522 0.489664 0.489783 0.489879 0.489952 0.49 0.490024 0.490024 0.49 0.489952 0.489879 0.489783 0.489664 0.489522 0.489358 0.489172 0.488966 0.488739 0.488493 0.488229 0.487948 0.487651 0.487339 0.487013 0.486675 0.486326 0.485968 0.485601 0.485227 0.484848 0.484466 0.484081 0.483695 0.48331 0.482928 0.482549 0.482175 0.481808 0.48145 0.481101 0.480763 0.480437 0.480125 0.479828 0.479547 0.479283 0.479037 0.47881 0.478604 0.478418 0.478254 0.478112 0.477993 0.477897 0.477824 0.477776 0.477752 
0.4778 0.477824 0.477873 0.477945 0.478041 0.47816 0.478302 0.478466 0.478652 0.478859 0.479085 0.479331 0.479595 0.479876 0.480174 0.480486 0.480811 0.481149 0.481498 0.481857 0.482224 0.482597 0.482976 0.483359 0.483744 0.484129 0.484514 0.484897 0.485276 0.485649 0.486016 0.486375 0.486724 0.487061 0.487387 0.487699 0.487996 0.488277 0.488541 0.488787 0.489014 0.489221 0.489406 0.489571 0.489713 0.489832 0.489928 0.49 0.490048 0.490073 0.490073 0.490048 0.49 0.489928 0.489832 0.489713 0.489571 0.489406 0.489221 0.489014 0.488787 0.488541 0.488277 0.487996 0.487699 0.487387 0.487061 0.486724 0.486375 0.486016 0.485649 0.485276 0.484897 0.484514 0.484129 0.483744 0.483359 0.482976 0.482597 0.482224 0.481857 0.481498 0.481149 0.480811 0.480486 0.480174 0.479876 0.479595 0.479331 0.479085 0.478859 0.478652 0.478466 0.478302 0.47816 0.478041 0.477945 0.477873 0.477824 0.4778 
0.477872 0.477897 0.477945 0.478017 0.478113 0.478232 0.478374 0.478539 0.478724 0.478931 0.479158 0.479404 0.479668 0.479949 0.480246 0.480558 0.480884 0.481221 0.48157 0.481929 0.482296 0.482669 0.483048 0.483431 0.483816 0.484201 0.484586 0.484969 0.485348 0.485721 0.486088 0.486447 0.486796 0.487134 0.487459 0.487771 0.488069 0.48835 0.488614 0.48886 0.489086 0.489293 0.489479 0.489643 0.489785 0.489904 0.49 0.490072 0.490121 0.490145 0.490145 0.490121 0.490072 0.49 0.489904 0.489785 0.489643 0.489479 0.489293 0.489086 0.48886 0.488614 0.48835 0.488069 0.487771 0.487459 0.487134 0.486796 0.486447 0.486088 0.485721 0.485348 0.484969 0.484586 0.484201 0.483816 0.483431 0.483048 0.482669 0.482296 0.481929 0.48157 0.481221 0.480884 0.480558 0.480246 0.479949 0.479668 0.479404 0.479158 0.478931 0.478724 0.478539 0.478374 0.478232 0.478113 0.478017 0.477945 0.477897 0.477872 
0.477968 0.477993 0.478041 0.478113 0.478209 0.478328 0.47847 0.478634 0.47882 0.479027 0.479254 0.479499 0.479763 0.480045 0.480342 0.480654 0.480979 0.481317 0.481666 0.482025 0.482392 0.482765 0.483144 0.483527 0.483912 0.484297 0.484682 0.485065 0.485444 0.485817 0.486184 0.486543 0.486892 0.48723 0.487555 0.487867 0.488164 0.488446 0.48871 0.488955 0.489182 0.489389 0.489575 0.489739 0.489881 0.49 0.490096 0.490168 0.490217 0.490241 0.490241 0.490217 0.490168 0.490096 0.49 0.489881 0.489739 0.489575 0.489389 0.489182 0.488955 0.48871 0.488446 0.488164 0.487867 0.487555 0.48723 0.486892 0.486543 0.486184 0.485817 0.485444 0.485065 0.484682 0.484297 0.483912 0.483527 0.483144 0.482765 0.482392 0.482025 0.481666 0.481317 0.480979 0.480654 0.480342 0.480045 0.479763 0.479499 0.479254 0.479027 0.47882 0.478634 0.47847 0.478328 0.478209 0.478113 0.478041 0.477993 0.477968 
0.478088 0.478112 0.47816 0.478232 0.478328 0.478447 0.478589 0.478754 0.478939 0.479146 0.479373 0.479619 0.479883 0.480164 0.480461 0.480773 0.481099 0.481437 0.481786 0.482144 0.482511 0.482884 0.483263 0.483646 0.484031 0.484417 0.484801 0.485184 0.485563 0.485937 0.486303 0.486662 0.487011 0.487349 0.487674 0.487986 0.488284 0.488565 0.488829 0.489075 0.489301 0.489508 0.489694 0.489858 0.49 0.490119 0.490215 0.490287 0.490336 0.49036 0.49036 0.490336 0.490287 0.490215 0.490119 0.49 0.489858 0.489694 0.489508 0.489301 0.489075 0.488829 0.488565 0.488284 0.487986 0.487674 0.487349 0.487011 0.486662 0.486303 0.485937 0.485563 0.485184 0.484801 0.484417 0.484031 0.483646 0.483263 0.482884 0.482511 0.482144 0.481786 0.481437 0.481099 0.480773 0.480461 0.480164 0.479883 0.479619 0.479373 0.479146 0.478939 0.478754 0.478589 0.478447 0.478328 0.478232 0.47816 0.478112 0.478088 
0.47823 0.478254 0.478302 0.478374 0.47847 0.478589 0.478731 0.478896 0.479081 0.479288 0.479515 0.479761 0.480025 0.480306 0.480603 0.480915 0.481241 0.481579 0.481928 0.482286 0.482653 0.483026 0.483405 0.483788 0.484173 0.484559 0.484943 0.485326 0.485705 0.486078 0.486445 0.486804 0.487153 0.487491 0.487816 0.488128 0.488426 0.488707 0.488971 0.489217 0.489443 0.48965 0.489836 0.49 0.490142 0.490261 0.490357 0.490429 0.490478 0.490502 0.490502 0.490478 0.490429 0.490357 0.490261 0.490142 0.49 0.489836 0.48965 0.489443 0.489217 0.488971 0.488707 0.488426 0.488128 0.487816 0.487491 0.487153 0.486804 0.486445 0.486078 0.485705 0.485326 0.484943 0.484559 0.484173 0.483788 0.483405 0.483026 0.482653 0.482286 0.481928 0.481579 0.481241 0.480915 0.480603 0.480306 0.480025 0.479761 0.479515 0.479288 0.479081 0.478896 0.478731 0.478589 0.47847 0.478374 0.478302 0.478254 0.47823 
0.478394 0.478418 0.478466 0.478539 0.478634 0.478754 0.478896 0.47906 0.479246 0.479452 0.479679 0.479925 0.480189 0.48047 0.480767 0.481079 0.481405 0.481743 0.482092 0.48245 0.482817 0.483191 0.48357 0.483952 0.484337 0.484723 0.485108 0.48549 0.485869 0.486243 0.486609 0.486968 0.487317 0.487655 0.487981 0.488293 0.48859 0.488871 0.489135 0.489381 0.489608 0.489814 0.49 0.490164 0.490306 0.490425 0.490521 0.490594 0.490642 0.490666 0.490666 0.490642 0.490594 0.490521 0.490425 0.490306 0.490164 0.49 0.489814 0.489608 0.489381 0.489135 0.488871 0.48859 0.488293 0.487981 0.487655 0.487317 0.486968 0.486609 0.486243 0.485869 0.48549 0.485108 0.484723 0.484337 0.483952 0.48357 0.483191 0.482817 0.48245 0.482092 0.481743 0.481405 0.481079 0.480767 0.48047 0.480189 0.479925 0.479679 0.479452 0.479246 0.47906 0.478896 0.478754 0.478634 0.478539 0.478466 0.478418 0.478394 
0.47858 0.478604 0.478652 0.478724 0.47882 0.478939 0.479081 0.479246 0.479431 0.479638 0.479865 0.480111 0.480375 0.480656 0.480953 0.481265 0.481591 0.481929 0.482278 0.482636 0.483003 0.483376 0.483755 0.484138 0.484523 0.484909 0.485293 0.485676 0.486055 0.486428 0.486795 0.487154 0.487503 0.487841 0.488166 0.488478 0.488776 0.489057 0.489321 0.489567 0.489793 0.49 0.490186 0.49035 0.490492 0.490611 0.490707 0.490779 0.490828 0.490852 0.490852 0.490828 0.490779 0.490707 0.490611 0.490492 0.49035 0.490186 0.49 0.489793 0.489567 0.489321 0.489057 0.488776 0.488478 0.488166 0.487841 0.487503 0.487154 0.486795 0.486428 0.486055 0.485676 0.485293 0.484909 0.484523 0.484138 0.483755 0.483376 0.483003 0.482636 0.482278 0.481929 0.481591 0.481265 0.480953 0.480656 0.480375 0.480111 0.479865 0.479638 0.479431 0.479246 0.479081 0.478939 0.47882 0.478724 0.478652 0.478604 0.47858 
0.478786 0.47881 0.478859 0.478931 0.479027 0.479146 0.479288 0.479452 0.479638 0.479845 0.480071 0.480317 0.480581 0.480862 0.48116 0.481472 0.481797 0.482135 0.482484 0.482843 0.48321 0.483583 0.483962 0.484345 0.48473 0.485115 0.4855 0.485883 0.486262 0.486635 0.487002 0.487361 0.48771 0.488047 0.488373 0.488685 0.488982 0.489263 0.489527 0.489773 0.49 0.490207 0.490392 0.490557 0.490699 0.490818 0.490914 0.490986 0.491034 0.491059 0.491059 0.491034 0.490986 0.490914 0.490818 0.490699 0.490557 0.490392 0.490207 0.49 0.489773 0.489527 0.489263 0.488982 0.488685 0.488373 0.488047 0.48771 0.487361 0.487002 0.486635 0.486262 0.485883 0.4855 0.485115 0.48473 0.484345 0.483962 0.483583 0.48321 0.482843 0.482484 0.482135 0.481797 0.481472 0.48116 0.480862 0.480581 0.480317 0.480071 0.479845 0.479638 0.479452 0.479288 0.479146 0.479027 0.478931 0.478859 0.47881 0.478786 
0.479013 0.479037 0.479085 0.479158 0.479254 0.479373 0.479515 0.479679 0.479865 0.480071 0.480298 0.480544 0.480808 0.481089 0.481386 0.481698 0.482024 0.482362 0.482711 0.483069 0.483436 0.48381 0.484189 0.484571 0.484956 0.485342 0.485727 0.486109 0.486488 0.486862 0.487229 0.487587 0.487936 0.488274 0.4886 0.488912 0.489209 0.48949 0.489754 0.49 0.490227 0.490433 0.490619 0.490783 0.490925 0.491045 0.49114 0.491213 0.491261 0.491285 0.491285 0.491261 0.491213 0.49114 0.491045 0.490925 0.490783 0.490619 0.490433 0.490227 0.49 0.489754 0.48949 0.489209 0.488912 0.4886 0.488274 0.487936 0.487587 0.487229 0.486862 0.486488 0.486109 0.485727 0.485342 0.484956 0.484571 0.484189 0.48381 0.483436 0.483069 0.482711 0.482362 0.482024 0.481698 0.481386 0.481089 0.480808 0.480544 0.480298 0.480071 0.479865 0.479679 0.479515 0.479373 0.479254 0.479158 0.479085 0.479037 0.479013 
0.479259 0.479283 0.479331 0.479404 0.479499 0.479619 0.479761 0.479925 0.480111 0.480317 0.480544 0.48079 0.481054 0.481335 0.481632 0.481944 0.48227 0.482608 0.482957 0.483315 0.483682 0.484056 0.484435 0.484817 0.485202 0.485588 0.485973 0.486355 0.486734 0.487108 0.487474 0.487833 0.488182 0.48852 0.488846 0.489158 0.489455 0.489736 0.49 0.490246 0.490473 0.490679 0.490865 0.491029 0.491171 0.49129 0.491386 0.491459 0.491507 0.491531 0.491531 0.491507 0.491459 0.491386 0.49129 0.491171 0.491029 0.490865 0.490679 0.490473 0.490246 0.49 0.489736 0.489455 0.489158 0.488846 0.48852 0.488182 0.487833 0.487474 0.487108 0.486734 0.486355 0.485973 0.485588 0.485202 0.484817 0.484435 0.484056 0.483682 0.483315 0.482957 0.482608 0.48227 0.481944 0.481632 0.481335 0.481054 0.48079 0.480544 0.480317 0.480111 0.479925 0.479761 0.479619 0.479499 0.479404 0.479331 0.479283 0.479259 
0.479523 0.479547 0.479595 0.479668 0.479763 0.479883 0.480025 0.480189 0.480375 0.480581 0.480808 0.481054 0.481318 0.481599 0.481896 0.482208 0.482534 0.482872 0.483221 0.483579 0.483946 0.48432 0.484699 0.485081 0.485466 0.485852 0.486237 0.486619 0.486998 0.487372 0.487738 0.488097 0.488446 0.488784 0.48911 0.489422 0.489719 0.49 0.490264 0.49051 0.490737 0.490943 0.491129 0.491293 0.491435 0.491554 0.49165 0.491723 0.491771 0.491795 0.491795 0.491771 0.491723 0.49165 0.491554 0.491435 0.491293 0.491129 0.490943 0.490737 0.49051 0.490264 0.49 0.489719 0.489422 0.48911 0.488784 0.488446 0.488097 0.487738 0.487372 0.486998 0.486619 0.486237 0.485852 0.485466 0.485081 0.484699 0.48432 0.483946 0.483579 0.483221 0.482872 0.482534 0.482208 0.481896 0.481599 0.481318 0.481054 0.480808 0.480581 0.480375 0.480189 0.480025 0.479883 0.479763 0.479668 0.479595 0.479547 0.479523 
0.479804 0.479828 0.479876 0.479949 0.480045 0.480164 0.480306 0.48047 0.480656 0.480862 0.481089 0.481335 0.481599 0.48188 0.482177 0.482489 0.482815 0.483153 0.483502 0.48386 0.484227 0.484601 0.48498 0.485362 0.485747 0.486133 0.486518 0.4869 0.487279 0.487653 0.48802 0.488378 0.488727 0.489065 0.489391 0.489703 0.49 0.490281 0.490545 0.490791 0.491018 0.491224 0.49141 0.491574 0.491716 0.491836 0.491931 0.492004 0.492052 0.492076 0.492076 0.492052 0.492004 0.491931 0.491836 0.491716 0.491574 0.49141 0.491224 0.491018 0.490791 0.490545 0.490281 0.49 0.489703 0.489391 0.489065 0.488727 0.488378 0.48802 0.487653 0.487279 0.4869 0.486518 0.486133 0.485747 0.485362 0.48498 0.484601 0.484227 0.48386 0.483502 0.483153 0.482815 0.482489 0.482177 0.48188 0.481599 0.481335 0.481089 0.480862 0.480656 0.48047 0.480306 0.480164 0.480045 0.479949 0.479876 0.479828 0.479804 
0.480101 0.480125 0.480174 0.480246 0.480342 0.480461 0.480603 0.480767 0.480953 0.48116 0.481386 0.481632 0.481896 0.482177 0.482474 0.482786 0.483112 0.48345 0.483799 0.484158 0.484524 0.484898 0.485277 0.485659 0.486044 0.48643 0.486815 0.487198 0.487576 0.48795 0.488317 0.488675 0.489024 0.489362 0.489688 0.49 0.490297 0.490578 0.490842 0.491088 0.491315 0.491522 0.491707 0.491872 0.492014 0.492133 0.492229 0.492301 0.492349 0.492373 0.492373 0.492349 0.492301 0.492229 0.492133 0.492014 0.491872 0.491707 0.491522 0.491315 0.491088 0.490842 0.490578 0.490297 0.49 0.489688 0.489362 0.489024 0.488675 0.488317 0.48795 0.487576 0.487198 0.486815 0.48643 0.486044 0.485659 0.485277 0.484898 0.484524 0.484158 0.483799 0.48345 0.483112 0.482786 0.482474 0.482177 0.481896 0.481632 0.481386 0.48116 0.480953 0.480767 0.480603 0.480461 0.480342 0.480246 0.480174 0.480125 0.480101 
0.480413 0.480437 0.480486 0.480558 0.480654 0.480773 0.480915 0.481079 0.481265 0.481472 0.481698 0.481944 0.482208 0.482489 0.482786 0.483098 0.483424 0.483762 0.484111 0.48447 0.484836 0.48521 0.485589 0.485971 0.486356 0.486742 0.487127 0.48751 0.487888 0.488262 0.488629 0.488987 0.489336 0.489674 0.49 0.490312 0.490609 0.49089 0.491154 0.4914 0.491627 0.491834 0.492019 0.492184 0.492326 0.492445 0.492541 0.492613 0.492661 0.492685 0.492685 0.492661 0.492613 0.492541 0.492445 0.492326 0.492184 0.492019 0.491834 0.491627 0.4914 0.491154 0.49089 0.490609 0.490312 0.49 0.489674 0.489336 0.488987 0.488629 0.488262 0.487888 0.48751 0.487127 0.486742 0.486356 0.485971 0.485589 0.48521 0.484836 0.48447 0.484111 0.483762 0.483424 0.483098 0.482786 0.482489 0.482208 0.481944 0.481698 0.481472 0.481265 0.481079 0.480915 0.480773 0.480654 0.480558 0.480486 0.480437 0.480413 
0.480739 0.480763 0.480811 0.480884 0.480979 0.481099 0.481241 0.481405 0.481591 0.481797 0.482024 0.48227 0.482534 0.482815 0.483112 0.483424 0.48375 0.484088 0.484437 0.484795 0.485162 0.485536 0.485914 0.486297 0.486682 0.487068 0.487453 0.487835 0.488214 0.488588 0.488954 0.489313 0.489662 0.49 0.490326 0.490638 0.490935 0.491216 0.49148 0.491726 0.491953 0.492159 0.492345 0.492509 0.492651 0.49277 0.492866 0.492939 0.492987 0.493011 0.493011 0.492987 0.492939 0.492866 0.49277 0.492651 0.492509 0.492345 0.492159 0.491953 0.491726 0.49148 0.491216 0.490935 0.490638 0.490326 0.49 0.489662 0.489313 0.488954 0.488588 0.488214 0.487835 0.487453 0.487068 0.486682 0.486297 0.485914 0.485536 0.485162 0.484795 0.484437 0.484088 0.48375 0.483424 0.483112 0.482815 0.482534 0.48227 0.482024 0.481797 0.481591 0.481405 0.481241 0.481099 0.480979 0.480884 0.480811 0.480763 0.480739 
0.481077 0.481101 0.481149 0.481221 0.481317 0.481437 0.481579 0.481743 0.481929 0.482135 0.482362 0.482608 0.482872 0.483153 0.48345 0.483762 0.484088 0.484426 0.484775 0.485133 0.4855 0.485874 0.486252 0.486635 0.48702 0.487406 0.487791 0.488173 0.488552 0.488926 0.489292 0.489651 0.49 0.490338 0.490664 0.490976 0.491273 0.491554 0.491818 0.492064 0.49229 0.492497 0.492683 0.492847 0.492989 0.493108 0.493204 0.493276 0.493325 0.493349 0.493349 0.493325 0.493276 0.493204 0.493108 0.492989 0.492847 0.492683 0.492497 0.49229 0.492064 0.491818 0.491554 0.491273 0.490976 0.490664 0.490338 0.49 0.489651 0.489292 0.488926 0.488552 0.488173 0.487791 0.487406 0.48702 0.486635 0.486252 0.485874 0.4855 0.485133 0.484775 0.484426 0.484088 0.483762 0.48345 0.483153 0.482872 0.482608 0.482362 0.482135 0.481929 0.481743 0.481579 0.481437 0.481317 0.481221 0.481149 0.481101 0.481077 
0.481426 0.48145 0.481498 0.48157 0.481666 0.481786 0.481928 0.482092 0.482278 0.482484 0.482711 0.482957 0.483221 0.483502 0.483799 0.484111 0.484437 0.484775 0.485124 0.485482 0.485849 0.486223 0.486601 0.486984 0.487369 0.487755 0.48814 0.488522 0.488901 0.489275 0.489641 0.49 0.490349 0.490687 0.491013 0.491325 0.491622 0.491903 0.492167 0.492413 0.492639 0.492846 0.493032 0.493196 0.493338 0.493457 0.493553 0.493625 0.493674 0.493698 0.493698 0.493674 0.493625 0.493553 0.493457 0.493338 0.493196 0.493032 0.492846 0.492639 0.492413 0.492167 0.491903 0.491622 0.491325 0.491013 0.490687 0.490349 0.49 0.489641 0.489275 0.488901 0.488522 0.48814 0.487755 0.487369 0.486984 0.486601 0.486223 0.485849 0.485482 0.485124 0.484775 0.484437 0.484111 0.483799 0.483502 0.483221 0.482957 0.482711 0.482484 0.482278 0.482092 0.481928 0.481786 0.481666 0.48157 0.481498 0.48145 0.481426 
0.481784 0.481808 0.481857 0.481929 0.482025 0.482144 0.482286 0.48245 0.482636 0.482843 0.483069 0.483315 0.483579 0.48386 0.484158 0.48447 0.484795 0.485133 0.485482 0.485841 0.486208 0.486581 0.48696 0.487343 0.487728 0.488113 0.488498 0.488881 0.48926 0.489633 0.49 0.490359 0.490708 0.491046 0.491371 0.491683 0.49198 0.492261 0.492526 0.492771 0.492998 0.493205 0.493391 0.493555 0.493697 0.493816 0.493912 0.493984 0.494032 0.494057 0.494057 0.494032 0.493984 0.493912 0.493816 0.493697 0.493555 0.493391 0.493205 0.492998 0.492771 0.492526 0.492261 0.49198 0.491683 0.491371 0.491046 0.490708 0.490359 0.49 0.489633 0.48926 0.488881 0.488498 0.488113 0.487728 0.487343 0.48696 0.486581 0.486208 0.485841 0.485482 0.485133 0.484795 0.48447 0.484158 0.48386 0.483579 0.483315 0.483069 0.482843 0.482636 0.48245 0.482286 0.482144 0.482025 0.481929 0.481857 0.481808 0.481784 
0.482151 0.482175 0.482224 0.482296 0.482392 0.482511 0.482653 0.482817 0.483003 0.48321 0.483436 0.483682 0.483946 0.484227 0.484524 0.484836 0.485162 0.4855 0.485849 0.486208 0.486574 0.486948 0.487327 0.487709 0.488094 0.48848 0.488865 0.489248 0.489626 0.49 0.490367 0.490725 0.491074 0.491412 0.491738 0.49205 0.492347 0.492628 0.492892 0.493138 0.493365 0.493571 0.493757 0.493922 0.494063 0.494183 0.494279 0.494351 0.494399 0.494423 0.494423 0.494399 0.494351 0.494279 0.494183 0.494063 0.493922 0.493757 0.493571 0.493365 0.493138 0.492892 0.492628 0.492347 0.49205 0.491738 0.491412 0.491074 0.490725 0.490367 0.49 0.489626 0.489248 0.488865 0.48848 0.488094 0.487709 0.487327 0.486948 0.486574 0.486208 0.485849 0.4855 0.485162 0.484836 0.484524 0.484227 0.483946 0.483682 0.483436 0.48321 0.483003 0.482817 0.482653 0.482511 0.482392 0.482296 0.482224 0.482175 0.482151 
0.482525 0.482549 0.482597 0.482669 0.482765 0.482884 0.483026 0.483191 0.483376 0.483583 0.48381 0.484056 0.48432 0.484601 0.484898 0.48521 0.485536 0.485874 0.486223 0.486581 0.486948 0.487322 0.4877 0.488083 0.488468 0.488854 0.489239 0.489621 0.49 0.490374 0.49074 0.491099 0.491448 0.491786 0.492112 0.492424 0.492721 0.493002 0.493266 0.493512 0.493738 0.493945 0.494131 0.494295 0.494437 0.494556 0.494652 0.494724 0.494773 0.494797 0.494797 0.494773 0.494724 0.494652 0.494556 0.494437 0.494295 0.494131 0.493945 0.493738 0.493512 0.493266 0.493002 0.492721 0.492424 0.492112 0.491786 0.491448 0.491099 0.49074 0.490374 0.49 0.489621 0.489239 0.488854 0.488468 0.488083 0.4877 0.487322 0.486948 0.486581 0.486223 0.485874 0.485536 0.48521 0.484898 0.484601 0.48432 0.484056 0.48381 0.483583 0.483376 0.483191 0.483026 0.482884 0.482765 0.482669 0.482597 0.482549 0.482525 
0.482903 0.482928 0.482976 0.483048 0.483144 0.483263 0.483405 0.48357 0.483755 0.483962 0.484189 0.484435 0.484699 0.48498 0.485277 0.485589 0.485914 0.486252 0.486601 0.48696 0.487327 0.4877 0.488079 0.488462 0.488847 0.489232 0.489617 0.49 0.490379 0.490752 0.491119 0.491478 0.491827 0.492165 0.49249 0.492802 0.4931 0.493381 0.493645 0.493891 0.494117 0.494324 0.49451 0.494674 0.494816 0.494935 0.495031 0.495103 0.495152 0.495176 0.495176 0.495152 0.495103 0.495031 0.494935 0.494816 0.494674 0.49451 0.494324 0.494117 0.493891 0.493645 0.493381 0.4931 0.492802 0.49249 0.492165 0.491827 0.491478 0.491119 0.490752 0.490379 0.49 0.489617 0.489232 0.488847 0.488462 0.488079 0.4877 0.487327 0.48696 0.486601 0.486252 0.485914 0.485589 0.485277 0.48498 0.484699 0.484435 0.484189 0.483962 0.483755 0.48357 0.483405 0.483263 0.483144 0.483048 0.482976 0.482928 0.482903 
0.483286 0.48331 0.483359 0.483431 0.483527 0.483646 0.483788 0.483952 0.484138 0.484345 0.484571 0.484817 0.485081 0.485362 0.485659 0.485971 0.486297 0.486635 0.486984 0.487343 0.487709 0.488083 0.488462 0.488844 0.489229 0.489615 0.49 0.490383 0.490761 0.491135 0.491502 0.49186 0.492209 0.492547 0.492873 0.493185 0.493482 0.493763 0.494027 0.494273 0.4945 0.494707 0.494892 0.495057 0.495199 0.495318 0.495414 0.495486 0.495534 0.495558 0.495558 0.495534 0.495486 0.495414 0.495318 0.495199 0.495057 0.494892 0.494707 0.4945 0.494273 0.494027 0.493763 0.493482 0.493185 0.492873 0.492547 0.492209 0.49186 0.491502 0.491135 0.490761 0.490383 0.49 0.489615 0.489229 0.488844 0.488462 0.488083 0.487709 0.487343 0.486984 0.486635 0.486297 0.485971 0.485659 0.485362 0.485081 0.484817 0.484571 0.484345 0.484138 0.483952 0.483788 0.483646 0.483527 0.483431 0.483359 0.48331 0.483286 
0.483671 0.483695 0.483744 0.483816 0.483912 0.484031 0.484173 0.484337 0.484523 0.48473 0.484956 0.485202 0.485466 0.485747 0.486044 0.486356 0.486682 0.48702 0.487369 0.487728 0.488094 0.488468 0.488847 0.489229 0.489614 0.49 0.490385 0.490768 0.491146 0.49152 0.491887 0.492245 0.492594 0.492932 0.493258 0.49357 0.493867 0.494148 0.494412 0.494658 0.494885 0.495091 0.495277 0.495441 0.495583 0.495703 0.495799 0.495871 0.495919 0.495943 0.495943 0.495919 0.495871 0.495799 0.495703 0.495583 0.495441 0.495277 0.495091 0.494885 0.494658 0.494412 0.494148 0.493867 0.49357 0.493258 0.492932 0.492594 0.492245 0.491887 0.49152 0.491146 0.490768 0.490385 0.49 0.489614 0.489229 0.488847 0.488468 0.488094 0.487728 0.487369 0.48702 0.486682 0.486356 0.486044 0.485747 0.485466 0.485202 0.484956 0.48473 0.484523 0.484337 0.484173 0.484031 0.483912 0.483816 0.483744 0.483695 0.483671 
0.484057 0.484081 0.484129 0.484201 0.484297 0.484417 0.484559 0.484723 0.484909 0.485115 0.485342 0.485588 0.485852 0.486133 0.48643 0.486742 0.487068 0.487406 0.487755 0.488113 0.48848 0.488854 0.489232 0.489615 0.49 0.490386 0.490771 0.491153 0.491532 0.491906 0.492272 0.492631 0.49298 0.493318 0.493644 0.493956 0.494253 0.494534 0.494798 0.495044 0.49527 0.495477 0.495663 0.495827 0.495969 0.496088 0.496184 0.496256 0.496305 0.496329 0.496329 0.496305 0.496256 0.496184 0.496088 0.495969 0.495827 0.495663 0.495477 0.49527 0.495044 0.494798 0.494534 0.494253 0.493956 0.493644 0.493318 0.49298 0.492631 0.492272 0.491906 0.491532 0.491153 0.490771 0.490386 0.49 0.489615 0.489232 0.488854 0.48848 0.488113 0.487755 0.487406 0.487068 0.486742 0.48643 0.486133 0.485852 0.485588 0.485342 0.485115 0.484909 0.484723 0.484559 0.484417 0.484297 0.484201 0.484129 0.484081 0.484057 
0.484442 0.484466 0.484514 0.484586 0.484682 0.484801 0.484943 0.485108 0.485293 0.4855 0.485727 0.485973 0.486237 0.486518 0.486815 0.487127 0.487453 0.487791 0.48814 0.488498 0.488865 0.489239 0.489617 0.49 0.490385 0.490771 0.491156 0.491538 0.491917 0.492291 0.492657 0.493016 0.493365 0.493703 0.494029 0.494341 0.494638 0.494919 0.495183 0.495429 0.495655 0.495862 0.496048 0.496212 0.496354 0.496473 0.496569 0.496641 0.49669 0.496714 0.496714 0.49669 0.496641 0.496569 0.496473 0.496354 0.496212 0.496048 0.495862 0.495655 0.495429 0.495183 0.494919 0.494638 0.494341 0.494029 0.493703 0.493365 0.493016 0.492657 0.492291 0.491917 0.491538 0.491156 0.490771 0.490385 0.49 0.489617 0.489239 0.488865 0.488498 0.48814 0.487791 0.487453 0.487127 0.486815 0.486518 0.486237 0.485973 0.485727 0.4855 0.485293 0.485108 0.484943 0.484801 0.484682 0.484586 0.484514 0.484466 0.484442 
0.484824 0.484848 0.484897 0.484969 0.485065 0.485184 0.485326 0.48549 0.485676 0.485883 0.486109 0.486355 0.486619 0.4869 0.487198 0.48751 0.487835 0.488173 0.488522 0.488881 0.489248 0.489621 0.49 0.490383 0.490768 0.491153 0.491538 0.491921 0.4923 0.492673 0.49304 0.493399 0.493748 0.494086 0.494411 0.494723 0.49502 0.495301 0.495565 0.495811 0.496038 0.496245 0.49643 0.496595 0.496737 0.496856 0.496952 0.497024 0.497072 0.497097 0.497097 0.497072 0.497024 0.496952 0.496856 0.496737 0.496595 0.49643 0.496245 0.496038 0.495811 0.495565 0.495301 0.49502 0.494723 0.494411 0.494086 0.493748 0.493399 0.49304 0.492673 0.4923 0.491921 0.491538 0.491153 0.490768 0.490383 0.49 0.489621 0.489248 0.488881 0.488522 0.488173 0.487835 0.48751 0.487198 0.4869 0.486619 0.486355 0.486109 0.485883 0.485676 0.48549 0.485326 0.485184 0.485065 0.484969 0.484897 0.484848 0.484824 
0.485203 0.485227 0.485276 0.485348 0.485444 0.485563 0.485705 0.485869 0.486055 0.486262 0.486488 0.486734 0.486998 0.487279 0.487576 0.487888 0.488214 0.488552 0.488901 0.48926 0.489626 0.49 0.490379 0.490761 0.491146 0.491532 0.491917 0.4923 0.492678 0.493052 0.493419 0.493777 0.494126 0.494464 0.49479 0.495102 0.495399 0.49568 0.495944 0.49619 0.496417 0.496624 0.496809 0.496974 0.497116 0.497235 0.497331 0.497403 0.497451 0.497475 0.497475 0.497451 0.497403 0.497331 0.497235 0.497116 0.496974 0.496809 0.496624 0.496417 0.49619 0.495944 0.49568 0.495399 0.495102 0.49479 0.494464 0.494126 0.493777 0.493419 0.493052 0.492678 0.4923 0.491917 0.491532 0.491146 0.490761 0.490379 0.49 0.489626 0.48926 0.488901 0.488552 0.488214 0.487888 0.487576 0.487279 0.486998 0.486734 0.486488 0.486262 0.486055 0.485869 0.485705 0.485563 0.485444 0.485348 0.485276 0.485227 0.485203 
0.485577 0.485601 0.485649 0.485721 0.485817 0.485937 0.486078 0.486243 0.486428 0.486635 0.486862 0.487108 0.487372 0.487653 0.48795 0.488262 0.488588 0.488926 0.489275 0.489633 0.49 0.490374 0.490752 0.491135 0.49152 0.491906 0.492291 0.492673 0.493052 0.493426 0.493792 0.494151 0.4945 0.494838 0.495164 0.495476 0.495773 0.496054 0.496318 0.496564 0.49679 0.496997 0.497183 0.497347 0.497489 0.497608 0.497704 0.497776 0.497825 0.497849 0.497849 0.497825 0.497776 0.497704 0.497608 0.497489 0.497347 0.497183 0.496997 0.49679 0.496564 0.496318 0.496054 0.495773 0.495476 0.495164 0.494838 0.4945 0.494151 0.493792 0.493426 0.493052 0.492673 0.492291 0.491906 0.49152 0.491135 0.490752 0.490374 0.49 0.489633 0.489275 0.488926 0.488588 0.488262 0.48795 0.487653 0.487372 0.487108 0.486862 0.486635 0.486428 0.486243 0.486078 0.485937 0.485817 0.485721 0.485649 0.485601 0.485577 
0.485943 0.485968 0.486016 0.486088 0.486184 0.486303 0.486445 0.486609 0.486795 0.487002 0.487229 0.487474 0.487738 0.48802 0.488317 0.488629 0.488954 0.489292 0.489641 0.49 0.490367 0.49074 0.491119 0.491502 0.491887 0.492272 0.492657 0.49304 0.493419 0.493792 0.494159 0.494518 0.494867 0.495205 0.49553 0.495842 0.49614 0.496421 0.496685 0.496931 0.497157 0.497364 0.49755 0.497714 0.497856 0.497975 0.498071 0.498143 0.498192 0.498216 0.498216 0.498192 0.498143 0.498071 0.497975 0.497856 0.497714 0.49755 0.497364 0.497157 0.496931 0.496685 0.496421 0.49614 0.495842 0.49553 0.495205 0.494867 0.494518 0.494159 0.493792 0.493419 0.49304 0.492657 0.492272 0.491887 0.491502 0.491119 0.49074 0.490367 0.49 0.489641 0.489292 0.488954 0.488629 0.488317 0.48802 0.487738 0.487474 0.487229 0.487002 0.486795 0.486609 0.486445 0.486303 0.486184 0.486088 0.486016 0.485968 0.485943 
0.486302 0.486326 0.486375 0.486447 0.486543 0.486662 0.486804 0.486968 0.487154 0.487361 0.487587 0.487833 0.488097 0.488378 0.488675 0.488987 0.489313 0.489651 0.49 0.490359 0.490725 0.491099 0.491478 0.49186 0.492245 0.492631 0.493016 0.493399 0.493777 0.494151 0.494518 0.494876 0.495225 0.495563 0.495889 0.496201 0.496498 0.496779 0.497043 0.497289 0.497516 0.497722 0.497908 0.498072 0.498214 0.498334 0.49843 0.498502 0.49855 0.498574 0.498574 0.49855 0.498502 0.49843 0.498334 0.498214 0.498072 0.497908 0.497722 0.497516 0.497289 0.497043 0.496779 0.496498 0.496201 0.495889 0.495563 0.495225 0.494876 0.494518 0.494151 0.493777 0.493399 0.493016 0.492631 0.492245 0.49186 0.491478 0.491099 0.490725 0.490359 0.49 0.489651 0.489313 0.488987 0.488675 0.488378 0.488097 0.487833 0.487587 0.487361 0.487154 0.486968 0.486804 0.486662 0.486543 0.486447 0.486375 0.486326 0.486302 
0.486651 0.486675 0.486724 0.486796 0.486892 0.487011 0.487153 0.487317 0.487503 0.48771 0.487936 0.488182 0.488446 0.488727 0.489024 0.489336 0.489662 0.49 0.490349 0.490708 0.491074 0.491448 0.491827 0.492209 0.492594 0.49298 0.493365 0.493748 0.494126 0.4945 0.494867 0.495225 0.495574 0.495912 0.496238 0.49655 0.496847 0.497128 0.497392 0.497638 0.497865 0.498071 0.498257 0.498421 0.498563 0.498683 0.498779 0.498851 0.498899 0.498923 0.498923 0.498899 0.498851 0.498779 0.498683 0.498563 0.498421 0.498257 0.498071 0.497865 0.497638 0.497392 0.497128 0.496847 0.49655 0.496238 0.495912 0.495574 0.495225 0.494867 0.4945 0.494126 0.493748 0.493365 0.49298 0.492594 0.492209 0.491827 0.491448 0.491074 0.490708 0.490349 0.49 0.489662 0.489336 0.489024 0.488727 0.488446 0.488182 0.487936 0.48771 0.487503 0.487317 0.487153 0.487011 0.486892 0.486796 0.486724 0.486675 0.486651 
0.486989 0.487013 0.487061 0.487134 0.48723 0.487349 0.487491 0.487655 0.487841 0.488047 0.488274 0.48852 0.488784 0.489065 0.489362 0.489674 0.49 0.490338 0.490687 0.491046 0.491412 0.491786 0.492165 0.492547 0.492932 0.493318 0.493703 0.494086 0.494464 0.494838 0.495205 0.495563 0.495912 0.49625 0.496576 0.496888 0.497185 0.497466 0.49773 0.497976 0.498203 0.498409 0.498595 0.498759 0.498901 0.499021 0.499116 0.499189 0.499237 0.499261 0.499261 0.499237 0.499189 0.499116 0.499021 0.498901 0.498759 0.498595 0.498409 0.498203 0.497976 0.49773 0.497466 0.497185 0.496888 0.496576 0.49625 0.495912 0.495563 0.495205 0.494838 0.494464 0.494086 0.493703 0.493318 0.492932 0.492547 0.492165 0.491786 0.491412 0.491046 0.490687 0.490338 0.49 0.489674 0.489362 0.489065 0.488784 0.48852 0.488274 0.488047 0.487841 0.487655 0.487491 0.487349 0.48723 0.487134 0.487061 0.487013 0.486989 
0.487315 0.487339 0.487387 0.487459 0.487555 0.487674 0.487816 0.487981 0.488166 0.488373 0.4886 0.488846 0.48911 0.489391 0.489688 0.49 0.490326 0.490664 0.491013 0.491371 0.491738 0.492112 0.49249 0.492873 0.493258 0.493644 0.494029 0.494411 0.49479 0.495164 0.49553 0.495889 0.496238 0.496576 0.496902 0.497214 0.497511 0.497792 0.498056 0.498302 0.498528 0.498735 0.498921 0.499085 0.499227 0.499346 0.499442 0.499514 0.499563 0.499587 0.499587 0.499563 0.499514 0.499442 0.499346 0.499227 0.499085 0.498921 0.498735 0.498528 0.498302 0.498056 0.497792 0.497511 0.497214 0.496902 0.496576 0.496238 0.495889 0.49553 0.495164 0.49479 0.494411 0.494029 0.493644 0.493258 0.492873 0.49249 0.492112 0.491738 0.491371 0.491013 0.490664 0.490326 0.49 0.489688 0.489391 0.48911 0.488846 0.4886 0.488373 0.488166 0.487981 0.487816 0.487674 0.487555 0.487459 0.487387 0.487339 0.487315 
0.487627 0.487651 0.487699 0.487771 0.487867 0.487986 0.488128 0.488293 0.488478 0.488685 0.488912 0.489158 0.489422 0.489703 0.49 0.490312 0.490638 0.490976 0.491325 0.491683 0.49205 0.492424 0.492802 0.493185 0.49357 0.493956 0.494341 0.494723 0.495102 0.495476 0.495842 0.496201 0.49655 0.496888 0.497214 0.497526 0.497823 0.498104 0.498368 0.498614 0.49884 0.499047 0.499233 0.499397 0.499539 0.499658 0.499754 0.499826 0.499875 0.499899 0.499899 0.499875 0.499826 0.499754 0.499658 0.499539 0.499397 0.499233 0.499047 0.49884 0.498614 0.498368 0.498104 0.497823 0.497526 0.497214 0.496888 0.49655 0.496201 0.495842 0.495476 0.495102 0.494723 0.494341 0.493956 0.49357 0.493185 0.492802 0.492424 0.49205 0.491683 0.491325 0.490976 0.490638 0.490312 0.49 0.489703 0.489422 0.489158 0.488912 0.488685 0.488478 0.488293 0.488128 0.487986 0.487867 0.487771 0.487699 0.487651 0.487627 
0.487924 0.487948 0.487996 0.488069 0.488164 0.488284 0.488426 0.48859 0.488776 0.488982 0.489209 0.489455 0.489719 0.49 0.490297 0.490609 0.490935 0.491273 0.491622 0.49198 0.492347 0.492721 0.4931 0.493482 0.493867 0.494253 0.494638 0.49502 0.495399 0.495773 0.49614 0.496498 0.496847 0.497185 0.497511 0.497823 0.49812 0.498401 0.498665 0.498911 0.499138 0.499344 0.49953 0.499694 0.499836 0.499955 0.500051 0.500124 0.500172 0.500196 0.500196 0.500172 0.500124 0.500051 0.499955 0.499836 0.499694 0.49953 0.499344 0.499138 0.498911 0.498665 0.498401 0.49812 0.497823 0.497511 0.497185 0.496847 0.496498 0.49614 0.495773 0.495399 0.49502 0.494638 0.494253 0.493867 0.493482 0.4931 0.492721 0.492347 0.49198 0.491622 0.491273 0.490935 0.490609 0.490297 0.49 0.489719 0.489455 0.489209 0.488982 0.488776 0.48859 0.488426 0.488284 0.488164 0.488069 0.487996 0.487948 0.487924 
0.488205 0.488229 0.488277 0.48835 0.488446 0.488565 0.488707 0.488871 0.489057 0.489263 0.48949 0.489736 0.49 0.490281 0.490578 0.49089 0.491216 0.491554 0.491903 0.492261 0.492628 0.493002 0.493381 0.493763 0.494148 0.494534 0.494919 0.495301 0.49568 0.496054 0.496421 0.496779 0.497128 0.497466 0.497792 0.498104 0.498401 0.498682 0.498946 0.499192 0.499419 0.499625 0.499811 0.499975 0.500117 0.500237 0.500332 0.500405 0.500453 0.500477 0.500477 0.500453 0.500405 0.500332 0.500237 0.500117 0.499975 0.499811 0.499625 0.499419 0.499192 0.498946 0.498682 0.498401 0.498104 0.497792 0.497466 0.497128 0.496779 0.496421 0.496054 0.49568 0.495301 0.494919 0.494534 0.494148 0.493763 0.493381 0.493002 0.492628 0.492261 0.491903 0.491554 0.491216 0.49089 0.490578 0.490281 0.49 0.489736 0.48949 0.489263 0.489057 0.488871 0.488707 0.488565 0.488446 0.48835 0.488277 0.488229 0.488205 
0.488469 0.488493 0.488541 0.488614 0.48871 0.488829 0.488971 0.489135 0.489321 0.489527 0.489754 0.49 0.490264 0.490545 0.490842 0.491154 0.49148 0.491818 0.492167 0.492526 0.492892 0.493266 0.493645 0.494027 0.494412 0.494798 0.495183 0.495565 0.495944 0.496318 0.496685 0.497043 0.497392 0.49773 0.498056 0.498368 0.498665 0.498946 0.49921 0.499456 0.499683 0.499889 0.500075 0.500239 0.500381 0.500501 0.500596 0.500669 0.500717 0.500741 0.500741 0.500717 0.500669 0.500596 0.500501 0.500381 0.500239 0.500075 0.499889 0.499683 0.499456 0.49921 0.498946 0.498665 0.498368 0.498056 0.49773 0.497392 0.497043 0.496685 0.496318 0.495944 0.495565 0.495183 0.494798 0.494412 0.494027 0.493645 0.493266 0.492892 0.492526 0.492167 0.491818 0.49148 0.491154 0.490842 0.490545 0.490264 0.49 0.489754 0.489527 0.489321 0.489135 0.488971 0.488829 0.48871 0.488614 0.488541 0.488493 0.488469 
0.488715 0.488739 0.488787 0.48886 0.488955 0.489075 0.489217 0.489381 0.489567 0.489773 0.49 0.490246 0.49051 0.490791 0.491088 0.4914 0.491726 0.492064 0.492413 0.492771 0.493138 0.493512 0.493891 0.494273 0.494658 0.495044 0.495429 0.495811 0.49619 0.496564 0.496931 0.497289 0.497638 0.497976 0.498302 0.498614 0.498911 0.499192 0.499456 0.499702 0.499929 0.500135 0.500321 0.500485 0.500627 0.500746 0.500842 0.500915 0.500963 0.500987 0.500987 0.500963 0.500915 0.500842 0.500746 0.500627 0.500485 0.500321 0.500135 0.499929 0.499702 0.499456 0.499192 0.498911 0.498614 0.498302 0.497976 0.497638 0.497289 0.496931 0.496564 0.49619 0.495811 0.495429 0.495044 0.494658 0.494273 0.493891 0.493512 0.493138 0.492771 0.492413 0.492064 0.491726 0.4914 0.491088 0.490791 0.49051 0.490246 0.49 0.489773 0.489567 0.489381 0.489217 0.489075 0.488955 0.48886 0.488787 0.488739 0.488715 
0.488941 0.488966 0.489014 0.489086 0.489182 0.489301 0.489443 0.489608 0.489793 0.49 0.490227 0.490473 0.490737 0.491018 0.491315 0.491627 0.491953 0.49229 0.492639 0.492998 0.493365 0.493738 0.494117 0.4945 0.494885 0.49527 0.495655 0.496038 0.496417 0.49679 0.497157 0.497516 0.497865 0.498203 0.498528 0.49884 0.499138 0.499419 0.499683 0.499929 0.500155 0.500362 0.500548 0.500712 0.500854 0.500973 0.501069 0.501141 0.50119 0.501214 0.501214 0.50119 0.501141 0.501069 0.500973 0.500854 0.500712 0.500548 0.500362 0.500155 0.499929 0.499683 0.499419 0.499138 0.49884 0.498528 0.498203 0.497865 0.497516 0.497157 0.49679 0.496417 0.496038 0.495655 0.49527 0.494885 0.4945 0.494117 0.493738 0.493365 0.492998 0.492639 0.49229 0.491953 0.491627 0.491315 0.491018 0.490737 0.490473 0.490227 0.49 0.489793 0.489608 0.489443 0.489301 0.489182 0.489086 0.489014 0.488966 0.488941 
0.489148 0.489172 0.489221 0.489293 0.489389 0.489508 0.48965 0.489814 0.49 0.490207 0.490433 0.490679 0.490943 0.491224 0.491522 0.491834 0.492159 0.492497 0.492846 0.493205 0.493571 0.493945 0.494324 0.494707 0.495091 0.495477 0.495862 0.496245 0.496624 0.496997 0.497364 0.497722 0.498071 0.498409 0.498735 0.499047 0.499344 0.499625 0.499889 0.500135 0.500362 0.500569 0.500754 0.500919 0.501061 0.50118 0.501276 0.501348 0.501396 0.50142 0.50142 0.501396 0.501348 0.501276 0.50118 0.501061 0.500919 0.500754 0.500569 0.500362 0.500135 0.499889 0.499625 0.499344 0.499047 0.498735 0.498409 0.498071 0.497722 0.497364 0.496997 0.496624 0.496245 0.495862 0.495477 0.495091 0.494707 0.494324 0.493945 0.493571 0.493205 0.492846 0.492497 0.492159 0.491834 0.491522 0.491224 0.490943 0.490679 0.490433 0.490207 0.49 0.489814 0.48965 0.489508 0.489389 0.489293 0.489221 0.489172 0.489148 
0.489334 0.489358 0.489406 0.489479 0.489575 0.489694 0.489836 0.49 0.490186 0.490392 0.490619 0.490865 0.491129 0.49141 0.491707 0.492019 0.492345 0.492683 0.493032 0.493391 0.493757 0.494131 0.49451 0.494892 0.495277 0.495663 0.496048 0.49643 0.496809 0.497183 0.49755 0.497908 0.498257 0.498595 0.498921 0.499233 0.49953 0.499811 0.500075 0.500321 0.500548 0.500754 0.50094 0.501104 0.501246 0.501366 0.501461 0.501534 0.501582 0.501606 0.501606 0.501582 0.501534 0.501461 0.501366 0.501246 0.501104 0.50094 0.500754 0.500548 0.500321 0.500075 0.499811 0.49953 0.499233 0.498921 0.498595 0.498257 0.497908 0.49755 0.497183 0.496809 0.49643 0.496048 0.495663 0.495277 0.494892 0.49451 0.494131 0.493757 0.493391 0.493032 0.492683 0.492345 0.492019 0.491707 0.49141 0.491129 0.490865 0.490619 0.490392 0.490186 0.49 0.489836 0.489694 0.489575 0.489479 0.489406 0.489358 0.489334 
0.489498 0.489522 0.489571 0.489643 0.489739 0.489858 0.49 0.490164 0.49035 0.490557 0.490783 0.491029 0.491293 0.491574 0.491872 0.492184 0.492509 0.492847 0.493196 0.493555 0.493922 0.494295 0.494674 0.495057 0.495441 0.495827 0.496212 0.496595 0.496974 0.497347 0.497714 0.498072 0.498421 0.498759 0.499085 0.499397 0.499694 0.499975 0.500239 0.500485 0.500712 0.500919 0.501104 0.501269 0.501411 0.50153 0.501626 0.501698 0.501746 0.501771 0.501771 0.501746 0.501698 0.501626 0.50153 0.501411 0.501269 0.501104 0.500919 0.500712 0.500485 0.500239 0.499975 0.499694 0.499397 0.499085 0.498759 0.498421 0.498072 0.497714 0.497347 0.496974 0.496595 0.496212 0.495827 0.495441 0.495057 0.494674 0.494295 0.493922 0.493555 0.493196 0.492847 0.492509 0.492184 0.491872 0.491574 0.491293 0.491029 0.490783 0.490557 0.49035 0.490164 0.49 0.489858 0.489739 0.489643 0.489571 0.489522 0.489498 
0.48964 0.489664 0.489713 0.489785 0.489881 0.49 0.490142 0.490306 0.490492 0.490699 0.490925 0.491171 0.491435 0.491716 0.492014 0.492326 0.492651 0.492989 0.493338 0.493697 0.494063 0.494437 0.494816 0.495199 0.495583 0.495969 0.496354 0.496737 0.497116 0.497489 0.497856 0.498214 0.498563 0.498901 0.499227 0.499539 0.499836 0.500117 0.500381 0.500627 0.500854 0.501061 0.501246 0.501411 0.501553 0.501672 0.501768 0.50184 0.501888 0.501912 0.501912 0.501888 0.50184 0.501768 0.501672 0.501553 0.501411 0.501246 0.501061 0.500854 0.500627 0.500381 0.500117 0.499836 0.499539 0.499227 0.498901 0.498563 0.498214 0.497856 0.497489 0.497116 0.496737 0.496354 0.495969 0.495583 0.495199 0.494816 0.494437 0.494063 0.493697 0.493338 0.492989 0.492651 0.492326 0.492014 0.491716 0.491435 0.491171 0.490925 0.490699 0.490492 0.490306 0.490142 0.49 0.489881 0.489785 0.489713 0.489664 0.48964 
