0.211484 0.211557 0.211703 0.21192 0.212208 0.212567 0.212994 0.213488 0.214047 0.214668 0.21535 0.216089 0.216883 0.217729 0.218623 0.219561 0.22054 0.221557 0.222606 0.223685 0.224788 0.225912 0.227051 0.228202 0.22936 0.230519 0.231677 0.232828 0.233967 0.235091 0.236194 0.237273 0.238322 0.239339 0.240318 0.241256 0.24215 0.242996 0.24379 0.244529 0.245211 0.245832 0.246391 0.246885 0.247312 0.247671 0.247959 0.248176 0.248322 0.248395 0.248395 0.248322 0.248176 0.247959 0.247671 0.247312 0.246885 0.246391 0.245832 0.245211 0.244529 0.24379 0.242996 0.24215 0.241256 0.240318 0.239339 0.238322 0.237273 0.236194 0.235091 0.233967 0.232828 0.231677 0.230519 0.22936 0.228202 0.227051 0.225912 0.224788 0.223685 0.222606 0.221557 0.22054 0.219561 0.218623 0.217729 0.216883 0.216089 0.21535 0.214668 0.214047 0.213488 0.212994 0.212567 0.212208 0.21192 0.211703 0.211557 0.211484 
0.211557 0.21163 0.211775 0.211993 0.212281 0.21264 0.213067 0.213561 0.21412 0.214742 0.215424 0.216164 0.216958 0.217804 0.218698 0.219637 0.220616 0.221633 0.222683 0.223762 0.224865 0.22599 0.227129 0.228281 0.229438 0.230599 0.231757 0.232908 0.234048 0.235172 0.236275 0.237354 0.238404 0.239421 0.240401 0.24134 0.242233 0.243079 0.243874 0.244613 0.245295 0.245917 0.246476 0.24697 0.247397 0.247756 0.248044 0.248262 0.248407 0.24848 0.24848 0.248407 0.248262 0.248044 0.247756 0.247397 0.24697 0.246476 0.245917 0.245295 0.244613 0.243874 0.243079 0.242233 0.24134 0.240401 0.239421 0.238404 0.237354 0.236275 0.235172 0.234048 0.232908 0.231757 0.230599 0.229438 0.228281 0.227129 0.22599 0.224865 0.223762 0.222683 0.221633 0.220616 0.219637 0.218698 0.217804 0.216958 0.216164 0.215424 0.214742 0.21412 0.213561 0.213067 0.21264 0.212281 0.211993 0.211775 0.21163 0.211557 
0.211703 0.211775 0.211921 0.212138 0.212427 0.212786 0.213214 0.213708 0.214267 0.214889 0.215572 0.216312 0.217107 0.217953 0.218848 0.219787 0.220768 0.221785 0.222836 0.223915 0.22502 0.226144 0.227286 0.228437 0.229596 0.230757 0.231916 0.233068 0.234209 0.235333 0.236438 0.237517 0.238568 0.239585 0.240566 0.241505 0.2424 0.243246 0.244041 0.244781 0.245464 0.246086 0.246646 0.24714 0.247567 0.247926 0.248215 0.248432 0.248578 0.248651 0.248651 0.248578 0.248432 0.248215 0.247926 0.247567 0.24714 0.246646 0.246086 0.245464 0.244781 0.244041 0.243246 0.2424 0.241505 0.240566 0.239585 0.238568 0.237517 0.236438 0.235333 0.234209 0.233068 0.231916 0.230757 0.229596 0.228437 0.227286 0.226144 0.22502 0.223915 0.222836 0.221785 0.220768 0.219787 0.218848 0.217953 0.217107 0.216312 0.215572 0.214889 0.214267 0.213708 0.213214 0.212786 0.212427 0.212138 0.211921 0.211775 0.211703 
0.21192 0.211993 0.212138 0.212356 0.212645 0.213005 0.213432 0.213928 0.214487 0.21511 0.215793 0.216534 0.21733 0.218177 0.219073 0.220013 0.220994 0.222013 0.223065 0.224146 0.225251 0.226377 0.227518 0.228672 0.229831 0.230994 0.232154 0.233308 0.234449 0.235575 0.23668 0.237761 0.238812 0.239832 0.240812 0.241753 0.242648 0.243496 0.244291 0.245033 0.245716 0.246339 0.246898 0.247394 0.247821 0.248181 0.24847 0.248687 0.248833 0.248906 0.248906 0.248833 0.248687 0.24847 0.248181 0.247821 0.247394 0.246898 0.246339 0.245716 0.245033 0.244291 0.243496 0.242648 0.241753 0.240812 0.239832 0.238812 0.237761 0.23668 0.235575 0.234449 0.233308 0.232154 0.230994 0.229831 0.228672 0.227518 0.226377 0.225251 0.224146 0.223065 0.222013 0.220994 0.220013 0.219073 0.218177 0.21733 0.216534 0.215793 0.21511 0.214487 0.213928 0.213432 0.213005 0.212645 0.212356 0.212138 0.211993 0.21192 
0.212208 0.212281 0.212427 0.212645 0.212935 0.213294 0.213723 0.214218 0.21478 0.215403 0.216087 0.216829 0.217626 0.218474 0.219371 0.220312 0.221296 0.222315 0.223369 0.22445 0.225558 0.226684 0.227829 0.228983 0.230145 0.231308 0.232471 0.233624 0.234769 0.235895 0.237003 0.238084 0.239138 0.240157 0.241141 0.242082 0.242979 0.243827 0.244624 0.245366 0.24605 0.246674 0.247235 0.24773 0.248159 0.248518 0.248808 0.249026 0.249172 0.249245 0.249245 0.249172 0.249026 0.248808 0.248518 0.248159 0.24773 0.247235 0.246674 0.24605 0.245366 0.244624 0.243827 0.242979 0.242082 0.241141 0.240157 0.239138 0.238084 0.237003 0.235895 0.234769 0.233624 0.232471 0.231308 0.230145 0.228983 0.227829 0.226684 0.225558 0.22445 0.223369 0.222315 0.221296 0.220312 0.219371 0.218474 0.217626 0.216829 0.216087 0.215403 0.21478 0.214218 0.213723 0.213294 0.212935 0.212645 0.212427 0.212281 0.212208 
0.212567 0.21264 0.212786 0.213005 0.213294 0.213655 0.214084 0.214581 0.215142 0.215767 0.216452 0.217196 0.217993 0.218844 0.219741 0.220685 0.221669 0.222691 0.223745 0.22483 0.225938 0.227068 0.228212 0.22937 0.230533 0.2317 0.232862 0.23402 0.235164 0.236294 0.237402 0.238487 0.239541 0.240564 0.241547 0.242491 0.243389 0.244239 0.245037 0.245781 0.246465 0.247091 0.247652 0.248149 0.248577 0.248938 0.249228 0.249446 0.249592 0.249666 0.249666 0.249592 0.249446 0.249228 0.248938 0.248577 0.248149 0.247652 0.247091 0.246465 0.245781 0.245037 0.244239 0.243389 0.242491 0.241547 0.240564 0.239541 0.238487 0.237402 0.236294 0.235164 0.23402 0.232862 0.2317 0.230533 0.22937 0.228212 0.227068 0.225938 0.22483 0.223745 0.222691 0.221669 0.220685 0.219741 0.218844 0.217993 0.217196 0.216452 0.215767 0.215142 0.214581 0.214084 0.213655 0.213294 0.213005 0.212786 0.21264 0.212567 
0.212994 0.213067 0.213214 0.213432 0.213723 0.214084 0.214514 0.215011 0.215575 0.2162 0.216887 0.217631 0.218432 0.219282 0.220183 0.221127 0.222115 0.223137 0.224196 0.225281 0.226393 0.227523 0.228672 0.22983 0.230997 0.232164 0.233331 0.234489 0.235637 0.236768 0.23788 0.238965 0.240023 0.241046 0.242033 0.242977 0.243878 0.244729 0.24553 0.246273 0.246961 0.247586 0.248149 0.248646 0.249077 0.249437 0.249728 0.249947 0.250093 0.250167 0.250167 0.250093 0.249947 0.249728 0.249437 0.249077 0.248646 0.248149 0.247586 0.246961 0.246273 0.24553 0.244729 0.243878 0.242977 0.242033 0.241046 0.240023 0.238965 0.23788 0.236768 0.235637 0.234489 0.233331 0.232164 0.230997 0.22983 0.228672 0.227523 0.226393 0.225281 0.224196 0.223137 0.222115 0.221127 0.220183 0.219282 0.218432 0.217631 0.216887 0.2162 0.215575 0.215011 0.214514 0.214084 0.213723 0.213432 0.213214 0.213067 0.212994 
0.213488 0.213561 0.213708 0.213928 0.214218 0.214581 0.215011 0.21551 0.216074 0.216702 0.217389 0.218137 0.218937 0.219792 0.220693 0.221641 0.222629 0.223656 0.224714 0.225804 0.226916 0.228052 0.229201 0.230364 0.231531 0.232703 0.23387 0.235034 0.236182 0.237318 0.23843 0.23952 0.240578 0.241606 0.242593 0.243541 0.244443 0.245297 0.246098 0.246845 0.247532 0.248161 0.248724 0.249223 0.249654 0.250016 0.250307 0.250526 0.250673 0.250747 0.250747 0.250673 0.250526 0.250307 0.250016 0.249654 0.249223 0.248724 0.248161 0.247532 0.246845 0.246098 0.245297 0.244443 0.243541 0.242593 0.241606 0.240578 0.23952 0.23843 0.237318 0.236182 0.235034 0.23387 0.232703 0.231531 0.230364 0.229201 0.228052 0.226916 0.225804 0.224714 0.223656 0.222629 0.221641 0.220693 0.219792 0.218937 0.218137 0.217389 0.216702 0.216074 0.21551 0.215011 0.214581 0.214218 0.213928 0.213708 0.213561 0.213488 
0.214047 0.21412 0.214267 0.214487 0.21478 0.215142 0.215575 0.216074 0.21664 0.217268 0.217959 0.218706 0.219511 0.220366 0.221272 0.22222 0.223213 0.22424 0.225304 0.226394 0.227512 0.228647 0.229802 0.230965 0.232138 0.233311 0.234484 0.235647 0.236802 0.237937 0.239055 0.240145 0.241209 0.242236 0.243229 0.244177 0.245083 0.245938 0.246743 0.24749 0.248181 0.248809 0.249375 0.249875 0.250307 0.25067 0.250962 0.251182 0.251329 0.251403 0.251403 0.251329 0.251182 0.250962 0.25067 0.250307 0.249875 0.249375 0.248809 0.248181 0.24749 0.246743 0.245938 0.245083 0.244177 0.243229 0.242236 0.241209 0.240145 0.239055 0.237937 0.236802 0.235647 0.234484 0.233311 0.232138 0.230965 0.229802 0.228647 0.227512 0.226394 0.225304 0.22424 0.223213 0.22222 0.221272 0.220366 0.219511 0.218706 0.217959 0.217268 0.21664 0.216074 0.215575 0.215142 0.21478 0.214487 0.214267 0.21412 0.214047 
0.214668 0.214742 0.214889 0.21511 0.215403 0.215767 0.2162 0.216702 0.217268 0.2179 0.218591 0.219343 0.220147 0.221007 0.221913 0.222867 0.223859 0.224893 0.225956 0.227053 0.228171 0.229313 0.230467 0.231637 0.232811 0.23399 0.235163 0.236333 0.237488 0.23863 0.239748 0.240844 0.241908 0.242941 0.243934 0.244888 0.245793 0.246653 0.247458 0.248209 0.2489 0.249532 0.250098 0.2506 0.251033 0.251398 0.25169 0.251911 0.252058 0.252132 0.252132 0.252058 0.251911 0.25169 0.251398 0.251033 0.2506 0.250098 0.249532 0.2489 0.248209 0.247458 0.246653 0.245793 0.244888 0.243934 0.242941 0.241908 0.240844 0.239748 0.23863 0.237488 0.236333 0.235163 0.23399 0.232811 0.231637 0.230467 0.229313 0.228171 0.227053 0.225956 0.224893 0.223859 0.222867 0.221913 0.221007 0.220147 0.219343 0.218591 0.2179 0.217268 0.216702 0.2162 0.215767 0.215403 0.21511 0.214889 0.214742 0.214668 
0.21535 0.215424 0.215572 0.215793 0.216087 0.216452 0.216887 0.217389 0.217959 0.218591 0.219286 0.220038 0.220848 0.221707 0.222619 0.223573 0.224572 0.225605 0.226676 0.227772 0.228897 0.230039 0.231201 0.232371 0.233552 0.234731 0.235912 0.237081 0.238243 0.239386 0.240511 0.241607 0.242677 0.243711 0.24471 0.245664 0.246575 0.247435 0.248245 0.248996 0.249692 0.250323 0.250893 0.251395 0.251831 0.252195 0.252489 0.25271 0.252859 0.252933 0.252933 0.252859 0.25271 0.252489 0.252195 0.251831 0.251395 0.250893 0.250323 0.249692 0.248996 0.248245 0.247435 0.246575 0.245664 0.24471 0.243711 0.242677 0.241607 0.240511 0.239386 0.238243 0.237081 0.235912 0.234731 0.233552 0.232371 0.231201 0.230039 0.228897 0.227772 0.226676 0.225605 0.224572 0.223573 0.222619 0.221707 0.220848 0.220038 0.219286 0.218591 0.217959 0.217389 0.216887 0.216452 0.216087 0.215793 0.215572 0.215424 0.21535 
0.216089 0.216164 0.216312 0.216534 0.216829 0.217196 0.217631 0.218137 0.218706 0.219343 0.220038 0.220795 0.221605 0.22247 0.223382 0.224342 0.225341 0.226381 0.227452 0.228556 0.229681 0.230831 0.231993 0.233171 0.234351 0.235539 0.236719 0.237897 0.239059 0.240209 0.241334 0.242438 0.243509 0.244549 0.245548 0.246508 0.24742 0.248285 0.249095 0.249852 0.250547 0.251183 0.251753 0.252259 0.252694 0.253061 0.253355 0.253578 0.253726 0.253801 0.253801 0.253726 0.253578 0.253355 0.253061 0.252694 0.252259 0.251753 0.251183 0.250547 0.249852 0.249095 0.248285 0.24742 0.246508 0.245548 0.244549 0.243509 0.242438 0.241334 0.240209 0.239059 0.237897 0.236719 0.235539 0.234351 0.233171 0.231993 0.230831 0.229681 0.228556 0.227452 0.226381 0.225341 0.224342 0.223382 0.22247 0.221605 0.220795 0.220038 0.219343 0.218706 0.218137 0.217631 0.217196 0.216829 0.216534 0.216312 0.216164 0.216089 
0.216883 0.216958 0.217107 0.21733 0.217626 0.217993 0.218432 0.218937 0.219511 0.220147 0.220848 0.221605 0.22242 0.223286 0.224204 0.225165 0.226171 0.227211 0.228289 0.229393 0.230527 0.231677 0.232847 0.234025 0.235214 0.236402 0.237591 0.238769 0.23994 0.241089 0.242223 0.243327 0.244405 0.245445 0.246452 0.247412 0.24833 0.249196 0.250012 0.250768 0.251469 0.252105 0.252679 0.253185 0.253623 0.25399 0.254286 0.254509 0.254658 0.254733 0.254733 0.254658 0.254509 0.254286 0.25399 0.253623 0.253185 0.252679 0.252105 0.251469 0.250768 0.250012 0.249196 0.24833 0.247412 0.246452 0.245445 0.244405 0.243327 0.242223 0.241089 0.23994 0.238769 0.237591 0.236402 0.235214 0.234025 0.232847 0.231677 0.230527 0.229393 0.228289 0.227211 0.226171 0.225165 0.224204 0.223286 0.22242 0.221605 0.220848 0.220147 0.219511 0.218937 0.218432 0.217993 0.217626 0.21733 0.217107 0.216958 0.216883 
0.217729 0.217804 0.217953 0.218177 0.218474 0.218844 0.219282 0.219792 0.220366 0.221007 0.221707 0.22247 0.223286 0.224158 0.225076 0.226044 0.22705 0.228099 0.229177 0.23029 0.231423 0.232582 0.233753 0.23494 0.236129 0.237325 0.238515 0.239702 0.240872 0.242031 0.243165 0.244277 0.245355 0.246404 0.24741 0.248378 0.249296 0.250169 0.250984 0.251747 0.252447 0.253089 0.253663 0.254172 0.254611 0.254981 0.255277 0.255501 0.25565 0.255726 0.255726 0.25565 0.255501 0.255277 0.254981 0.254611 0.254172 0.253663 0.253089 0.252447 0.251747 0.250984 0.250169 0.249296 0.248378 0.24741 0.246404 0.245355 0.244277 0.243165 0.242031 0.240872 0.239702 0.238515 0.237325 0.236129 0.23494 0.233753 0.232582 0.231423 0.23029 0.229177 0.228099 0.22705 0.226044 0.225076 0.224158 0.223286 0.22247 0.221707 0.221007 0.220366 0.219792 0.219282 0.218844 0.218474 0.218177 0.217953 0.217804 0.217729 
0.218623 0.218698 0.218848 0.219073 0.219371 0.219741 0.220183 0.220693 0.221272 0.221913 0.222619 0.223382 0.224204 0.225076 0.226002 0.22697 0.227984 0.229033 0.23012 0.231233 0.232375 0.233534 0.234714 0.235901 0.2371 0.238297 0.239496 0.240683 0.241863 0.243022 0.244165 0.245277 0.246364 0.247413 0.248427 0.249395 0.250321 0.251193 0.252016 0.252778 0.253485 0.254126 0.254705 0.255214 0.255656 0.256026 0.256325 0.256549 0.2567 0.256775 0.256775 0.2567 0.256549 0.256325 0.256026 0.255656 0.255214 0.254705 0.254126 0.253485 0.252778 0.252016 0.251193 0.250321 0.249395 0.248427 0.247413 0.246364 0.245277 0.244165 0.243022 0.241863 0.240683 0.239496 0.238297 0.2371 0.235901 0.234714 0.233534 0.232375 0.231233 0.23012 0.229033 0.227984 0.22697 0.226002 0.225076 0.224204 0.223382 0.222619 0.221913 0.221272 0.220693 0.220183 0.219741 0.219371 0.219073 0.218848 0.218698 0.218623 
0.219561 0.219637 0.219787 0.220013 0.220312 0.220685 0.221127 0.221641 0.22222 0.222867 0.223573 0.224342 0.225165 0.226044 0.22697 0.227946 0.228961 0.230018 0.231105 0.232227 0.23337 0.234539 0.235719 0.236916 0.238115 0.239322 0.240521 0.241718 0.242899 0.244067 0.24521 0.246332 0.247419 0.248477 0.249491 0.250468 0.251393 0.252273 0.253095 0.253865 0.254571 0.255217 0.255796 0.25631 0.256752 0.257125 0.257424 0.25765 0.257801 0.257877 0.257877 0.257801 0.25765 0.257424 0.257125 0.256752 0.25631 0.255796 0.255217 0.254571 0.253865 0.253095 0.252273 0.251393 0.250468 0.249491 0.248477 0.247419 0.246332 0.24521 0.244067 0.242899 0.241718 0.240521 0.239322 0.238115 0.236916 0.235719 0.234539 0.23337 0.232227 0.231105 0.230018 0.228961 0.227946 0.22697 0.226044 0.225165 0.224342 0.223573 0.222867 0.22222 0.221641 0.221127 0.220685 0.220312 0.220013 0.219787 0.219637 0.219561 
0.22054 0.220616 0.220768 0.220994 0.221296 0.221669 0.222115 0.222629 0.223213 0.223859 0.224572 0.225341 0.226171 0.22705 0.227984 0.228961 0.229984 0.231042 0.232139 0.233261 0.234413 0.235582 0.236773 0.23797 0.23918 0.240387 0.241597 0.242794 0.243984 0.245153 0.246306 0.247428 0.248525 0.249582 0.250606 0.251582 0.252516 0.253396 0.254226 0.254995 0.255707 0.256354 0.256938 0.257452 0.257898 0.258271 0.258572 0.258799 0.25895 0.259026 0.259026 0.25895 0.258799 0.258572 0.258271 0.257898 0.257452 0.256938 0.256354 0.255707 0.254995 0.254226 0.253396 0.252516 0.251582 0.250606 0.249582 0.248525 0.247428 0.246306 0.245153 0.243984 0.242794 0.241597 0.240387 0.23918 0.23797 0.236773 0.235582 0.234413 0.233261 0.232139 0.231042 0.229984 0.228961 0.227984 0.22705 0.226171 0.225341 0.224572 0.223859 0.223213 0.222629 0.222115 0.221669 0.221296 0.220994 0.220768 0.220616 0.22054 
0.221557 0.221633 0.221785 0.222013 0.222315 0.222691 0.223137 0.223656 0.22424 0.224893 0.225605 0.226381 0.227211 0.228099 0.229033 0.230018 0.231042 0.232109 0.233206 0.234338 0.235491 0.236671 0.237861 0.239069 0.240279 0.241497 0.242707 0.243915 0.245106 0.246286 0.247438 0.248571 0.249668 0.250735 0.251758 0.252744 0.253678 0.254565 0.255395 0.256171 0.256884 0.257536 0.25812 0.258639 0.259085 0.259462 0.259763 0.259991 0.260143 0.26022 0.26022 0.260143 0.259991 0.259763 0.259462 0.259085 0.258639 0.25812 0.257536 0.256884 0.256171 0.255395 0.254565 0.253678 0.252744 0.251758 0.250735 0.249668 0.248571 0.247438 0.246286 0.245106 0.243915 0.242707 0.241497 0.240279 0.239069 0.237861 0.236671 0.235491 0.234338 0.233206 0.232109 0.231042 0.230018 0.229033 0.228099 0.227211 0.226381 0.225605 0.224893 0.22424 0.223656 0.223137 0.222691 0.222315 0.222013 0.221785 0.221633 0.221557 
0.222606 0.222683 0.222836 0.223065 0.223369 0.223745 0.224196 0.224714 0.225304 0.225956 0.226676 0.227452 0.228289 0.229177 0.23012 0.231105 0.232139 0.233206 0.234313 0.235445 0.236609 0.237789 0.238991 0.240199 0.24142 0.242638 0.243859 0.245068 0.24627 0.247449 0.248613 0.249745 0.250852 0.25192 0.252953 0.253938 0.254881 0.255769 0.256606 0.257383 0.258102 0.258754 0.259344 0.259863 0.260313 0.260689 0.260994 0.261222 0.261375 0.261452 0.261452 0.261375 0.261222 0.260994 0.260689 0.260313 0.259863 0.259344 0.258754 0.258102 0.257383 0.256606 0.255769 0.254881 0.253938 0.252953 0.25192 0.250852 0.249745 0.248613 0.247449 0.24627 0.245068 0.243859 0.242638 0.24142 0.240199 0.238991 0.237789 0.236609 0.235445 0.234313 0.233206 0.232139 0.231105 0.23012 0.229177 0.228289 0.227452 0.226676 0.225956 0.225304 0.224714 0.224196 0.223745 0.223369 0.223065 0.222836 0.222683 0.222606 
0.223685 0.223762 0.223915 0.224146 0.22445 0.22483 0.225281 0.225804 0.226394 0.227053 0.227772 0.228556 0.229393 0.23029 0.231233 0.232227 0.233261 0.234338 0.235445 0.236589 0.237752 0.238943 0.240145 0.241365 0.242587 0.243816 0.245037 0.246257 0.247459 0.24865 0.249814 0.250958 0.252065 0.253142 0.254175 0.25517 0.256113 0.257009 0.257847 0.258631 0.25935 0.260009 0.260599 0.261122 0.261573 0.261953 0.262257 0.262487 0.262641 0.262718 0.262718 0.262641 0.262487 0.262257 0.261953 0.261573 0.261122 0.260599 0.260009 0.25935 0.258631 0.257847 0.257009 0.256113 0.25517 0.254175 0.253142 0.252065 0.250958 0.249814 0.24865 0.247459 0.246257 0.245037 0.243816 0.242587 0.241365 0.240145 0.238943 0.237752 0.236589 0.235445 0.234338 0.233261 0.232227 0.231233 0.23029 0.229393 0.228556 0.227772 0.227053 0.226394 0.225804 0.225281 0.22483 0.22445 0.224146 0.223915 0.223762 0.223685 
0.224788 0.224865 0.22502 0.225251 0.225558 0.225938 0.226393 0.226916 0.227512 0.228171 0.228897 0.229681 0.230527 0.231423 0.232375 0.23337 0.234413 0.235491 0.236609 0.237752 0.238928 0.240119 0.241332 0.242552 0.243786 0.245015 0.246249 0.247469 0.248682 0.249873 0.251049 0.252192 0.25331 0.254388 0.255431 0.256426 0.257378 0.258274 0.25912 0.259904 0.26063 0.261289 0.261885 0.262408 0.262863 0.263243 0.26355 0.263781 0.263936 0.264013 0.264013 0.263936 0.263781 0.26355 0.263243 0.262863 0.262408 0.261885 0.261289 0.26063 0.259904 0.25912 0.258274 0.257378 0.256426 0.255431 0.254388 0.25331 0.252192 0.251049 0.249873 0.248682 0.247469 0.246249 0.245015 0.243786 0.242552 0.241332 0.240119 0.238928 0.237752 0.236609 0.235491 0.234413 0.23337 0.232375 0.231423 0.230527 0.229681 0.228897 0.228171 0.227512 0.226916 0.226393 0.225938 0.225558 0.225251 0.22502 0.224865 0.224788 
0.225912 0.22599 0.226144 0.226377 0.226684 0.227068 0.227523 0.228052 0.228647 0.229313 0.230039 0.230831 0.231677 0.232582 0.233534 0.234539 0.235582 0.236671 0.237789 0.238943 0.240119 0.241322 0.242535 0.243768 0.245001 0.246243 0.247476 0.248708 0.249922 0.251125 0.2523 0.253455 0.254573 0.255661 0.256705 0.257709 0.258662 0.259567 0.260413 0.261204 0.261931 0.262596 0.263192 0.26372 0.264175 0.264559 0.264866 0.265099 0.265254 0.265332 0.265332 0.265254 0.265099 0.264866 0.264559 0.264175 0.26372 0.263192 0.262596 0.261931 0.261204 0.260413 0.259567 0.258662 0.257709 0.256705 0.255661 0.254573 0.253455 0.2523 0.251125 0.249922 0.248708 0.247476 0.246243 0.245001 0.243768 0.242535 0.241322 0.240119 0.238943 0.237789 0.236671 0.235582 0.234539 0.233534 0.232582 0.231677 0.230831 0.230039 0.229313 0.228647 0.228052 0.227523 0.227068 0.226684 0.226377 0.226144 0.22599 0.225912 
0.227051 0.227129 0.227286 0.227518 0.227829 0.228212 0.228672 0.229201 0.229802 0.230467 0.231201 0.231993 0.232847 0.233753 0.234714 0.235719 0.236773 0.237861 0.238991 0.240145 0.241332 0.242535 0.243761 0.244994 0.246239 0.247481 0.248727 0.249959 0.251185 0.252388 0.253575 0.25473 0.255859 0.256948 0.258002 0.259006 0.259968 0.260873 0.261728 0.262519 0.263253 0.263919 0.26452 0.265049 0.265508 0.265892 0.266202 0.266435 0.266592 0.266669 0.266669 0.266592 0.266435 0.266202 0.265892 0.265508 0.265049 0.26452 0.263919 0.263253 0.262519 0.261728 0.260873 0.259968 0.259006 0.258002 0.256948 0.255859 0.25473 0.253575 0.252388 0.251185 0.249959 0.248727 0.247481 0.246239 0.244994 0.243761 0.242535 0.241332 0.240145 0.238991 0.237861 0.236773 0.235719 0.234714 0.233753 0.232847 0.231993 0.231201 0.230467 0.229802 0.229201 0.228672 0.228212 0.227829 0.227518 0.227286 0.227129 0.227051 
0.228202 0.228281 0.228437 0.228672 0.228983 0.22937 0.22983 0.230364 0.230965 0.231637 0.232371 0.233171 0.234025 0.23494 0.235901 0.236916 0.23797 0.239069 0.240199 0.241365 0.242552 0.243768 0.244994 0.246238 0.247484 0.248738 0.249984 0.251229 0.252455 0.25367 0.254857 0.256024 0.257153 0.258252 0.259306 0.260321 0.261283 0.262197 0.263052 0.263851 0.264585 0.265257 0.265859 0.266393 0.266852 0.26724 0.26755 0.267785 0.267942 0.268021 0.268021 0.267942 0.267785 0.26755 0.26724 0.266852 0.266393 0.265859 0.265257 0.264585 0.263851 0.263052 0.262197 0.261283 0.260321 0.259306 0.258252 0.257153 0.256024 0.254857 0.25367 0.252455 0.251229 0.249984 0.248738 0.247484 0.246238 0.244994 0.243768 0.242552 0.241365 0.240199 0.239069 0.23797 0.236916 0.235901 0.23494 0.234025 0.233171 0.232371 0.231637 0.230965 0.230364 0.22983 0.22937 0.228983 0.228672 0.228437 0.228281 0.228202 
0.22936 0.229438 0.229596 0.229831 0.230145 0.230533 0.230997 0.231531 0.232138 0.232811 0.233552 0.234351 0.235214 0.236129 0.2371 0.238115 0.23918 0.240279 0.24142 0.242587 0.243786 0.245001 0.246239 0.247484 0.248742 0.249997 0.251255 0.2525 0.253738 0.254953 0.256153 0.257319 0.25846 0.259559 0.260624 0.261639 0.26261 0.263525 0.264388 0.265187 0.265929 0.266601 0.267208 0.267742 0.268206 0.268594 0.268908 0.269143 0.269301 0.26938 0.26938 0.269301 0.269143 0.268908 0.268594 0.268206 0.267742 0.267208 0.266601 0.265929 0.265187 0.264388 0.263525 0.26261 0.261639 0.260624 0.259559 0.25846 0.257319 0.256153 0.254953 0.253738 0.2525 0.251255 0.249997 0.248742 0.247484 0.246239 0.245001 0.243786 0.242587 0.24142 0.240279 0.23918 0.238115 0.2371 0.236129 0.235214 0.234351 0.233552 0.232811 0.232138 0.231531 0.230997 0.230533 0.230145 0.229831 0.229596 0.229438 0.22936 
0.230519 0.230599 0.230757 0.230994 0.231308 0.2317 0.232164 0.232703 0.233311 0.23399 0.234731 0.235539 0.236402 0.237325 0.238297 0.239322 0.240387 0.241497 0.242638 0.243816 0.245015 0.246243 0.247481 0.248738 0.249997 0.251264 0.252522 0.25378 0.255018 0.256245 0.257445 0.258623 0.259764 0.260874 0.261939 0.262964 0.263935 0.264859 0.265722 0.26653 0.267271 0.26795 0.268558 0.269097 0.269561 0.269953 0.270266 0.270504 0.270662 0.270741 0.270741 0.270662 0.270504 0.270266 0.269953 0.269561 0.269097 0.268558 0.26795 0.267271 0.26653 0.265722 0.264859 0.263935 0.262964 0.261939 0.260874 0.259764 0.258623 0.257445 0.256245 0.255018 0.25378 0.252522 0.251264 0.249997 0.248738 0.247481 0.246243 0.245015 0.243816 0.242638 0.241497 0.240387 0.239322 0.238297 0.237325 0.236402 0.235539 0.234731 0.23399 0.233311 0.232703 0.232164 0.2317 0.231308 0.230994 0.230757 0.230599 0.230519 
0.231677 0.231757 0.231916 0.232154 0.232471 0.232862 0.233331 0.23387 0.234484 0.235163 0.235912 0.236719 0.237591 0.238515 0.239496 0.240521 0.241597 0.242707 0.243859 0.245037 0.246249 0.247476 0.248727 0.249984 0.251255 0.252522 0.253793 0.255051 0.256302 0.257529 0.25874 0.259918 0.261071 0.262181 0.263256 0.264282 0.265263 0.266187 0.267058 0.267866 0.268615 0.269294 0.269907 0.270447 0.270915 0.271307 0.271624 0.271861 0.272021 0.2721 0.2721 0.272021 0.271861 0.271624 0.271307 0.270915 0.270447 0.269907 0.269294 0.268615 0.267866 0.267058 0.266187 0.265263 0.264282 0.263256 0.262181 0.261071 0.259918 0.25874 0.257529 0.256302 0.255051 0.253793 0.252522 0.251255 0.249984 0.248727 0.247476 0.246249 0.245037 0.243859 0.242707 0.241597 0.240521 0.239496 0.238515 0.237591 0.236719 0.235912 0.235163 0.234484 0.23387 0.233331 0.232862 0.232471 0.232154 0.231916 0.231757 0.231677 
0.232828 0.232908 0.233068 0.233308 0.233624 0.23402 0.234489 0.235034 0.235647 0.236333 0.237081 0.237897 0.238769 0.239702 0.240683 0.241718 0.242794 0.243915 0.245068 0.246257 0.247469 0.248708 0.249959 0.251229 0.2525 0.25378 0.255051 0.25632 0.257571 0.258811 0.260022 0.261212 0.262364 0.263486 0.264561 0.265596 0.266578 0.26751 0.268382 0.269198 0.269947 0.270632 0.271246 0.271791 0.27226 0.272655 0.272972 0.273212 0.273371 0.273451 0.273451 0.273371 0.273212 0.272972 0.272655 0.27226 0.271791 0.271246 0.270632 0.269947 0.269198 0.268382 0.26751 0.266578 0.265596 0.264561 0.263486 0.262364 0.261212 0.260022 0.258811 0.257571 0.25632 0.255051 0.25378 0.2525 0.251229 0.249959 0.248708 0.247469 0.246257 0.245068 0.243915 0.242794 0.241718 0.240683 0.239702 0.238769 0.237897 0.237081 0.236333 0.235647 0.235034 0.234489 0.23402 0.233624 0.233308 0.233068 0.232908 0.232828 
0.233967 0.234048 0.234209 0.234449 0.234769 0.235164 0.235637 0.236182 0.236802 0.237488 0.238243 0.239059 0.23994 0.240872 0.241863 0.242899 0.243984 0.245106 0.24627 0.247459 0.248682 0.249922 0.251185 0.252455 0.253738 0.255018 0.256302 0.257571 0.258834 0.260074 0.261297 0.262487 0.263651 0.264772 0.265858 0.266893 0.267884 0.268817 0.269697 0.270513 0.271269 0.271955 0.272574 0.273119 0.273592 0.273988 0.274308 0.274547 0.274709 0.274789 0.274789 0.274709 0.274547 0.274308 0.273988 0.273592 0.273119 0.272574 0.271955 0.271269 0.270513 0.269697 0.268817 0.267884 0.266893 0.265858 0.264772 0.263651 0.262487 0.261297 0.260074 0.258834 0.257571 0.256302 0.255018 0.253738 0.252455 0.251185 0.249922 0.248682 0.247459 0.24627 0.245106 0.243984 0.242899 0.241863 0.240872 0.23994 0.239059 0.238243 0.237488 0.236802 0.236182 0.235637 0.235164 0.234769 0.234449 0.234209 0.234048 0.233967 
0.235091 0.235172 0.235333 0.235575 0.235895 0.236294 0.236768 0.237318 0.237937 0.23863 0.239386 0.240209 0.241089 0.242031 0.243022 0.244067 0.245153 0.246286 0.247449 0.24865 0.249873 0.251125 0.252388 0.25367 0.254953 0.256245 0.257529 0.258811 0.260074 0.261325 0.262548 0.26375 0.264913 0.266046 0.267131 0.268177 0.269168 0.270109 0.27099 0.271813 0.272569 0.273262 0.273881 0.274431 0.274905 0.275304 0.275624 0.275866 0.276027 0.276108 0.276108 0.276027 0.275866 0.275624 0.275304 0.274905 0.274431 0.273881 0.273262 0.272569 0.271813 0.27099 0.270109 0.269168 0.268177 0.267131 0.266046 0.264913 0.26375 0.262548 0.261325 0.260074 0.258811 0.257529 0.256245 0.254953 0.25367 0.252388 0.251125 0.249873 0.24865 0.247449 0.246286 0.245153 0.244067 0.243022 0.242031 0.241089 0.240209 0.239386 0.23863 0.237937 0.237318 0.236768 0.236294 0.235895 0.235575 0.235333 0.235172 0.235091 
0.236194 0.236275 0.236438 0.23668 0.237003 0.237402 0.23788 0.23843 0.239055 0.239748 0.240511 0.241334 0.242223 0.243165 0.244165 0.24521 0.246306 0.247438 0.248613 0.249814 0.251049 0.2523 0.253575 0.254857 0.256153 0.257445 0.25874 0.260022 0.261297 0.262548 0.263783 0.264984 0.266159 0.267291 0.268387 0.269432 0.270432 0.271374 0.272263 0.273087 0.273849 0.274542 0.275167 0.275717 0.276195 0.276594 0.276917 0.277159 0.277322 0.277403 0.277403 0.277322 0.277159 0.276917 0.276594 0.276195 0.275717 0.275167 0.274542 0.273849 0.273087 0.272263 0.271374 0.270432 0.269432 0.268387 0.267291 0.266159 0.264984 0.263783 0.262548 0.261297 0.260022 0.25874 0.257445 0.256153 0.254857 0.253575 0.2523 0.251049 0.249814 0.248613 0.247438 0.246306 0.24521 0.244165 0.243165 0.242223 0.241334 0.240511 0.239748 0.239055 0.23843 0.23788 0.237402 0.237003 0.23668 0.236438 0.236275 0.236194 
0.237273 0.237354 0.237517 0.237761 0.238084 0.238487 0.238965 0.23952 0.240145 0.240844 0.241607 0.242438 0.243327 0.244277 0.245277 0.246332 0.247428 0.248571 0.249745 0.250958 0.252192 0.253455 0.25473 0.256024 0.257319 0.258623 0.259918 0.261212 0.262487 0.26375 0.264984 0.266197 0.267371 0.268514 0.26961 0.270664 0.271665 0.272615 0.273504 0.274335 0.275098 0.275796 0.276422 0.276977 0.277455 0.277858 0.27818 0.278425 0.278587 0.278669 0.278669 0.278587 0.278425 0.27818 0.277858 0.277455 0.276977 0.276422 0.275796 0.275098 0.274335 0.273504 0.272615 0.271665 0.270664 0.26961 0.268514 0.267371 0.266197 0.264984 0.26375 0.262487 0.261212 0.259918 0.258623 0.257319 0.256024 0.25473 0.253455 0.252192 0.250958 0.249745 0.248571 0.247428 0.246332 0.245277 0.244277 0.243327 0.242438 0.241607 0.240844 0.240145 0.23952 0.238965 0.238487 0.238084 0.237761 0.237517 0.237354 0.237273 
0.238322 0.238404 0.238568 0.238812 0.239138 0.239541 0.240023 0.240578 0.241209 0.241908 0.242677 0.243509 0.244405 0.245355 0.246364 0.247419 0.248525 0.249668 0.250852 0.252065 0.25331 0.254573 0.255859 0.257153 0.25846 0.259764 0.261071 0.262364 0.263651 0.264913 0.266159 0.267371 0.268556 0.269699 0.270804 0.271859 0.272868 0.273819 0.274715 0.275546 0.276316 0.277014 0.277645 0.2782 0.278682 0.279085 0.279411 0.279655 0.27982 0.279901 0.279901 0.27982 0.279655 0.279411 0.279085 0.278682 0.2782 0.277645 0.277014 0.276316 0.275546 0.274715 0.273819 0.272868 0.271859 0.270804 0.269699 0.268556 0.267371 0.266159 0.264913 0.263651 0.262364 0.261071 0.259764 0.25846 0.257153 0.255859 0.254573 0.25331 0.252065 0.250852 0.249668 0.248525 0.247419 0.246364 0.245355 0.244405 0.243509 0.242677 0.241908 0.241209 0.240578 0.240023 0.239541 0.239138 0.238812 0.238568 0.238404 0.238322 
0.239339 0.239421 0.239585 0.239832 0.240157 0.240564 0.241046 0.241606 0.242236 0.242941 0.243711 0.244549 0.245445 0.246404 0.247413 0.248477 0.249582 0.250735 0.25192 0.253142 0.254388 0.255661 0.256948 0.258252 0.259559 0.260874 0.262181 0.263486 0.264772 0.266046 0.267291 0.268514 0.269699 0.270851 0.271957 0.27302 0.274029 0.274988 0.275884 0.276723 0.277492 0.278197 0.278828 0.279388 0.27987 0.280276 0.280602 0.280848 0.281012 0.281095 0.281095 0.281012 0.280848 0.280602 0.280276 0.27987 0.279388 0.278828 0.278197 0.277492 0.276723 0.275884 0.274988 0.274029 0.27302 0.271957 0.270851 0.269699 0.268514 0.267291 0.266046 0.264772 0.263486 0.262181 0.260874 0.259559 0.258252 0.256948 0.255661 0.254388 0.253142 0.25192 0.250735 0.249582 0.248477 0.247413 0.246404 0.245445 0.244549 0.243711 0.242941 0.242236 0.241606 0.241046 0.240564 0.240157 0.239832 0.239585 0.239421 0.239339 
0.240318 0.240401 0.240566 0.240812 0.241141 0.241547 0.242033 0.242593 0.243229 0.243934 0.24471 0.245548 0.246452 0.24741 0.248427 0.249491 0.250606 0.251758 0.252953 0.254175 0.255431 0.256705 0.258002 0.259306 0.260624 0.261939 0.263256 0.264561 0.265858 0.267131 0.268387 0.26961 0.270804 0.271957 0.273071 0.274135 0.275152 0.276111 0.277015 0.277853 0.278629 0.279333 0.279969 0.280529 0.281015 0.281422 0.28175 0.281996 0.282162 0.282244 0.282244 0.282162 0.281996 0.28175 0.281422 0.281015 0.280529 0.279969 0.279333 0.278629 0.277853 0.277015 0.276111 0.275152 0.274135 0.273071 0.271957 0.270804 0.26961 0.268387 0.267131 0.265858 0.264561 0.263256 0.261939 0.260624 0.259306 0.258002 0.256705 0.255431 0.254175 0.252953 0.251758 0.250606 0.249491 0.248427 0.24741 0.246452 0.245548 0.24471 0.243934 0.243229 0.242593 0.242033 0.241547 0.241141 0.240812 0.240566 0.240401 0.240318 
0.241256 0.24134 0.241505 0.241753 0.242082 0.242491 0.242977 0.243541 0.244177 0.244888 0.245664 0.246508 0.247412 0.248378 0.249395 0.250468 0.251582 0.252744 0.253938 0.25517 0.256426 0.257709 0.259006 0.260321 0.261639 0.262964 0.264282 0.265596 0.266893 0.268177 0.269432 0.270664 0.271859 0.27302 0.274135 0.275207 0.276224 0.27719 0.278094 0.278939 0.279715 0.280425 0.281061 0.281625 0.282111 0.282521 0.282849 0.283098 0.283263 0.283346 0.283346 0.283263 0.283098 0.282849 0.282521 0.282111 0.281625 0.281061 0.280425 0.279715 0.278939 0.278094 0.27719 0.276224 0.275207 0.274135 0.27302 0.271859 0.270664 0.269432 0.268177 0.266893 0.265596 0.264282 0.262964 0.261639 0.260321 0.259006 0.257709 0.256426 0.25517 0.253938 0.252744 0.251582 0.250468 0.249395 0.248378 0.247412 0.246508 0.245664 0.244888 0.244177 0.243541 0.242977 0.242491 0.242082 0.241753 0.241505 0.24134 0.241256 
0.24215 0.242233 0.2424 0.242648 0.242979 0.243389 0.243878 0.244443 0.245083 0.245793 0.246575 0.24742 0.24833 0.249296 0.250321 0.251393 0.252516 0.253678 0.254881 0.256113 0.257378 0.258662 0.259968 0.261283 0.26261 0.263935 0.265263 0.266578 0.267884 0.269168 0.270432 0.271665 0.272868 0.274029 0.275152 0.276224 0.277249 0.278215 0.279126 0.27997 0.280752 0.281462 0.282103 0.282667 0.283157 0.283566 0.283897 0.284145 0.284312 0.284395 0.284395 0.284312 0.284145 0.283897 0.283566 0.283157 0.282667 0.282103 0.281462 0.280752 0.27997 0.279126 0.278215 0.277249 0.276224 0.275152 0.274029 0.272868 0.271665 0.270432 0.269168 0.267884 0.266578 0.265263 0.263935 0.26261 0.261283 0.259968 0.258662 0.257378 0.256113 0.254881 0.253678 0.252516 0.251393 0.250321 0.249296 0.24833 0.24742 0.246575 0.245793 0.245083 0.244443 0.243878 0.243389 0.242979 0.242648 0.2424 0.242233 0.24215 
0.242996 0.243079 0.243246 0.243496 0.243827 0.244239 0.244729 0.245297 0.245938 0.246653 0.247435 0.248285 0.249196 0.250169 0.251193 0.252273 0.253396 0.254565 0.255769 0.257009 0.258274 0.259567 0.260873 0.262197 0.263525 0.264859 0.266187 0.26751 0.268817 0.270109 0.271374 0.272615 0.273819 0.274988 0.276111 0.27719 0.278215 0.279188 0.280099 0.280949 0.281731 0.282446 0.283087 0.283655 0.284144 0.284557 0.284888 0.285138 0.285304 0.285388 0.285388 0.285304 0.285138 0.284888 0.284557 0.284144 0.283655 0.283087 0.282446 0.281731 0.280949 0.280099 0.279188 0.278215 0.27719 0.276111 0.274988 0.273819 0.272615 0.271374 0.270109 0.268817 0.26751 0.266187 0.264859 0.263525 0.262197 0.260873 0.259567 0.258274 0.257009 0.255769 0.254565 0.253396 0.252273 0.251193 0.250169 0.249196 0.248285 0.247435 0.246653 0.245938 0.245297 0.244729 0.244239 0.243827 0.243496 0.243246 0.243079 0.242996 
0.24379 0.243874 0.244041 0.244291 0.244624 0.245037 0.24553 0.246098 0.246743 0.247458 0.248245 0.249095 0.250012 0.250984 0.252016 0.253095 0.254226 0.255395 0.256606 0.257847 0.25912 0.260413 0.261728 0.263052 0.264388 0.265722 0.267058 0.268382 0.269697 0.27099 0.272263 0.273504 0.274715 0.275884 0.277015 0.278094 0.279126 0.280099 0.281015 0.281866 0.282652 0.283367 0.284012 0.284581 0.285073 0.285486 0.285819 0.286069 0.286236 0.28632 0.28632 0.286236 0.286069 0.285819 0.285486 0.285073 0.284581 0.284012 0.283367 0.282652 0.281866 0.281015 0.280099 0.279126 0.278094 0.277015 0.275884 0.274715 0.273504 0.272263 0.27099 0.269697 0.268382 0.267058 0.265722 0.264388 0.263052 0.261728 0.260413 0.25912 0.257847 0.256606 0.255395 0.254226 0.253095 0.252016 0.250984 0.250012 0.249095 0.248245 0.247458 0.246743 0.246098 0.24553 0.245037 0.244624 0.244291 0.244041 0.243874 0.24379 
0.244529 0.244613 0.244781 0.245033 0.245366 0.245781 0.246273 0.246845 0.24749 0.248209 0.248996 0.249852 0.250768 0.251747 0.252778 0.253865 0.254995 0.256171 0.257383 0.258631 0.259904 0.261204 0.262519 0.263851 0.265187 0.26653 0.267866 0.269198 0.270513 0.271813 0.273087 0.274335 0.275546 0.276723 0.277853 0.278939 0.27997 0.280949 0.281866 0.282721 0.283508 0.284228 0.284872 0.285444 0.285937 0.286352 0.286685 0.286936 0.287104 0.287188 0.287188 0.287104 0.286936 0.286685 0.286352 0.285937 0.285444 0.284872 0.284228 0.283508 0.282721 0.281866 0.280949 0.27997 0.278939 0.277853 0.276723 0.275546 0.274335 0.273087 0.271813 0.270513 0.269198 0.267866 0.26653 0.265187 0.263851 0.262519 0.261204 0.259904 0.258631 0.257383 0.256171 0.254995 0.253865 0.252778 0.251747 0.250768 0.249852 0.248996 0.248209 0.24749 0.246845 0.246273 0.245781 0.245366 0.245033 0.244781 0.244613 0.244529 
0.245211 0.245295 0.245464 0.245716 0.24605 0.246465 0.246961 0.247532 0.248181 0.2489 0.249692 0.250547 0.251469 0.252447 0.253485 0.254571 0.255707 0.256884 0.258102 0.25935 0.26063 0.261931 0.263253 0.264585 0.265929 0.267271 0.268615 0.269947 0.271269 0.272569 0.273849 0.275098 0.276316 0.277492 0.278629 0.279715 0.280752 0.281731 0.282652 0.283508 0.284299 0.285019 0.285667 0.286239 0.286734 0.287149 0.287484 0.287736 0.287904 0.287989 0.287989 0.287904 0.287736 0.287484 0.287149 0.286734 0.286239 0.285667 0.285019 0.284299 0.283508 0.282652 0.281731 0.280752 0.279715 0.278629 0.277492 0.276316 0.275098 0.273849 0.272569 0.271269 0.269947 0.268615 0.267271 0.265929 0.264585 0.263253 0.261931 0.26063 0.25935 0.258102 0.256884 0.255707 0.254571 0.253485 0.252447 0.251469 0.250547 0.249692 0.2489 0.248181 0.247532 0.246961 0.246465 0.24605 0.245716 0.245464 0.245295 0.245211 
0.245832 0.245917 0.246086 0.246339 0.246674 0.247091 0.247586 0.248161 0.248809 0.249532 0.250323 0.251183 0.252105 0.253089 0.254126 0.255217 0.256354 0.257536 0.258754 0.260009 0.261289 0.262596 0.263919 0.265257 0.266601 0.26795 0.269294 0.270632 0.271955 0.273262 0.274542 0.275796 0.277014 0.278197 0.279333 0.280425 0.281462 0.282446 0.283367 0.284228 0.285019 0.285742 0.28639 0.286965 0.28746 0.287877 0.288212 0.288465 0.288634 0.288718 0.288718 0.288634 0.288465 0.288212 0.287877 0.28746 0.286965 0.28639 0.285742 0.285019 0.284228 0.283367 0.282446 0.281462 0.280425 0.279333 0.278197 0.277014 0.275796 0.274542 0.273262 0.271955 0.270632 0.269294 0.26795 0.266601 0.265257 0.263919 0.262596 0.261289 0.260009 0.258754 0.257536 0.256354 0.255217 0.254126 0.253089 0.252105 0.251183 0.250323 0.249532 0.248809 0.248161 0.247586 0.247091 0.246674 0.246339 0.246086 0.245917 0.245832 
0.246391 0.246476 0.246646 0.246898 0.247235 0.247652 0.248149 0.248724 0.249375 0.250098 0.250893 0.251753 0.252679 0.253663 0.254705 0.255796 0.256938 0.25812 0.259344 0.260599 0.261885 0.263192 0.26452 0.265859 0.267208 0.268558 0.269907 0.271246 0.272574 0.273881 0.275167 0.276422 0.277645 0.278828 0.279969 0.281061 0.282103 0.283087 0.284012 0.284872 0.285667 0.28639 0.287042 0.287616 0.288114 0.288531 0.288867 0.28912 0.28929 0.289374 0.289374 0.28929 0.28912 0.288867 0.288531 0.288114 0.287616 0.287042 0.28639 0.285667 0.284872 0.284012 0.283087 0.282103 0.281061 0.279969 0.278828 0.277645 0.276422 0.275167 0.273881 0.272574 0.271246 0.269907 0.268558 0.267208 0.265859 0.26452 0.263192 0.261885 0.260599 0.259344 0.25812 0.256938 0.255796 0.254705 0.253663 0.252679 0.251753 0.250893 0.250098 0.249375 0.248724 0.248149 0.247652 0.247235 0.246898 0.246646 0.246476 0.246391 
0.246885 0.24697 0.24714 0.247394 0.24773 0.248149 0.248646 0.249223 0.249875 0.2506 0.251395 0.252259 0.253185 0.254172 0.255214 0.25631 0.257452 0.258639 0.259863 0.261122 0.262408 0.26372 0.265049 0.266393 0.267742 0.269097 0.270447 0.271791 0.273119 0.274431 0.275717 0.276977 0.2782 0.279388 0.280529 0.281625 0.282667 0.283655 0.284581 0.285444 0.286239 0.286965 0.287616 0.288193 0.288691 0.28911 0.289446 0.2897 0.289869 0.289954 0.289954 0.289869 0.2897 0.289446 0.28911 0.288691 0.288193 0.287616 0.286965 0.286239 0.285444 0.284581 0.283655 0.282667 0.281625 0.280529 0.279388 0.2782 0.276977 0.275717 0.274431 0.273119 0.271791 0.270447 0.269097 0.267742 0.266393 0.265049 0.26372 0.262408 0.261122 0.259863 0.258639 0.257452 0.25631 0.255214 0.254172 0.253185 0.252259 0.251395 0.2506 0.249875 0.249223 0.248646 0.248149 0.24773 0.247394 0.24714 0.24697 0.246885 
