0.00590824 0.0060219 0.00625148 0.00659272 0.00705234 0.00762169 0.00831173 0.00910913 0.0100288 0.0110524 0.0121983 0.0134429 0.0148077 0.0162635 0.0178343 0.0194854 0.0212429 0.0230668 0.0249848 0.0269521 0.0289974 0.0310723 0.0332063 0.035348 0.0375274 0.0396918 0.0418712 0.0440129 0.0461469 0.0482218 0.0502671 0.0522344 0.0541523 0.0559763 0.0577338 0.0593849 0.0609557 0.0624115 0.0637763 0.0650209 0.0661668 0.0671904 0.0681101 0.0689075 0.0695975 0.0701669 0.0706265 0.0709677 0.0711973 0.071311 0.071311 0.0711973 0.0709677 0.0706265 0.0701669 0.0695975 0.0689075 0.0681101 0.0671904 0.0661668 0.0650209 0.0637763 0.0624115 0.0609557 0.0593849 0.0577338 0.0559763 0.0541523 0.0522344 0.0502671 0.0482218 0.0461469 0.0440129 0.0418712 0.0396918 0.0375274 0.035348 0.0332063 0.0310723 0.0289974 0.0269521 0.0249848 0.0230668 0.0212429 0.0194854 0.0178343 0.0162635 0.0148077 0.0134429 0.0121983 0.0110524 0.0100288 0.00910913 0.00831173 0.00762169 0.00705234 0.00659272 0.00625148 0.0060219 0.00590824 
0.0060219 0.00613993 0.00636951 0.00672389 0.00718351 0.00777478 0.00846482 0.00929291 0.0102126 0.0112755 0.0124215 0.013714 0.0150788 0.0165905 0.0181613 0.0198759 0.0216334 0.0235274 0.0254454 0.0274882 0.0295336 0.0316882 0.0338222 0.0360461 0.0382255 0.040473 0.0426524 0.0448764 0.0470104 0.049165 0.0512104 0.0532532 0.0551711 0.0570651 0.0588226 0.0605372 0.062108 0.0636198 0.0649846 0.0662771 0.067423 0.068486 0.0694057 0.0702338 0.0709238 0.0715151 0.0719747 0.0723291 0.0725586 0.0726767 0.0726767 0.0725586 0.0723291 0.0719747 0.0715151 0.0709238 0.0702338 0.0694057 0.068486 0.067423 0.0662771 0.0649846 0.0636198 0.062108 0.0605372 0.0588226 0.0570651 0.0551711 0.0532532 0.0512104 0.049165 0.0470104 0.0448764 0.0426524 0.040473 0.0382255 0.0360461 0.0338222 0.0316882 0.0295336 0.0274882 0.0254454 0.0235274 0.0216334 0.0198759 0.0181613 0.0165905 0.0150788 0.013714 0.0124215 0.0112755 0.0102126 0.00929291 0.00846482 0.00777478 0.00718351 0.00672389 0.00636951 0.00613993 0.0060219 
0.00625148 0.00636951 0.0066166 0.00697099 0.00746568 0.00805694 0.00879962 0.00962771 0.0106175 0.0116805 0.0129138 0.0142063 0.0156751 0.0171868 0.0188773 0.0205919 0.0224832 0.0243772 0.0264412 0.0284841 0.0306851 0.0328397 0.0351361 0.0373601 0.0397053 0.0419528 0.0442981 0.0465221 0.0488184 0.0509731 0.0531741 0.055217 0.0572809 0.0591749 0.0610663 0.0627809 0.0644713 0.0659831 0.0674519 0.0687444 0.0699777 0.0710407 0.0720305 0.0728586 0.0736012 0.0741925 0.0746872 0.0750416 0.0752887 0.0754067 0.0754067 0.0752887 0.0750416 0.0746872 0.0741925 0.0736012 0.0728586 0.0720305 0.0710407 0.0699777 0.0687444 0.0674519 0.0659831 0.0644713 0.0627809 0.0610663 0.0591749 0.0572809 0.055217 0.0531741 0.0509731 0.0488184 0.0465221 0.0442981 0.0419528 0.0397053 0.0373601 0.0351361 0.0328397 0.0306851 0.0284841 0.0264412 0.0243772 0.0224832 0.0205919 0.0188773 0.0171868 0.0156751 0.0142063 0.0129138 0.0116805 0.0106175 0.00962771 0.00879962 0.00805694 0.00746568 0.00697099 0.0066166 0.00636951 0.00625148 
0.00659272 0.00672389 0.00697099 0.00736482 0.00785951 0.00851658 0.00925926 0.0101795 0.0111693 0.0123505 0.0135838 0.01502 0.0164888 0.0181686 0.0198591 0.0217642 0.0236556 0.02576 0.0278239 0.0300937 0.0322948 0.0346886 0.036985 0.0394559 0.0418012 0.0442982 0.0466435 0.0491144 0.0514108 0.0538046 0.0560057 0.0582755 0.0603394 0.0624438 0.0643352 0.0662403 0.0679308 0.0696106 0.0710794 0.0725156 0.0737489 0.0749301 0.0759199 0.0768401 0.0775828 0.0782399 0.0787346 0.0791284 0.0793755 0.0795067 0.0795067 0.0793755 0.0791284 0.0787346 0.0782399 0.0775828 0.0768401 0.0759199 0.0749301 0.0737489 0.0725156 0.0710794 0.0696106 0.0679308 0.0662403 0.0643352 0.0624438 0.0603394 0.0582755 0.0560057 0.0538046 0.0514108 0.0491144 0.0466435 0.0442982 0.0418012 0.0394559 0.036985 0.0346886 0.0322948 0.0300937 0.0278239 0.02576 0.0236556 0.0217642 0.0198591 0.0181686 0.0164888 0.01502 0.0135838 0.0123505 0.0111693 0.0101795 0.00925926 0.00851658 0.00785951 0.00736482 0.00697099 0.00672389 0.00659272 
0.00705234 0.00718351 0.00746568 0.00785951 0.00842439 0.00908147 0.00992951 0.0108497 0.0119799 0.0131611 0.0145693 0.0160055 0.0176825 0.0193623 0.0212923 0.0231974 0.0253567 0.0274611 0.0298174 0.0320871 0.0345998 0.0369937 0.0396152 0.0420861 0.0447634 0.0472604 0.0499377 0.0524086 0.0550301 0.0574239 0.0599367 0.0622064 0.0645627 0.0666671 0.0688263 0.0707315 0.0726615 0.0743413 0.0760183 0.0774545 0.0788627 0.0800439 0.081174 0.0820943 0.0829423 0.0835994 0.0841643 0.0845581 0.0848403 0.0849714 0.0849714 0.0848403 0.0845581 0.0841643 0.0835994 0.0829423 0.0820943 0.081174 0.0800439 0.0788627 0.0774545 0.0760183 0.0743413 0.0726615 0.0707315 0.0688263 0.0666671 0.0645627 0.0622064 0.0599367 0.0574239 0.0550301 0.0524086 0.0499377 0.0472604 0.0447634 0.0420861 0.0396152 0.0369937 0.0345998 0.0320871 0.0298174 0.0274611 0.0253567 0.0231974 0.0212923 0.0193623 0.0176825 0.0160055 0.0145693 0.0131611 0.0119799 0.0108497 0.00992951 0.00908147 0.00842439 0.00785951 0.00746568 0.00718351 0.00705234 
0.00762169 0.00777478 0.00805694 0.00851658 0.00908147 0.00984832 0.0106964 0.0117703 0.0129005 0.0142789 0.0156871 0.017363 0.01904 0.0210002 0.0229302 0.0251531 0.0273124 0.0297678 0.032124 0.0347723 0.037285 0.040078 0.0426994 0.0455823 0.0482595 0.0511728 0.0538501 0.0567329 0.0593544 0.0621474 0.0646601 0.0673083 0.0696646 0.07212 0.0742792 0.0765022 0.0784322 0.0803923 0.0820693 0.0837453 0.0851534 0.0865319 0.087662 0.088736 0.089584 0.0903509 0.0909158 0.0913754 0.0916576 0.0918106 0.0918106 0.0916576 0.0913754 0.0909158 0.0903509 0.089584 0.088736 0.087662 0.0865319 0.0851534 0.0837453 0.0820693 0.0803923 0.0784322 0.0765022 0.0742792 0.07212 0.0696646 0.0673083 0.0646601 0.0621474 0.0593544 0.0567329 0.0538501 0.0511728 0.0482595 0.0455823 0.0426994 0.040078 0.037285 0.0347723 0.032124 0.0297678 0.0273124 0.0251531 0.0229302 0.0210002 0.01904 0.017363 0.0156871 0.0142789 0.0129005 0.0117703 0.0106964 0.00984832 0.00908147 0.00851658 0.00805694 0.00777478 0.00762169 
0.00831173 0.00846482 0.00879962 0.00925926 0.00992951 0.0106964 0.0117025 0.0127765 0.0141174 0.0154958 0.0171664 0.0188424 0.0208319 0.022792 0.0250815 0.0273045 0.0298658 0.0323212 0.0351162 0.0377644 0.0407449 0.0435379 0.0466473 0.0495301 0.0527057 0.055619 0.0587945 0.0616773 0.0647868 0.0675797 0.0705602 0.0732084 0.0760034 0.0784588 0.0810202 0.0832431 0.0855326 0.0874928 0.0894822 0.0911582 0.0928288 0.0942073 0.0955482 0.0966221 0.0976283 0.0983951 0.0990654 0.099525 0.0998598 0.100013 0.100013 0.0998598 0.099525 0.0990654 0.0983951 0.0976283 0.0966221 0.0955482 0.0942073 0.0928288 0.0911582 0.0894822 0.0874928 0.0855326 0.0832431 0.0810202 0.0784588 0.0760034 0.0732084 0.0705602 0.0675797 0.0647868 0.0616773 0.0587945 0.055619 0.0527057 0.0495301 0.0466473 0.0435379 0.0407449 0.0377644 0.0351162 0.0323212 0.0298658 0.0273045 0.0250815 0.022792 0.0208319 0.0188424 0.0171664 0.0154958 0.0141174 0.0127765 0.0117025 0.0106964 0.00992951 0.00925926 0.00879962 0.00846482 0.00831173 
0.00910913 0.00929291 0.00962771 0.0101795 0.0108497 0.0117703 0.0127765 0.0140656 0.0154065 0.0170611 0.0187317 0.0207434 0.0227328 0.0250855 0.027375 0.0300429 0.0326043 0.0355511 0.038346 0.0415242 0.0445046 0.0478564 0.0509658 0.0544254 0.0576009 0.061097 0.0642725 0.067732 0.0708415 0.0741932 0.0771737 0.0803518 0.0831468 0.0860936 0.088655 0.0913229 0.0936124 0.095965 0.0979545 0.0999662 0.101637 0.103291 0.104632 0.105921 0.106928 0.107848 0.108518 0.10907 0.109405 0.109589 0.109589 0.109405 0.10907 0.108518 0.107848 0.106928 0.105921 0.104632 0.103291 0.101637 0.0999662 0.0979545 0.095965 0.0936124 0.0913229 0.088655 0.0860936 0.0831468 0.0803518 0.0771737 0.0741932 0.0708415 0.067732 0.0642725 0.061097 0.0576009 0.0544254 0.0509658 0.0478564 0.0445046 0.0415242 0.038346 0.0355511 0.0326043 0.0300429 0.027375 0.0250855 0.0227328 0.0207434 0.0187317 0.0170611 0.0154065 0.0140656 0.0127765 0.0117703 0.0108497 0.0101795 0.00962771 0.00929291 0.00910913 
0.0100288 0.0102126 0.0106175 0.0111693 0.0119799 0.0129005 0.0141174 0.0154065 0.0170281 0.0186827 0.020703 0.0227147 0.0251205 0.0274731 0.0302416 0.0329095 0.0360066 0.0389534 0.0423329 0.045511 0.0491146 0.0524664 0.0562259 0.0596854 0.0635248 0.0670209 0.0708603 0.0743198 0.0780793 0.0814311 0.0850347 0.0882128 0.0915923 0.0945391 0.0976362 0.100304 0.103073 0.105425 0.107831 0.109843 0.111863 0.113518 0.115139 0.116428 0.117645 0.118566 0.119376 0.119928 0.120333 0.120517 0.120517 0.120333 0.119928 0.119376 0.118566 0.117645 0.116428 0.115139 0.113518 0.111863 0.109843 0.107831 0.105425 0.103073 0.100304 0.0976362 0.0945391 0.0915923 0.0882128 0.0850347 0.0814311 0.0780793 0.0743198 0.0708603 0.0670209 0.0635248 0.0596854 0.0562259 0.0524664 0.0491146 0.045511 0.0423329 0.0389534 0.0360066 0.0329095 0.0302416 0.0274731 0.0251205 0.0227147 0.020703 0.0186827 0.0170281 0.0154065 0.0141174 0.0129005 0.0119799 0.0111693 0.0106175 0.0102126 0.0100288 
0.0110524 0.0112755 0.0116805 0.0123505 0.0131611 0.0142789 0.0154958 0.0170611 0.0186827 0.0206917 0.022712 0.0251544 0.0275602 0.0304164 0.0331849 0.0364239 0.039521 0.0430983 0.0464777 0.0503358 0.0539394 0.0580082 0.0617677 0.0659672 0.0698066 0.0740505 0.0778899 0.0820894 0.0858489 0.0899176 0.0935213 0.0973793 0.100759 0.104336 0.107433 0.110672 0.113441 0.116297 0.118703 0.121145 0.123165 0.125174 0.126796 0.128361 0.129578 0.130696 0.131507 0.132177 0.132582 0.132805 0.132805 0.132582 0.132177 0.131507 0.130696 0.129578 0.128361 0.126796 0.125174 0.123165 0.121145 0.118703 0.116297 0.113441 0.110672 0.107433 0.104336 0.100759 0.0973793 0.0935213 0.0899176 0.0858489 0.0820894 0.0778899 0.0740505 0.0698066 0.0659672 0.0617677 0.0580082 0.0539394 0.0503358 0.0464777 0.0430983 0.039521 0.0364239 0.0331849 0.0304164 0.0275602 0.0251544 0.022712 0.0206917 0.0186827 0.0170611 0.0154958 0.0142789 0.0131611 0.0123505 0.0116805 0.0112755 0.0110524 
0.0121983 0.0124215 0.0129138 0.0135838 0.0145693 0.0156871 0.0171664 0.0187317 0.020703 0.022712 0.0251679 0.0276103 0.0305346 0.0333908 0.0367559 0.0399949 0.0437593 0.0473366 0.051444 0.0553021 0.0596819 0.0637507 0.0683198 0.0725193 0.0771856 0.0814294 0.0860956 0.0902951 0.0948643 0.0989331 0.103313 0.107171 0.111278 0.114856 0.11862 0.121859 0.125224 0.12808 0.131005 0.133447 0.135903 0.137912 0.139883 0.141449 0.142928 0.144046 0.145031 0.145701 0.146193 0.146417 0.146417 0.146193 0.145701 0.145031 0.144046 0.142928 0.141449 0.139883 0.137912 0.135903 0.133447 0.131005 0.12808 0.125224 0.121859 0.11862 0.114856 0.111278 0.107171 0.103313 0.0989331 0.0948643 0.0902951 0.0860956 0.0814294 0.0771856 0.0725193 0.0683198 0.0637507 0.0596819 0.0553021 0.051444 0.0473366 0.0437593 0.0399949 0.0367559 0.0333908 0.0305346 0.0276103 0.0251679 0.022712 0.020703 0.0187317 0.0171664 0.0156871 0.0145693 0.0135838 0.0129138 0.0124215 0.0121983 
0.0134429 0.013714 0.0142063 0.01502 0.0160055 0.017363 0.0188424 0.0207434 0.0227147 0.0251544 0.0276103 0.0305762 0.0335005 0.0369689 0.040334 0.044267 0.0480313 0.0523751 0.0564825 0.0611669 0.0655468 0.070487 0.0750561 0.080155 0.0848213 0.0899739 0.0946402 0.0997391 0.104308 0.109248 0.113628 0.118313 0.12242 0.126764 0.130528 0.134461 0.137826 0.141295 0.144219 0.147185 0.149641 0.152081 0.154052 0.155953 0.157432 0.15879 0.159775 0.160589 0.161081 0.161352 0.161352 0.161081 0.160589 0.159775 0.15879 0.157432 0.155953 0.154052 0.152081 0.149641 0.147185 0.144219 0.141295 0.137826 0.134461 0.130528 0.126764 0.12242 0.118313 0.113628 0.109248 0.104308 0.0997391 0.0946402 0.0899739 0.0848213 0.080155 0.0750561 0.070487 0.0655468 0.0611669 0.0564825 0.0523751 0.0480313 0.044267 0.040334 0.0369689 0.0335005 0.0305762 0.0276103 0.0251544 0.0227147 0.0207434 0.0188424 0.017363 0.0160055 0.01502 0.0142063 0.013714 0.0134429 
0.0148077 0.0150788 0.0156751 0.0164888 0.0176825 0.01904 0.0208319 0.0227328 0.0251205 0.0275602 0.0305346 0.0335005 0.0370422 0.0405106 0.0445859 0.0485189 0.0530777 0.0574214 0.0623954 0.0670799 0.0723837 0.0773239 0.0828569 0.0879558 0.0936064 0.0987591 0.10441 0.109509 0.115042 0.119982 0.125286 0.12997 0.134944 0.139288 0.143847 0.14778 0.151855 0.155323 0.158865 0.161831 0.164805 0.167245 0.169633 0.171534 0.173325 0.174683 0.175877 0.17669 0.177287 0.177558 0.177558 0.177287 0.17669 0.175877 0.174683 0.173325 0.171534 0.169633 0.167245 0.164805 0.161831 0.158865 0.155323 0.151855 0.14778 0.143847 0.139288 0.134944 0.12997 0.125286 0.119982 0.115042 0.109509 0.10441 0.0987591 0.0936064 0.0879558 0.0828569 0.0773239 0.0723837 0.0670799 0.0623954 0.0574214 0.0530777 0.0485189 0.0445859 0.0405106 0.0370422 0.0335005 0.0305346 0.0275602 0.0251205 0.0227328 0.0208319 0.01904 0.0176825 0.0164888 0.0156751 0.0150788 0.0148077 
0.0162635 0.0165905 0.0171868 0.0181686 0.0193623 0.0210002 0.022792 0.0250855 0.0274731 0.0304164 0.0333908 0.0369689 0.0405106 0.0446947 0.04877 0.0535144 0.0580732 0.0633129 0.068287 0.0739376 0.0792415 0.0852005 0.0907335 0.0968839 0.102534 0.10875 0.1144 0.120551 0.126084 0.132043 0.137347 0.142997 0.147971 0.153211 0.15777 0.162514 0.16659 0.170774 0.174315 0.177893 0.180868 0.183811 0.186199 0.188492 0.190284 0.191922 0.193116 0.194097 0.194694 0.195021 0.195021 0.194694 0.194097 0.193116 0.191922 0.190284 0.188492 0.186199 0.183811 0.180868 0.177893 0.174315 0.170774 0.16659 0.162514 0.15777 0.153211 0.147971 0.142997 0.137347 0.132043 0.126084 0.120551 0.1144 0.10875 0.102534 0.0968839 0.0907335 0.0852005 0.0792415 0.0739376 0.068287 0.0633129 0.0580732 0.0535144 0.04877 0.0446947 0.0405106 0.0369689 0.0333908 0.0304164 0.0274731 0.0250855 0.022792 0.0210002 0.0193623 0.0181686 0.0171868 0.0165905 0.0162635 
0.0178343 0.0181613 0.0188773 0.0198591 0.0212923 0.0229302 0.0250815 0.027375 0.0302416 0.0331849 0.0367559 0.040334 0.0445859 0.04877 0.0536625 0.0584069 0.0638796 0.0691193 0.0750904 0.0807411 0.0871079 0.093067 0.0997089 0.105859 0.112642 0.118857 0.12564 0.131791 0.138433 0.144392 0.150759 0.156409 0.16238 0.16762 0.173093 0.177837 0.18273 0.186914 0.191166 0.194744 0.198315 0.201258 0.204125 0.206418 0.20857 0.210207 0.211641 0.212622 0.213338 0.213665 0.213665 0.213338 0.212622 0.211641 0.210207 0.20857 0.206418 0.204125 0.201258 0.198315 0.194744 0.191166 0.186914 0.18273 0.177837 0.173093 0.16762 0.16238 0.156409 0.150759 0.144392 0.138433 0.131791 0.12564 0.118857 0.112642 0.105859 0.0997089 0.093067 0.0871079 0.0807411 0.0750904 0.0691193 0.0638796 0.0584069 0.0536625 0.04877 0.0445859 0.040334 0.0367559 0.0331849 0.0302416 0.027375 0.0250815 0.0229302 0.0212923 0.0198591 0.0188773 0.0181613 0.0178343 
0.0194854 0.0198759 0.0205919 0.0217642 0.0231974 0.0251531 0.0273045 0.0300429 0.0329095 0.0364239 0.0399949 0.044267 0.0485189 0.0535144 0.0584069 0.0640712 0.0695439 0.0757995 0.0817706 0.0885166 0.0948834 0.101998 0.108639 0.115982 0.122765 0.130185 0.136968 0.14431 0.150952 0.158066 0.164433 0.171179 0.17715 0.183406 0.188878 0.194543 0.199435 0.204431 0.208683 0.212955 0.216526 0.22004 0.222907 0.225645 0.227796 0.229752 0.231185 0.232358 0.233074 0.233464 0.233464 0.233074 0.232358 0.231185 0.229752 0.227796 0.225645 0.222907 0.22004 0.216526 0.212955 0.208683 0.204431 0.199435 0.194543 0.188878 0.183406 0.17715 0.171179 0.164433 0.158066 0.150952 0.14431 0.136968 0.130185 0.122765 0.115982 0.108639 0.101998 0.0948834 0.0885166 0.0817706 0.0757995 0.0695439 0.0640712 0.0584069 0.0535144 0.0485189 0.044267 0.0399949 0.0364239 0.0329095 0.0300429 0.0273045 0.0251531 0.0231974 0.0217642 0.0205919 0.0198759 0.0194854 
0.0212429 0.0216334 0.0224832 0.0236556 0.0253567 0.0273124 0.0298658 0.0326043 0.0360066 0.039521 0.0437593 0.0480313 0.0530777 0.0580732 0.0638796 0.0695439 0.0760388 0.0822943 0.0893805 0.0961266 0.103682 0.110796 0.118678 0.126021 0.13407 0.14149 0.14954 0.156882 0.164764 0.171878 0.179434 0.18618 0.193266 0.199522 0.206017 0.211681 0.217487 0.222483 0.227529 0.231801 0.23604 0.239554 0.242956 0.245695 0.248248 0.250204 0.251905 0.253077 0.253927 0.254318 0.254318 0.253927 0.253077 0.251905 0.250204 0.248248 0.245695 0.242956 0.239554 0.23604 0.231801 0.227529 0.222483 0.217487 0.211681 0.206017 0.199522 0.193266 0.18618 0.179434 0.171878 0.164764 0.156882 0.14954 0.14149 0.13407 0.126021 0.118678 0.110796 0.103682 0.0961266 0.0893805 0.0822943 0.0760388 0.0695439 0.0638796 0.0580732 0.0530777 0.0480313 0.0437593 0.039521 0.0360066 0.0326043 0.0298658 0.0273124 0.0253567 0.0236556 0.0224832 0.0216334 0.0212429 
0.0230668 0.0235274 0.0243772 0.02576 0.0274611 0.0297678 0.0323212 0.0355511 0.0389534 0.0430983 0.0473366 0.0523751 0.0574214 0.0633129 0.0691193 0.0757995 0.0822943 0.0896717 0.0967579 0.104713 0.112269 0.120659 0.128541 0.1372 0.145249 0.153999 0.162049 0.170707 0.178589 0.186979 0.194535 0.20249 0.209576 0.216954 0.223449 0.230129 0.235935 0.241827 0.246873 0.251912 0.25615 0.260295 0.263697 0.266927 0.26948 0.271787 0.273488 0.274871 0.275721 0.276181 0.276181 0.275721 0.274871 0.273488 0.271787 0.26948 0.266927 0.263697 0.260295 0.25615 0.251912 0.246873 0.241827 0.235935 0.230129 0.223449 0.216954 0.209576 0.20249 0.194535 0.186979 0.178589 0.170707 0.162049 0.153999 0.145249 0.1372 0.128541 0.120659 0.112269 0.104713 0.0967579 0.0896717 0.0822943 0.0757995 0.0691193 0.0633129 0.0574214 0.0523751 0.0473366 0.0430983 0.0389534 0.0355511 0.0323212 0.0297678 0.0274611 0.02576 0.0243772 0.0235274 0.0230668 
0.0249848 0.0254454 0.0264412 0.0278239 0.0298174 0.032124 0.0351162 0.038346 0.0423329 0.0464777 0.051444 0.0564825 0.0623954 0.068287 0.0750904 0.0817706 0.0893805 0.0967579 0.105061 0.113016 0.121869 0.130258 0.139493 0.148152 0.157583 0.166333 0.175764 0.184423 0.193658 0.202048 0.2109 0.218856 0.227159 0.234536 0.242146 0.248826 0.25563 0.261521 0.267434 0.272473 0.277439 0.281584 0.285571 0.2888 0.291793 0.294099 0.296093 0.297475 0.298471 0.298932 0.298932 0.298471 0.297475 0.296093 0.294099 0.291793 0.2888 0.285571 0.281584 0.277439 0.272473 0.267434 0.261521 0.25563 0.248826 0.242146 0.234536 0.227159 0.218856 0.2109 0.202048 0.193658 0.184423 0.175764 0.166333 0.157583 0.148152 0.139493 0.130258 0.121869 0.113016 0.105061 0.0967579 0.0893805 0.0817706 0.0750904 0.068287 0.0623954 0.0564825 0.051444 0.0464777 0.0423329 0.038346 0.0351162 0.032124 0.0298174 0.0278239 0.0264412 0.0254454 0.0249848 
0.0269521 0.0274882 0.0284841 0.0300937 0.0320871 0.0347723 0.0377644 0.0415242 0.045511 0.0503358 0.0553021 0.0611669 0.0670799 0.0739376 0.0807411 0.0885166 0.0961266 0.104713 0.113016 0.122276 0.131129 0.140894 0.150129 0.160207 0.169638 0.179822 0.189253 0.199331 0.208566 0.218331 0.227184 0.236444 0.244746 0.253333 0.260943 0.268719 0.275522 0.28238 0.288293 0.294158 0.299124 0.303949 0.307936 0.311695 0.314688 0.317373 0.319366 0.320976 0.321972 0.322508 0.322508 0.321972 0.320976 0.319366 0.317373 0.314688 0.311695 0.307936 0.303949 0.299124 0.294158 0.288293 0.28238 0.275522 0.268719 0.260943 0.253333 0.244746 0.236444 0.227184 0.218331 0.208566 0.199331 0.189253 0.179822 0.169638 0.160207 0.150129 0.140894 0.131129 0.122276 0.113016 0.104713 0.0961266 0.0885166 0.0807411 0.0739376 0.0670799 0.0611669 0.0553021 0.0503358 0.045511 0.0415242 0.0377644 0.0347723 0.0320871 0.0300937 0.0284841 0.0274882 0.0269521 
0.0289974 0.0295336 0.0306851 0.0322948 0.0345998 0.037285 0.0407449 0.0445046 0.0491146 0.0539394 0.0596819 0.0655468 0.0723837 0.0792415 0.0871079 0.0948834 0.103682 0.112269 0.121869 0.131129 0.141364 0.151129 0.161806 0.171885 0.182789 0.192973 0.203877 0.213955 0.224633 0.234397 0.244633 0.253893 0.263492 0.272079 0.280878 0.288654 0.29652 0.303378 0.310215 0.31608 0.321822 0.326647 0.331257 0.335017 0.338477 0.341162 0.343467 0.345077 0.346228 0.346764 0.346764 0.346228 0.345077 0.343467 0.341162 0.338477 0.335017 0.331257 0.326647 0.321822 0.31608 0.310215 0.303378 0.29652 0.288654 0.280878 0.272079 0.263492 0.253893 0.244633 0.234397 0.224633 0.213955 0.203877 0.192973 0.182789 0.171885 0.161806 0.151129 0.141364 0.131129 0.121869 0.112269 0.103682 0.0948834 0.0871079 0.0792415 0.0723837 0.0655468 0.0596819 0.0539394 0.0491146 0.0445046 0.0407449 0.037285 0.0345998 0.0322948 0.0306851 0.0295336 0.0289974 
0.0310723 0.0316882 0.0328397 0.0346886 0.0369937 0.040078 0.0435379 0.0478564 0.0524664 0.0580082 0.0637507 0.070487 0.0773239 0.0852005 0.093067 0.101998 0.110796 0.120659 0.130258 0.140894 0.151129 0.162344 0.173021 0.184596 0.1955 0.207197 0.218101 0.229676 0.240353 0.251568 0.261804 0.272439 0.282039 0.291901 0.3007 0.309631 0.317497 0.325374 0.332211 0.338947 0.344689 0.350231 0.354841 0.35916 0.36262 0.365704 0.368009 0.369858 0.371009 0.371625 0.371625 0.371009 0.369858 0.368009 0.365704 0.36262 0.35916 0.354841 0.350231 0.344689 0.338947 0.332211 0.325374 0.317497 0.309631 0.3007 0.291901 0.282039 0.272439 0.261804 0.251568 0.240353 0.229676 0.218101 0.207197 0.1955 0.184596 0.173021 0.162344 0.151129 0.140894 0.130258 0.120659 0.110796 0.101998 0.093067 0.0852005 0.0773239 0.070487 0.0637507 0.0580082 0.0524664 0.0478564 0.0435379 0.040078 0.0369937 0.0346886 0.0328397 0.0316882 0.0310723 
0.0332063 0.0338222 0.0351361 0.036985 0.0396152 0.0426994 0.0466473 0.0509658 0.0562259 0.0617677 0.0683198 0.0750561 0.0828569 0.0907335 0.0997089 0.108639 0.118678 0.128541 0.139493 0.150129 0.161806 0.173021 0.185204 0.196778 0.209219 0.220916 0.233356 0.244931 0.257113 0.268328 0.280006 0.290641 0.301594 0.311456 0.321495 0.330426 0.339401 0.347278 0.355078 0.361815 0.368367 0.373909 0.379169 0.383487 0.387435 0.390519 0.39315 0.394998 0.396312 0.396928 0.396928 0.396312 0.394998 0.39315 0.390519 0.387435 0.383487 0.379169 0.373909 0.368367 0.361815 0.355078 0.347278 0.339401 0.330426 0.321495 0.311456 0.301594 0.290641 0.280006 0.268328 0.257113 0.244931 0.233356 0.220916 0.209219 0.196778 0.185204 0.173021 0.161806 0.150129 0.139493 0.128541 0.118678 0.108639 0.0997089 0.0907335 0.0828569 0.0750561 0.0683198 0.0617677 0.0562259 0.0509658 0.0466473 0.0426994 0.0396152 0.036985 0.0351361 0.0338222 0.0332063 
0.035348 0.0360461 0.0373601 0.0394559 0.0420861 0.0455823 0.0495301 0.0544254 0.0596854 0.0659672 0.0725193 0.080155 0.0879558 0.0968839 0.105859 0.115982 0.126021 0.1372 0.148152 0.160207 0.171885 0.184596 0.196778 0.209898 0.222338 0.235596 0.248037 0.261156 0.273338 0.28605 0.297728 0.309782 0.320735 0.331913 0.341952 0.352075 0.36105 0.369979 0.377779 0.385415 0.391967 0.398249 0.403509 0.408404 0.412352 0.415848 0.418478 0.420574 0.421888 0.422586 0.422586 0.421888 0.420574 0.418478 0.415848 0.412352 0.408404 0.403509 0.398249 0.391967 0.385415 0.377779 0.369979 0.36105 0.352075 0.341952 0.331913 0.320735 0.309782 0.297728 0.28605 0.273338 0.261156 0.248037 0.235596 0.222338 0.209898 0.196778 0.184596 0.171885 0.160207 0.148152 0.1372 0.126021 0.115982 0.105859 0.0968839 0.0879558 0.080155 0.0725193 0.0659672 0.0596854 0.0544254 0.0495301 0.0455823 0.0420861 0.0394559 0.0373601 0.0360461 0.035348 
0.0375274 0.0382255 0.0397053 0.0418012 0.0447634 0.0482595 0.0527057 0.0576009 0.0635248 0.0698066 0.0771856 0.0848213 0.0936064 0.102534 0.112642 0.122765 0.13407 0.145249 0.157583 0.169638 0.182789 0.1955 0.209219 0.222338 0.236348 0.249606 0.263615 0.276735 0.290453 0.303165 0.316316 0.32837 0.340705 0.351883 0.363189 0.373311 0.383419 0.392347 0.401132 0.408768 0.416147 0.422429 0.428353 0.433248 0.437694 0.44119 0.444152 0.446248 0.447728 0.448426 0.448426 0.447728 0.446248 0.444152 0.44119 0.437694 0.433248 0.428353 0.422429 0.416147 0.408768 0.401132 0.392347 0.383419 0.373311 0.363189 0.351883 0.340705 0.32837 0.316316 0.303165 0.290453 0.276735 0.263615 0.249606 0.236348 0.222338 0.209219 0.1955 0.182789 0.169638 0.157583 0.145249 0.13407 0.122765 0.112642 0.102534 0.0936064 0.0848213 0.0771856 0.0698066 0.0635248 0.0576009 0.0527057 0.0482595 0.0447634 0.0418012 0.0397053 0.0382255 0.0375274 
0.0396918 0.040473 0.0419528 0.0442982 0.0472604 0.0511728 0.055619 0.061097 0.0670209 0.0740505 0.0814294 0.0899739 0.0987591 0.10875 0.118857 0.130185 0.14149 0.153999 0.166333 0.179822 0.192973 0.207197 0.220916 0.235596 0.249606 0.264441 0.27845 0.293131 0.306849 0.321073 0.334224 0.347713 0.360047 0.372556 0.383862 0.395189 0.405297 0.415287 0.424072 0.432617 0.439996 0.447025 0.452949 0.458427 0.462874 0.466786 0.469748 0.472094 0.473573 0.474355 0.474355 0.473573 0.472094 0.469748 0.466786 0.462874 0.458427 0.452949 0.447025 0.439996 0.432617 0.424072 0.415287 0.405297 0.395189 0.383862 0.372556 0.360047 0.347713 0.334224 0.321073 0.306849 0.293131 0.27845 0.264441 0.249606 0.235596 0.220916 0.207197 0.192973 0.179822 0.166333 0.153999 0.14149 0.130185 0.118857 0.10875 0.0987591 0.0899739 0.0814294 0.0740505 0.0670209 0.061097 0.055619 0.0511728 0.0472604 0.0442982 0.0419528 0.040473 0.0396918 
0.0418712 0.0426524 0.0442981 0.0466435 0.0499377 0.0538501 0.0587945 0.0642725 0.0708603 0.0778899 0.0860956 0.0946402 0.10441 0.1144 0.12564 0.136968 0.14954 0.162049 0.175764 0.189253 0.203877 0.218101 0.233356 0.248037 0.263615 0.27845 0.294029 0.308709 0.323964 0.338189 0.352813 0.366301 0.380017 0.392526 0.405098 0.416425 0.427665 0.437656 0.447425 0.45597 0.464176 0.471205 0.477793 0.483271 0.488216 0.492128 0.495422 0.497768 0.499413 0.500194 0.500194 0.499413 0.497768 0.495422 0.492128 0.488216 0.483271 0.477793 0.471205 0.464176 0.45597 0.447425 0.437656 0.427665 0.416425 0.405098 0.392526 0.380017 0.366301 0.352813 0.338189 0.323964 0.308709 0.294029 0.27845 0.263615 0.248037 0.233356 0.218101 0.203877 0.189253 0.175764 0.162049 0.14954 0.136968 0.12564 0.1144 0.10441 0.0946402 0.0860956 0.0778899 0.0708603 0.0642725 0.0587945 0.0538501 0.0499377 0.0466435 0.0442981 0.0426524 0.0418712 
0.0440129 0.0448764 0.0465221 0.0491144 0.0524086 0.0567329 0.0616773 0.067732 0.0743198 0.0820894 0.0902951 0.0997391 0.109509 0.120551 0.131791 0.14431 0.156882 0.170707 0.184423 0.199331 0.213955 0.229676 0.244931 0.261156 0.276735 0.293131 0.308709 0.324934 0.340189 0.35591 0.370534 0.385442 0.399158 0.412983 0.425555 0.438075 0.449315 0.460357 0.470126 0.47957 0.487776 0.495546 0.502133 0.508188 0.513133 0.517457 0.520751 0.523343 0.524989 0.525853 0.525853 0.524989 0.523343 0.520751 0.517457 0.513133 0.508188 0.502133 0.495546 0.487776 0.47957 0.470126 0.460357 0.449315 0.438075 0.425555 0.412983 0.399158 0.385442 0.370534 0.35591 0.340189 0.324934 0.308709 0.293131 0.276735 0.261156 0.244931 0.229676 0.213955 0.199331 0.184423 0.170707 0.156882 0.14431 0.131791 0.120551 0.109509 0.0997391 0.0902951 0.0820894 0.0743198 0.067732 0.0616773 0.0567329 0.0524086 0.0491144 0.0465221 0.0448764 0.0440129 
0.0461469 0.0470104 0.0488184 0.0514108 0.0550301 0.0593544 0.0647868 0.0708415 0.0780793 0.0858489 0.0948643 0.104308 0.115042 0.126084 0.138433 0.150952 0.164764 0.178589 0.193658 0.208566 0.224633 0.240353 0.257113 0.273338 0.290453 0.306849 0.323964 0.340189 0.356949 0.37267 0.388736 0.403644 0.418713 0.432538 0.44635 0.45887 0.471219 0.482261 0.492994 0.502438 0.511454 0.519223 0.526461 0.532516 0.537948 0.542272 0.545892 0.548484 0.550292 0.551156 0.551156 0.550292 0.548484 0.545892 0.542272 0.537948 0.532516 0.526461 0.519223 0.511454 0.502438 0.492994 0.482261 0.471219 0.45887 0.44635 0.432538 0.418713 0.403644 0.388736 0.37267 0.356949 0.340189 0.323964 0.306849 0.290453 0.273338 0.257113 0.240353 0.224633 0.208566 0.193658 0.178589 0.164764 0.150952 0.138433 0.126084 0.115042 0.104308 0.0948643 0.0858489 0.0780793 0.0708415 0.0647868 0.0593544 0.0550301 0.0514108 0.0488184 0.0470104 0.0461469 
0.0482218 0.049165 0.0509731 0.0538046 0.0574239 0.0621474 0.0675797 0.0741932 0.0814311 0.0899176 0.0989331 0.109248 0.119982 0.132043 0.144392 0.158066 0.171878 0.186979 0.202048 0.218331 0.234397 0.251568 0.268328 0.28605 0.303165 0.321073 0.338189 0.35591 0.37267 0.389841 0.405907 0.422191 0.437259 0.45236 0.466172 0.479847 0.492196 0.504257 0.51499 0.525305 0.534321 0.542807 0.550045 0.556659 0.562091 0.566814 0.570434 0.573265 0.575073 0.576017 0.576017 0.575073 0.573265 0.570434 0.566814 0.562091 0.556659 0.550045 0.542807 0.534321 0.525305 0.51499 0.504257 0.492196 0.479847 0.466172 0.45236 0.437259 0.422191 0.405907 0.389841 0.37267 0.35591 0.338189 0.321073 0.303165 0.28605 0.268328 0.251568 0.234397 0.218331 0.202048 0.186979 0.171878 0.158066 0.144392 0.132043 0.119982 0.109248 0.0989331 0.0899176 0.0814311 0.0741932 0.0675797 0.0621474 0.0574239 0.0538046 0.0509731 0.049165 0.0482218 
0.0502671 0.0512104 0.0531741 0.0560057 0.0599367 0.0646601 0.0705602 0.0771737 0.0850347 0.0935213 0.103313 0.113628 0.125286 0.137347 0.150759 0.164433 0.179434 0.194535 0.2109 0.227184 0.244633 0.261804 0.280006 0.297728 0.316316 0.334224 0.352813 0.370534 0.388736 0.405907 0.423356 0.43964 0.456006 0.471106 0.486107 0.499782 0.513194 0.525255 0.536912 0.547227 0.557019 0.565506 0.573367 0.57998 0.58588 0.590604 0.594535 0.597366 0.59933 0.600273 0.600273 0.59933 0.597366 0.594535 0.590604 0.58588 0.57998 0.573367 0.565506 0.557019 0.547227 0.536912 0.525255 0.513194 0.499782 0.486107 0.471106 0.456006 0.43964 0.423356 0.405907 0.388736 0.370534 0.352813 0.334224 0.316316 0.297728 0.280006 0.261804 0.244633 0.227184 0.2109 0.194535 0.179434 0.164433 0.150759 0.137347 0.125286 0.113628 0.103313 0.0935213 0.0850347 0.0771737 0.0705602 0.0646601 0.0599367 0.0560057 0.0531741 0.0512104 0.0502671 
0.0522344 0.0532532 0.055217 0.0582755 0.0622064 0.0673083 0.0732084 0.0803518 0.0882128 0.0973793 0.107171 0.118313 0.12997 0.142997 0.156409 0.171179 0.18618 0.20249 0.218856 0.236444 0.253893 0.272439 0.290641 0.309782 0.32837 0.347713 0.366301 0.385442 0.403644 0.422191 0.43964 0.457227 0.473593 0.489903 0.504904 0.519674 0.533086 0.546113 0.557771 0.568913 0.578704 0.587871 0.595732 0.602875 0.608775 0.613877 0.617808 0.620866 0.62283 0.623849 0.623849 0.62283 0.620866 0.617808 0.613877 0.608775 0.602875 0.595732 0.587871 0.578704 0.568913 0.557771 0.546113 0.533086 0.519674 0.504904 0.489903 0.473593 0.457227 0.43964 0.422191 0.403644 0.385442 0.366301 0.347713 0.32837 0.309782 0.290641 0.272439 0.253893 0.236444 0.218856 0.20249 0.18618 0.171179 0.156409 0.142997 0.12997 0.118313 0.107171 0.0973793 0.0882128 0.0803518 0.0732084 0.0673083 0.0622064 0.0582755 0.055217 0.0532532 0.0522344 
0.0541523 0.0551711 0.0572809 0.0603394 0.0645627 0.0696646 0.0760034 0.0831468 0.0915923 0.100759 0.111278 0.12242 0.134944 0.147971 0.16238 0.17715 0.193266 0.209576 0.227159 0.244746 0.263492 0.282039 0.301594 0.320735 0.340705 0.360047 0.380017 0.399158 0.418713 0.437259 0.456006 0.473593 0.491175 0.507486 0.523602 0.538372 0.552781 0.565808 0.578332 0.589474 0.599993 0.60916 0.617605 0.624748 0.631087 0.636189 0.640412 0.643471 0.645581 0.6466 0.6466 0.645581 0.643471 0.640412 0.636189 0.631087 0.624748 0.617605 0.60916 0.599993 0.589474 0.578332 0.565808 0.552781 0.538372 0.523602 0.507486 0.491175 0.473593 0.456006 0.437259 0.418713 0.399158 0.380017 0.360047 0.340705 0.320735 0.301594 0.282039 0.263492 0.244746 0.227159 0.209576 0.193266 0.17715 0.16238 0.147971 0.134944 0.12242 0.111278 0.100759 0.0915923 0.0831468 0.0760034 0.0696646 0.0645627 0.0603394 0.0572809 0.0551711 0.0541523 
0.0559763 0.0570651 0.0591749 0.0624438 0.0666671 0.07212 0.0784588 0.0860936 0.0945391 0.104336 0.114856 0.126764 0.139288 0.153211 0.16762 0.183406 0.199522 0.216954 0.234536 0.253333 0.272079 0.291901 0.311456 0.331913 0.351883 0.372556 0.392526 0.412983 0.432538 0.45236 0.471106 0.489903 0.507486 0.524918 0.541034 0.556819 0.571228 0.585152 0.597676 0.609584 0.620103 0.6299 0.638346 0.645981 0.652319 0.657772 0.661996 0.665264 0.667374 0.668463 0.668463 0.667374 0.665264 0.661996 0.657772 0.652319 0.645981 0.638346 0.6299 0.620103 0.609584 0.597676 0.585152 0.571228 0.556819 0.541034 0.524918 0.507486 0.489903 0.471106 0.45236 0.432538 0.412983 0.392526 0.372556 0.351883 0.331913 0.311456 0.291901 0.272079 0.253333 0.234536 0.216954 0.199522 0.183406 0.16762 0.153211 0.139288 0.126764 0.114856 0.104336 0.0945391 0.0860936 0.0784588 0.07212 0.0666671 0.0624438 0.0591749 0.0570651 0.0559763 
0.0577338 0.0588226 0.0610663 0.0643352 0.0688263 0.0742792 0.0810202 0.088655 0.0976362 0.107433 0.11862 0.130528 0.143847 0.15777 0.173093 0.188878 0.206017 0.223449 0.242146 0.260943 0.280878 0.3007 0.321495 0.341952 0.363189 0.383862 0.405098 0.425555 0.44635 0.466172 0.486107 0.504904 0.523602 0.541034 0.558172 0.573958 0.589281 0.603204 0.616522 0.62843 0.639617 0.649414 0.658395 0.66603 0.672771 0.678224 0.682715 0.685984 0.688228 0.689317 0.689317 0.688228 0.685984 0.682715 0.678224 0.672771 0.66603 0.658395 0.649414 0.639617 0.62843 0.616522 0.603204 0.589281 0.573958 0.558172 0.541034 0.523602 0.504904 0.486107 0.466172 0.44635 0.425555 0.405098 0.383862 0.363189 0.341952 0.321495 0.3007 0.280878 0.260943 0.242146 0.223449 0.206017 0.188878 0.173093 0.15777 0.143847 0.130528 0.11862 0.107433 0.0976362 0.088655 0.0810202 0.0742792 0.0688263 0.0643352 0.0610663 0.0588226 0.0577338 
0.0593849 0.0605372 0.0627809 0.0662403 0.0707315 0.0765022 0.0832431 0.0913229 0.100304 0.110672 0.121859 0.134461 0.14778 0.162514 0.177837 0.194543 0.211681 0.230129 0.248826 0.268719 0.288654 0.309631 0.330426 0.352075 0.373311 0.395189 0.416425 0.438075 0.45887 0.479847 0.499782 0.519674 0.538372 0.556819 0.573958 0.590663 0.605986 0.620721 0.634039 0.646641 0.657828 0.668196 0.677177 0.685257 0.691998 0.697769 0.70226 0.705719 0.707963 0.709115 0.709115 0.707963 0.705719 0.70226 0.697769 0.691998 0.685257 0.677177 0.668196 0.657828 0.646641 0.634039 0.620721 0.605986 0.590663 0.573958 0.556819 0.538372 0.519674 0.499782 0.479847 0.45887 0.438075 0.416425 0.395189 0.373311 0.352075 0.330426 0.309631 0.288654 0.268719 0.248826 0.230129 0.211681 0.194543 0.177837 0.162514 0.14778 0.134461 0.121859 0.110672 0.100304 0.0913229 0.0832431 0.0765022 0.0707315 0.0662403 0.0627809 0.0605372 0.0593849 
0.0609557 0.062108 0.0644713 0.0679308 0.0726615 0.0784322 0.0855326 0.0936124 0.103073 0.113441 0.125224 0.137826 0.151855 0.16659 0.18273 0.199435 0.217487 0.235935 0.25563 0.275522 0.29652 0.317497 0.339401 0.36105 0.383419 0.405297 0.427665 0.449315 0.471219 0.492196 0.513194 0.533086 0.552781 0.571228 0.589281 0.605986 0.622126 0.636861 0.65089 0.663492 0.675275 0.685643 0.695103 0.703183 0.710284 0.716054 0.720785 0.724244 0.726608 0.72776 0.72776 0.726608 0.724244 0.720785 0.716054 0.710284 0.703183 0.695103 0.685643 0.675275 0.663492 0.65089 0.636861 0.622126 0.605986 0.589281 0.571228 0.552781 0.533086 0.513194 0.492196 0.471219 0.449315 0.427665 0.405297 0.383419 0.36105 0.339401 0.317497 0.29652 0.275522 0.25563 0.235935 0.217487 0.199435 0.18273 0.16659 0.151855 0.137826 0.125224 0.113441 0.103073 0.0936124 0.0855326 0.0784322 0.0726615 0.0679308 0.0644713 0.062108 0.0609557 
0.0624115 0.0636198 0.0659831 0.0696106 0.0743413 0.0803923 0.0874928 0.095965 0.105425 0.116297 0.12808 0.141295 0.155323 0.170774 0.186914 0.204431 0.222483 0.241827 0.261521 0.28238 0.303378 0.325374 0.347278 0.369979 0.392347 0.415287 0.437656 0.460357 0.482261 0.504257 0.525255 0.546113 0.565808 0.585152 0.603204 0.620721 0.636861 0.652311 0.66634 0.679554 0.691338 0.702209 0.711669 0.720142 0.727242 0.733293 0.738024 0.741651 0.744015 0.745223 0.745223 0.744015 0.741651 0.738024 0.733293 0.727242 0.720142 0.711669 0.702209 0.691338 0.679554 0.66634 0.652311 0.636861 0.620721 0.603204 0.585152 0.565808 0.546113 0.525255 0.504257 0.482261 0.460357 0.437656 0.415287 0.392347 0.369979 0.347278 0.325374 0.303378 0.28238 0.261521 0.241827 0.222483 0.204431 0.186914 0.170774 0.155323 0.141295 0.12808 0.116297 0.105425 0.095965 0.0874928 0.0803923 0.0743413 0.0696106 0.0659831 0.0636198 0.0624115 
0.0637763 0.0649846 0.0674519 0.0710794 0.0760183 0.0820693 0.0894822 0.0979545 0.107831 0.118703 0.131005 0.144219 0.158865 0.174315 0.191166 0.208683 0.227529 0.246873 0.267434 0.288293 0.310215 0.332211 0.355078 0.377779 0.401132 0.424072 0.447425 0.470126 0.492994 0.51499 0.536912 0.557771 0.578332 0.597676 0.616522 0.634039 0.65089 0.66634 0.680986 0.6942 0.706502 0.717374 0.72725 0.735723 0.743136 0.749187 0.754125 0.757753 0.76022 0.761429 0.761429 0.76022 0.757753 0.754125 0.749187 0.743136 0.735723 0.72725 0.717374 0.706502 0.6942 0.680986 0.66634 0.65089 0.634039 0.616522 0.597676 0.578332 0.557771 0.536912 0.51499 0.492994 0.470126 0.447425 0.424072 0.401132 0.377779 0.355078 0.332211 0.310215 0.288293 0.267434 0.246873 0.227529 0.208683 0.191166 0.174315 0.158865 0.144219 0.131005 0.118703 0.107831 0.0979545 0.0894822 0.0820693 0.0760183 0.0710794 0.0674519 0.0649846 0.0637763 
0.0650209 0.0662771 0.0687444 0.0725156 0.0774545 0.0837453 0.0911582 0.0999662 0.109843 0.121145 0.133447 0.147185 0.161831 0.177893 0.194744 0.212955 0.231801 0.251912 0.272473 0.294158 0.31608 0.338947 0.361815 0.385415 0.408768 0.432617 0.45597 0.47957 0.502438 0.525305 0.547227 0.568913 0.589474 0.609584 0.62843 0.646641 0.663492 0.679554 0.6942 0.707938 0.72024 0.731542 0.741419 0.750227 0.75764 0.763931 0.768869 0.772641 0.775108 0.776364 0.776364 0.775108 0.772641 0.768869 0.763931 0.75764 0.750227 0.741419 0.731542 0.72024 0.707938 0.6942 0.679554 0.663492 0.646641 0.62843 0.609584 0.589474 0.568913 0.547227 0.525305 0.502438 0.47957 0.45597 0.432617 0.408768 0.385415 0.361815 0.338947 0.31608 0.294158 0.272473 0.251912 0.231801 0.212955 0.194744 0.177893 0.161831 0.147185 0.133447 0.121145 0.109843 0.0999662 0.0911582 0.0837453 0.0774545 0.0725156 0.0687444 0.0662771 0.0650209 
0.0661668 0.067423 0.0699777 0.0737489 0.0788627 0.0851534 0.0928288 0.101637 0.111863 0.123165 0.135903 0.149641 0.164805 0.180868 0.198315 0.216526 0.23604 0.25615 0.277439 0.299124 0.321822 0.344689 0.368367 0.391967 0.416147 0.439996 0.464176 0.487776 0.511454 0.534321 0.557019 0.578704 0.599993 0.620103 0.639617 0.657828 0.675275 0.691338 0.706502 0.72024 0.732978 0.74428 0.754506 0.763314 0.77099 0.77728 0.782394 0.786165 0.78872 0.789976 0.789976 0.78872 0.786165 0.782394 0.77728 0.77099 0.763314 0.754506 0.74428 0.732978 0.72024 0.706502 0.691338 0.675275 0.657828 0.639617 0.620103 0.599993 0.578704 0.557019 0.534321 0.511454 0.487776 0.464176 0.439996 0.416147 0.391967 0.368367 0.344689 0.321822 0.299124 0.277439 0.25615 0.23604 0.216526 0.198315 0.180868 0.164805 0.149641 0.135903 0.123165 0.111863 0.101637 0.0928288 0.0851534 0.0788627 0.0737489 0.0699777 0.067423 0.0661668 
0.0671904 0.068486 0.0710407 0.0749301 0.0800439 0.0865319 0.0942073 0.103291 0.113518 0.125174 0.137912 0.152081 0.167245 0.183811 0.201258 0.22004 0.239554 0.260295 0.281584 0.303949 0.326647 0.350231 0.373909 0.398249 0.422429 0.447025 0.471205 0.495546 0.519223 0.542807 0.565506 0.587871 0.60916 0.6299 0.649414 0.668196 0.685643 0.702209 0.717374 0.731542 0.74428 0.755937 0.766163 0.775247 0.782922 0.78941 0.794524 0.798414 0.800968 0.802264 0.802264 0.800968 0.798414 0.794524 0.78941 0.782922 0.775247 0.766163 0.755937 0.74428 0.731542 0.717374 0.702209 0.685643 0.668196 0.649414 0.6299 0.60916 0.587871 0.565506 0.542807 0.519223 0.495546 0.471205 0.447025 0.422429 0.398249 0.373909 0.350231 0.326647 0.303949 0.281584 0.260295 0.239554 0.22004 0.201258 0.183811 0.167245 0.152081 0.137912 0.125174 0.113518 0.103291 0.0942073 0.0865319 0.0800439 0.0749301 0.0710407 0.068486 0.0671904 
