0.471786 0.471822 0.471893 0.472001 0.472143 0.47232 0.472531 0.472774 0.47305 0.473357 0.473693 0.474058 0.47445 0.474867 0.475308 0.475771 0.476255 0.476756 0.477274 0.477806 0.478351 0.478905 0.479468 0.480035 0.480607 0.481179 0.48175 0.482318 0.482881 0.483435 0.483979 0.484512 0.485029 0.485531 0.486014 0.486477 0.486919 0.487336 0.487728 0.488092 0.488429 0.488736 0.489011 0.489255 0.489466 0.489643 0.489785 0.489892 0.489964 0.49 0.49 0.489964 0.489892 0.489785 0.489643 0.489466 0.489255 0.489011 0.488736 0.488429 0.488092 0.487728 0.487336 0.486919 0.486477 0.486014 0.485531 0.485029 0.484512 0.483979 0.483435 0.482881 0.482318 0.48175 0.481179 0.480607 0.480035 0.479468 0.478905 0.478351 0.477806 0.477274 0.476756 0.476255 0.475771 0.475308 0.474867 0.47445 0.474058 0.473693 0.473357 0.47305 0.472774 0.472531 0.47232 0.472143 0.472001 0.471893 0.471822 0.471786 
0.471822 0.471858 0.471929 0.472037 0.472179 0.472356 0.472567 0.47281 0.473086 0.473393 0.473729 0.474094 0.474486 0.474903 0.475344 0.475807 0.476291 0.476792 0.47731 0.477842 0.478387 0.478941 0.479503 0.480071 0.480643 0.481215 0.481786 0.482354 0.482916 0.483471 0.484015 0.484547 0.485065 0.485567 0.48605 0.486513 0.486954 0.487372 0.487764 0.488128 0.488465 0.488772 0.489047 0.489291 0.489502 0.489679 0.489821 0.489928 0.49 0.490036 0.490036 0.49 0.489928 0.489821 0.489679 0.489502 0.489291 0.489047 0.488772 0.488465 0.488128 0.487764 0.487372 0.486954 0.486513 0.48605 0.485567 0.485065 0.484547 0.484015 0.483471 0.482916 0.482354 0.481786 0.481215 0.480643 0.480071 0.479503 0.478941 0.478387 0.477842 0.47731 0.476792 0.476291 0.475807 0.475344 0.474903 0.474486 0.474094 0.473729 0.473393 0.473086 0.47281 0.472567 0.472356 0.472179 0.472037 0.471929 0.471858 0.471822 
0.471893 0.471929 0.472001 0.472108 0.472251 0.472428 0.472638 0.472882 0.473158 0.473465 0.473801 0.474166 0.474558 0.474975 0.475416 0.475879 0.476362 0.476864 0.477382 0.477914 0.478459 0.479013 0.479575 0.480143 0.480714 0.481287 0.481858 0.482426 0.482988 0.483543 0.484087 0.484619 0.485137 0.485639 0.486122 0.486585 0.487026 0.487443 0.487835 0.4882 0.488537 0.488843 0.489119 0.489363 0.489574 0.48975 0.489893 0.49 0.490072 0.490108 0.490108 0.490072 0.49 0.489893 0.48975 0.489574 0.489363 0.489119 0.488843 0.488537 0.4882 0.487835 0.487443 0.487026 0.486585 0.486122 0.485639 0.485137 0.484619 0.484087 0.483543 0.482988 0.482426 0.481858 0.481287 0.480714 0.480143 0.479575 0.479013 0.478459 0.477914 0.477382 0.476864 0.476362 0.475879 0.475416 0.474975 0.474558 0.474166 0.473801 0.473465 0.473158 0.472882 0.472638 0.472428 0.472251 0.472108 0.472001 0.471929 0.471893 
0.472001 0.472037 0.472108 0.472216 0.472358 0.472535 0.472746 0.472989 0.473265 0.473572 0.473908 0.474273 0.474665 0.475082 0.475523 0.475986 0.47647 0.476971 0.477489 0.478021 0.478566 0.47912 0.479682 0.48025 0.480822 0.481394 0.481965 0.482533 0.483095 0.48365 0.484194 0.484726 0.485244 0.485746 0.486229 0.486692 0.487133 0.487551 0.487943 0.488307 0.488644 0.488951 0.489226 0.48947 0.489681 0.489858 0.49 0.490107 0.490179 0.490215 0.490215 0.490179 0.490107 0.49 0.489858 0.489681 0.48947 0.489226 0.488951 0.488644 0.488307 0.487943 0.487551 0.487133 0.486692 0.486229 0.485746 0.485244 0.484726 0.484194 0.48365 0.483095 0.482533 0.481965 0.481394 0.480822 0.48025 0.479682 0.47912 0.478566 0.478021 0.477489 0.476971 0.47647 0.475986 0.475523 0.475082 0.474665 0.474273 0.473908 0.473572 0.473265 0.472989 0.472746 0.472535 0.472358 0.472216 0.472108 0.472037 0.472001 
0.472143 0.472179 0.472251 0.472358 0.4725 0.472677 0.472888 0.473132 0.473407 0.473714 0.474051 0.474415 0.474807 0.475225 0.475666 0.476129 0.476612 0.477114 0.477632 0.478164 0.478708 0.479263 0.479825 0.480393 0.480964 0.481536 0.482108 0.482676 0.483238 0.483792 0.484337 0.484869 0.485387 0.485888 0.486372 0.486835 0.487276 0.487693 0.488085 0.48845 0.488786 0.489093 0.489369 0.489612 0.489823 0.49 0.490142 0.49025 0.490321 0.490357 0.490357 0.490321 0.49025 0.490142 0.49 0.489823 0.489612 0.489369 0.489093 0.488786 0.48845 0.488085 0.487693 0.487276 0.486835 0.486372 0.485888 0.485387 0.484869 0.484337 0.483792 0.483238 0.482676 0.482108 0.481536 0.480964 0.480393 0.479825 0.479263 0.478708 0.478164 0.477632 0.477114 0.476612 0.476129 0.475666 0.475225 0.474807 0.474415 0.474051 0.473714 0.473407 0.473132 0.472888 0.472677 0.4725 0.472358 0.472251 0.472179 0.472143 
0.47232 0.472356 0.472428 0.472535 0.472677 0.472854 0.473065 0.473309 0.473584 0.473891 0.474228 0.474592 0.474984 0.475401 0.475843 0.476306 0.476789 0.477291 0.477808 0.478341 0.478885 0.479439 0.480002 0.48057 0.481141 0.481713 0.482285 0.482852 0.483415 0.483969 0.484514 0.485046 0.485564 0.486065 0.486549 0.487012 0.487453 0.48787 0.488262 0.488627 0.488963 0.48927 0.489546 0.489789 0.49 0.490177 0.490319 0.490427 0.490498 0.490534 0.490534 0.490498 0.490427 0.490319 0.490177 0.49 0.489789 0.489546 0.48927 0.488963 0.488627 0.488262 0.48787 0.487453 0.487012 0.486549 0.486065 0.485564 0.485046 0.484514 0.483969 0.483415 0.482852 0.482285 0.481713 0.481141 0.48057 0.480002 0.479439 0.478885 0.478341 0.477808 0.477291 0.476789 0.476306 0.475843 0.475401 0.474984 0.474592 0.474228 0.473891 0.473584 0.473309 0.473065 0.472854 0.472677 0.472535 0.472428 0.472356 0.47232 
0.472531 0.472567 0.472638 0.472746 0.472888 0.473065 0.473276 0.473519 0.473795 0.474102 0.474438 0.474803 0.475195 0.475612 0.476053 0.476516 0.477 0.477501 0.478019 0.478551 0.479096 0.47965 0.480212 0.48078 0.481352 0.481924 0.482495 0.483063 0.483625 0.48418 0.484724 0.485256 0.485774 0.486276 0.486759 0.487222 0.487663 0.488081 0.488473 0.488837 0.489174 0.489481 0.489756 0.49 0.490211 0.490388 0.49053 0.490637 0.490709 0.490745 0.490745 0.490709 0.490637 0.49053 0.490388 0.490211 0.49 0.489756 0.489481 0.489174 0.488837 0.488473 0.488081 0.487663 0.487222 0.486759 0.486276 0.485774 0.485256 0.484724 0.48418 0.483625 0.483063 0.482495 0.481924 0.481352 0.48078 0.480212 0.47965 0.479096 0.478551 0.478019 0.477501 0.477 0.476516 0.476053 0.475612 0.475195 0.474803 0.474438 0.474102 0.473795 0.473519 0.473276 0.473065 0.472888 0.472746 0.472638 0.472567 0.472531 
0.472774 0.47281 0.472882 0.472989 0.473132 0.473309 0.473519 0.473763 0.474039 0.474345 0.474682 0.475047 0.475439 0.475856 0.476297 0.47676 0.477243 0.477745 0.478263 0.478795 0.479339 0.479894 0.480456 0.481024 0.481595 0.482168 0.482739 0.483307 0.483869 0.484424 0.484968 0.4855 0.486018 0.48652 0.487003 0.487466 0.487907 0.488324 0.488716 0.489081 0.489418 0.489724 0.49 0.490244 0.490454 0.490631 0.490774 0.490881 0.490953 0.490989 0.490989 0.490953 0.490881 0.490774 0.490631 0.490454 0.490244 0.49 0.489724 0.489418 0.489081 0.488716 0.488324 0.487907 0.487466 0.487003 0.48652 0.486018 0.4855 0.484968 0.484424 0.483869 0.483307 0.482739 0.482168 0.481595 0.481024 0.480456 0.479894 0.479339 0.478795 0.478263 0.477745 0.477243 0.47676 0.476297 0.475856 0.475439 0.475047 0.474682 0.474345 0.474039 0.473763 0.473519 0.473309 0.473132 0.472989 0.472882 0.47281 0.472774 
0.47305 0.473086 0.473158 0.473265 0.473407 0.473584 0.473795 0.474039 0.474315 0.474621 0.474958 0.475323 0.475714 0.476132 0.476573 0.477036 0.477519 0.478021 0.478539 0.479071 0.479615 0.48017 0.480732 0.4813 0.481871 0.482443 0.483015 0.483583 0.484145 0.484699 0.485244 0.485776 0.486294 0.486795 0.487279 0.487742 0.488183 0.4886 0.488992 0.489357 0.489693 0.49 0.490276 0.490519 0.49073 0.490907 0.491049 0.491157 0.491228 0.491264 0.491264 0.491228 0.491157 0.491049 0.490907 0.49073 0.490519 0.490276 0.49 0.489693 0.489357 0.488992 0.4886 0.488183 0.487742 0.487279 0.486795 0.486294 0.485776 0.485244 0.484699 0.484145 0.483583 0.483015 0.482443 0.481871 0.4813 0.480732 0.48017 0.479615 0.479071 0.478539 0.478021 0.477519 0.477036 0.476573 0.476132 0.475714 0.475323 0.474958 0.474621 0.474315 0.474039 0.473795 0.473584 0.473407 0.473265 0.473158 0.473086 0.47305 
0.473357 0.473393 0.473465 0.473572 0.473714 0.473891 0.474102 0.474345 0.474621 0.474928 0.475264 0.475629 0.476021 0.476438 0.476879 0.477343 0.477826 0.478327 0.478845 0.479378 0.479922 0.480476 0.481039 0.481606 0.482178 0.48275 0.483321 0.483889 0.484452 0.485006 0.48555 0.486083 0.486601 0.487102 0.487585 0.488049 0.48849 0.488907 0.489299 0.489664 0.49 0.490307 0.490582 0.490826 0.491037 0.491214 0.491356 0.491463 0.491535 0.491571 0.491571 0.491535 0.491463 0.491356 0.491214 0.491037 0.490826 0.490582 0.490307 0.49 0.489664 0.489299 0.488907 0.48849 0.488049 0.487585 0.487102 0.486601 0.486083 0.48555 0.485006 0.484452 0.483889 0.483321 0.48275 0.482178 0.481606 0.481039 0.480476 0.479922 0.479378 0.478845 0.478327 0.477826 0.477343 0.476879 0.476438 0.476021 0.475629 0.475264 0.474928 0.474621 0.474345 0.474102 0.473891 0.473714 0.473572 0.473465 0.473393 0.473357 
0.473693 0.473729 0.473801 0.473908 0.474051 0.474228 0.474438 0.474682 0.474958 0.475264 0.475601 0.475966 0.476358 0.476775 0.477216 0.477679 0.478162 0.478664 0.479182 0.479714 0.480258 0.480813 0.481375 0.481943 0.482514 0.483087 0.483658 0.484226 0.484788 0.485342 0.485887 0.486419 0.486937 0.487439 0.487922 0.488385 0.488826 0.489243 0.489635 0.49 0.490336 0.490643 0.490919 0.491163 0.491373 0.49155 0.491693 0.4918 0.491872 0.491908 0.491908 0.491872 0.4918 0.491693 0.49155 0.491373 0.491163 0.490919 0.490643 0.490336 0.49 0.489635 0.489243 0.488826 0.488385 0.487922 0.487439 0.486937 0.486419 0.485887 0.485342 0.484788 0.484226 0.483658 0.483087 0.482514 0.481943 0.481375 0.480813 0.480258 0.479714 0.479182 0.478664 0.478162 0.477679 0.477216 0.476775 0.476358 0.475966 0.475601 0.475264 0.474958 0.474682 0.474438 0.474228 0.474051 0.473908 0.473801 0.473729 0.473693 
0.474058 0.474094 0.474166 0.474273 0.474415 0.474592 0.474803 0.475047 0.475323 0.475629 0.475966 0.476331 0.476722 0.47714 0.477581 0.478044 0.478527 0.479029 0.479547 0.480079 0.480623 0.481178 0.48174 0.482308 0.482879 0.483451 0.484023 0.484591 0.485153 0.485707 0.486252 0.486784 0.487302 0.487803 0.488287 0.48875 0.489191 0.489608 0.49 0.490365 0.490701 0.491008 0.491284 0.491528 0.491738 0.491915 0.492057 0.492165 0.492236 0.492272 0.492272 0.492236 0.492165 0.492057 0.491915 0.491738 0.491528 0.491284 0.491008 0.490701 0.490365 0.49 0.489608 0.489191 0.48875 0.488287 0.487803 0.487302 0.486784 0.486252 0.485707 0.485153 0.484591 0.484023 0.483451 0.482879 0.482308 0.48174 0.481178 0.480623 0.480079 0.479547 0.479029 0.478527 0.478044 0.477581 0.47714 0.476722 0.476331 0.475966 0.475629 0.475323 0.475047 0.474803 0.474592 0.474415 0.474273 0.474166 0.474094 0.474058 
0.47445 0.474486 0.474558 0.474665 0.474807 0.474984 0.475195 0.475439 0.475714 0.476021 0.476358 0.476722 0.477114 0.477532 0.477973 0.478436 0.478919 0.479421 0.479938 0.480471 0.481015 0.481569 0.482132 0.4827 0.483271 0.483843 0.484415 0.484982 0.485545 0.486099 0.486644 0.487176 0.487694 0.488195 0.488679 0.489142 0.489583 0.49 0.490392 0.490757 0.491093 0.4914 0.491676 0.491919 0.49213 0.492307 0.492449 0.492557 0.492628 0.492664 0.492664 0.492628 0.492557 0.492449 0.492307 0.49213 0.491919 0.491676 0.4914 0.491093 0.490757 0.490392 0.49 0.489583 0.489142 0.488679 0.488195 0.487694 0.487176 0.486644 0.486099 0.485545 0.484982 0.484415 0.483843 0.483271 0.4827 0.482132 0.481569 0.481015 0.480471 0.479938 0.479421 0.478919 0.478436 0.477973 0.477532 0.477114 0.476722 0.476358 0.476021 0.475714 0.475439 0.475195 0.474984 0.474807 0.474665 0.474558 0.474486 0.47445 
0.474867 0.474903 0.474975 0.475082 0.475225 0.475401 0.475612 0.475856 0.476132 0.476438 0.476775 0.47714 0.477532 0.477949 0.47839 0.478853 0.479336 0.479838 0.480356 0.480888 0.481432 0.481987 0.482549 0.483117 0.483688 0.484261 0.484832 0.4854 0.485962 0.486516 0.487061 0.487593 0.488111 0.488613 0.489096 0.489559 0.49 0.490417 0.490809 0.491174 0.49151 0.491817 0.492093 0.492337 0.492547 0.492724 0.492867 0.492974 0.493046 0.493081 0.493081 0.493046 0.492974 0.492867 0.492724 0.492547 0.492337 0.492093 0.491817 0.49151 0.491174 0.490809 0.490417 0.49 0.489559 0.489096 0.488613 0.488111 0.487593 0.487061 0.486516 0.485962 0.4854 0.484832 0.484261 0.483688 0.483117 0.482549 0.481987 0.481432 0.480888 0.480356 0.479838 0.479336 0.478853 0.47839 0.477949 0.477532 0.47714 0.476775 0.476438 0.476132 0.475856 0.475612 0.475401 0.475225 0.475082 0.474975 0.474903 0.474867 
0.475308 0.475344 0.475416 0.475523 0.475666 0.475843 0.476053 0.476297 0.476573 0.476879 0.477216 0.477581 0.477973 0.47839 0.478831 0.479294 0.479777 0.480279 0.480797 0.481329 0.481873 0.482428 0.48299 0.483558 0.484129 0.484702 0.485273 0.485841 0.486403 0.486957 0.487502 0.488034 0.488552 0.489054 0.489537 0.49 0.490441 0.490858 0.49125 0.491615 0.491951 0.492258 0.492534 0.492778 0.492988 0.493165 0.493308 0.493415 0.493487 0.493523 0.493523 0.493487 0.493415 0.493308 0.493165 0.492988 0.492778 0.492534 0.492258 0.491951 0.491615 0.49125 0.490858 0.490441 0.49 0.489537 0.489054 0.488552 0.488034 0.487502 0.486957 0.486403 0.485841 0.485273 0.484702 0.484129 0.483558 0.48299 0.482428 0.481873 0.481329 0.480797 0.480279 0.479777 0.479294 0.478831 0.47839 0.477973 0.477581 0.477216 0.476879 0.476573 0.476297 0.476053 0.475843 0.475666 0.475523 0.475416 0.475344 0.475308 
0.475771 0.475807 0.475879 0.475986 0.476129 0.476306 0.476516 0.47676 0.477036 0.477343 0.477679 0.478044 0.478436 0.478853 0.479294 0.479757 0.48024 0.480742 0.48126 0.481792 0.482336 0.482891 0.483453 0.484021 0.484592 0.485165 0.485736 0.486304 0.486866 0.487421 0.487965 0.488497 0.489015 0.489517 0.49 0.490463 0.490904 0.491321 0.491713 0.492078 0.492415 0.492721 0.492997 0.493241 0.493451 0.493628 0.493771 0.493878 0.49395 0.493986 0.493986 0.49395 0.493878 0.493771 0.493628 0.493451 0.493241 0.492997 0.492721 0.492415 0.492078 0.491713 0.491321 0.490904 0.490463 0.49 0.489517 0.489015 0.488497 0.487965 0.487421 0.486866 0.486304 0.485736 0.485165 0.484592 0.484021 0.483453 0.482891 0.482336 0.481792 0.48126 0.480742 0.48024 0.479757 0.479294 0.478853 0.478436 0.478044 0.477679 0.477343 0.477036 0.47676 0.476516 0.476306 0.476129 0.475986 0.475879 0.475807 0.475771 
0.476255 0.476291 0.476362 0.47647 0.476612 0.476789 0.477 0.477243 0.477519 0.477826 0.478162 0.478527 0.478919 0.479336 0.479777 0.48024 0.480724 0.481225 0.481743 0.482275 0.48282 0.483374 0.483936 0.484504 0.485076 0.485648 0.486219 0.486787 0.487349 0.487904 0.488448 0.48898 0.489498 0.49 0.490483 0.490946 0.491387 0.491805 0.492197 0.492561 0.492898 0.493205 0.49348 0.493724 0.493935 0.494112 0.494254 0.494361 0.494433 0.494469 0.494469 0.494433 0.494361 0.494254 0.494112 0.493935 0.493724 0.49348 0.493205 0.492898 0.492561 0.492197 0.491805 0.491387 0.490946 0.490483 0.49 0.489498 0.48898 0.488448 0.487904 0.487349 0.486787 0.486219 0.485648 0.485076 0.484504 0.483936 0.483374 0.48282 0.482275 0.481743 0.481225 0.480724 0.48024 0.479777 0.479336 0.478919 0.478527 0.478162 0.477826 0.477519 0.477243 0.477 0.476789 0.476612 0.47647 0.476362 0.476291 0.476255 
0.476756 0.476792 0.476864 0.476971 0.477114 0.477291 0.477501 0.477745 0.478021 0.478327 0.478664 0.479029 0.479421 0.479838 0.480279 0.480742 0.481225 0.481727 0.482245 0.482777 0.483321 0.483876 0.484438 0.485006 0.485577 0.48615 0.486721 0.487289 0.487851 0.488405 0.48895 0.489482 0.49 0.490502 0.490985 0.491448 0.491889 0.492306 0.492698 0.493063 0.493399 0.493706 0.493982 0.494226 0.494436 0.494613 0.494756 0.494863 0.494935 0.494971 0.494971 0.494935 0.494863 0.494756 0.494613 0.494436 0.494226 0.493982 0.493706 0.493399 0.493063 0.492698 0.492306 0.491889 0.491448 0.490985 0.490502 0.49 0.489482 0.48895 0.488405 0.487851 0.487289 0.486721 0.48615 0.485577 0.485006 0.484438 0.483876 0.483321 0.482777 0.482245 0.481727 0.481225 0.480742 0.480279 0.479838 0.479421 0.479029 0.478664 0.478327 0.478021 0.477745 0.477501 0.477291 0.477114 0.476971 0.476864 0.476792 0.476756 
0.477274 0.47731 0.477382 0.477489 0.477632 0.477808 0.478019 0.478263 0.478539 0.478845 0.479182 0.479547 0.479938 0.480356 0.480797 0.48126 0.481743 0.482245 0.482763 0.483295 0.483839 0.484394 0.484956 0.485524 0.486095 0.486668 0.487239 0.487807 0.488369 0.488923 0.489468 0.49 0.490518 0.49102 0.491503 0.491966 0.492407 0.492824 0.493216 0.493581 0.493917 0.494224 0.4945 0.494744 0.494954 0.495131 0.495274 0.495381 0.495453 0.495488 0.495488 0.495453 0.495381 0.495274 0.495131 0.494954 0.494744 0.4945 0.494224 0.493917 0.493581 0.493216 0.492824 0.492407 0.491966 0.491503 0.49102 0.490518 0.49 0.489468 0.488923 0.488369 0.487807 0.487239 0.486668 0.486095 0.485524 0.484956 0.484394 0.483839 0.483295 0.482763 0.482245 0.481743 0.48126 0.480797 0.480356 0.479938 0.479547 0.479182 0.478845 0.478539 0.478263 0.478019 0.477808 0.477632 0.477489 0.477382 0.47731 0.477274 
0.477806 0.477842 0.477914 0.478021 0.478164 0.478341 0.478551 0.478795 0.479071 0.479378 0.479714 0.480079 0.480471 0.480888 0.481329 0.481792 0.482275 0.482777 0.483295 0.483827 0.484371 0.484926 0.485488 0.486056 0.486627 0.4872 0.487771 0.488339 0.488901 0.489456 0.49 0.490532 0.49105 0.491552 0.492035 0.492498 0.492939 0.493356 0.493748 0.494113 0.49445 0.494756 0.495032 0.495276 0.495486 0.495663 0.495806 0.495913 0.495985 0.496021 0.496021 0.495985 0.495913 0.495806 0.495663 0.495486 0.495276 0.495032 0.494756 0.49445 0.494113 0.493748 0.493356 0.492939 0.492498 0.492035 0.491552 0.49105 0.490532 0.49 0.489456 0.488901 0.488339 0.487771 0.4872 0.486627 0.486056 0.485488 0.484926 0.484371 0.483827 0.483295 0.482777 0.482275 0.481792 0.481329 0.480888 0.480471 0.480079 0.479714 0.479378 0.479071 0.478795 0.478551 0.478341 0.478164 0.478021 0.477914 0.477842 0.477806 
0.478351 0.478387 0.478459 0.478566 0.478708 0.478885 0.479096 0.479339 0.479615 0.479922 0.480258 0.480623 0.481015 0.481432 0.481873 0.482336 0.48282 0.483321 0.483839 0.484371 0.484916 0.48547 0.486033 0.4866 0.487172 0.487744 0.488315 0.488883 0.489446 0.49 0.490544 0.491077 0.491595 0.492096 0.492579 0.493042 0.493484 0.493901 0.494293 0.494658 0.494994 0.495301 0.495576 0.49582 0.496031 0.496208 0.49635 0.496457 0.496529 0.496565 0.496565 0.496529 0.496457 0.49635 0.496208 0.496031 0.49582 0.495576 0.495301 0.494994 0.494658 0.494293 0.493901 0.493484 0.493042 0.492579 0.492096 0.491595 0.491077 0.490544 0.49 0.489446 0.488883 0.488315 0.487744 0.487172 0.4866 0.486033 0.48547 0.484916 0.484371 0.483839 0.483321 0.48282 0.482336 0.481873 0.481432 0.481015 0.480623 0.480258 0.479922 0.479615 0.479339 0.479096 0.478885 0.478708 0.478566 0.478459 0.478387 0.478351 
0.478905 0.478941 0.479013 0.47912 0.479263 0.479439 0.47965 0.479894 0.48017 0.480476 0.480813 0.481178 0.481569 0.481987 0.482428 0.482891 0.483374 0.483876 0.484394 0.484926 0.48547 0.486025 0.486587 0.487155 0.487726 0.488299 0.48887 0.489438 0.49 0.490554 0.491099 0.491631 0.492149 0.492651 0.493134 0.493597 0.494038 0.494455 0.494847 0.495212 0.495548 0.495855 0.496131 0.496375 0.496585 0.496762 0.496905 0.497012 0.497084 0.497119 0.497119 0.497084 0.497012 0.496905 0.496762 0.496585 0.496375 0.496131 0.495855 0.495548 0.495212 0.494847 0.494455 0.494038 0.493597 0.493134 0.492651 0.492149 0.491631 0.491099 0.490554 0.49 0.489438 0.48887 0.488299 0.487726 0.487155 0.486587 0.486025 0.48547 0.484926 0.484394 0.483876 0.483374 0.482891 0.482428 0.481987 0.481569 0.481178 0.480813 0.480476 0.48017 0.479894 0.47965 0.479439 0.479263 0.47912 0.479013 0.478941 0.478905 
0.479468 0.479503 0.479575 0.479682 0.479825 0.480002 0.480212 0.480456 0.480732 0.481039 0.481375 0.48174 0.482132 0.482549 0.48299 0.483453 0.483936 0.484438 0.484956 0.485488 0.486033 0.486587 0.487149 0.487717 0.488288 0.488861 0.489432 0.49 0.490562 0.491117 0.491661 0.492193 0.492711 0.493213 0.493696 0.494159 0.4946 0.495017 0.495409 0.495774 0.496111 0.496417 0.496693 0.496937 0.497148 0.497324 0.497467 0.497574 0.497646 0.497682 0.497682 0.497646 0.497574 0.497467 0.497324 0.497148 0.496937 0.496693 0.496417 0.496111 0.495774 0.495409 0.495017 0.4946 0.494159 0.493696 0.493213 0.492711 0.492193 0.491661 0.491117 0.490562 0.49 0.489432 0.488861 0.488288 0.487717 0.487149 0.486587 0.486033 0.485488 0.484956 0.484438 0.483936 0.483453 0.48299 0.482549 0.482132 0.48174 0.481375 0.481039 0.480732 0.480456 0.480212 0.480002 0.479825 0.479682 0.479575 0.479503 0.479468 
0.480035 0.480071 0.480143 0.48025 0.480393 0.48057 0.48078 0.481024 0.4813 0.481606 0.481943 0.482308 0.4827 0.483117 0.483558 0.484021 0.484504 0.485006 0.485524 0.486056 0.4866 0.487155 0.487717 0.488285 0.488856 0.489429 0.49 0.490568 0.49113 0.491685 0.492229 0.492761 0.493279 0.493781 0.494264 0.494727 0.495168 0.495585 0.495977 0.496342 0.496679 0.496985 0.497261 0.497505 0.497715 0.497892 0.498035 0.498142 0.498214 0.49825 0.49825 0.498214 0.498142 0.498035 0.497892 0.497715 0.497505 0.497261 0.496985 0.496679 0.496342 0.495977 0.495585 0.495168 0.494727 0.494264 0.493781 0.493279 0.492761 0.492229 0.491685 0.49113 0.490568 0.49 0.489429 0.488856 0.488285 0.487717 0.487155 0.4866 0.486056 0.485524 0.485006 0.484504 0.484021 0.483558 0.483117 0.4827 0.482308 0.481943 0.481606 0.4813 0.481024 0.48078 0.48057 0.480393 0.48025 0.480143 0.480071 0.480035 
0.480607 0.480643 0.480714 0.480822 0.480964 0.481141 0.481352 0.481595 0.481871 0.482178 0.482514 0.482879 0.483271 0.483688 0.484129 0.484592 0.485076 0.485577 0.486095 0.486627 0.487172 0.487726 0.488288 0.488856 0.489428 0.49 0.490571 0.491139 0.491701 0.492256 0.4928 0.493332 0.49385 0.494352 0.494835 0.495298 0.495739 0.496157 0.496548 0.496913 0.49725 0.497557 0.497832 0.498076 0.498287 0.498464 0.498606 0.498713 0.498785 0.498821 0.498821 0.498785 0.498713 0.498606 0.498464 0.498287 0.498076 0.497832 0.497557 0.49725 0.496913 0.496548 0.496157 0.495739 0.495298 0.494835 0.494352 0.49385 0.493332 0.4928 0.492256 0.491701 0.491139 0.490571 0.49 0.489428 0.488856 0.488288 0.487726 0.487172 0.486627 0.486095 0.485577 0.485076 0.484592 0.484129 0.483688 0.483271 0.482879 0.482514 0.482178 0.481871 0.481595 0.481352 0.481141 0.480964 0.480822 0.480714 0.480643 0.480607 
0.481179 0.481215 0.481287 0.481394 0.481536 0.481713 0.481924 0.482168 0.482443 0.48275 0.483087 0.483451 0.483843 0.484261 0.484702 0.485165 0.485648 0.48615 0.486668 0.4872 0.487744 0.488299 0.488861 0.489429 0.49 0.490572 0.491144 0.491712 0.492274 0.492828 0.493373 0.493905 0.494423 0.494924 0.495408 0.495871 0.496312 0.496729 0.497121 0.497486 0.497822 0.498129 0.498405 0.498648 0.498859 0.499036 0.499178 0.499286 0.499357 0.499393 0.499393 0.499357 0.499286 0.499178 0.499036 0.498859 0.498648 0.498405 0.498129 0.497822 0.497486 0.497121 0.496729 0.496312 0.495871 0.495408 0.494924 0.494423 0.493905 0.493373 0.492828 0.492274 0.491712 0.491144 0.490572 0.49 0.489429 0.488861 0.488299 0.487744 0.4872 0.486668 0.48615 0.485648 0.485165 0.484702 0.484261 0.483843 0.483451 0.483087 0.48275 0.482443 0.482168 0.481924 0.481713 0.481536 0.481394 0.481287 0.481215 0.481179 
0.48175 0.481786 0.481858 0.481965 0.482108 0.482285 0.482495 0.482739 0.483015 0.483321 0.483658 0.484023 0.484415 0.484832 0.485273 0.485736 0.486219 0.486721 0.487239 0.487771 0.488315 0.48887 0.489432 0.49 0.490571 0.491144 0.491715 0.492283 0.492845 0.4934 0.493944 0.494476 0.494994 0.495496 0.495979 0.496442 0.496883 0.4973 0.497692 0.498057 0.498393 0.4987 0.498976 0.49922 0.49943 0.499607 0.49975 0.499857 0.499929 0.499965 0.499965 0.499929 0.499857 0.49975 0.499607 0.49943 0.49922 0.498976 0.4987 0.498393 0.498057 0.497692 0.4973 0.496883 0.496442 0.495979 0.495496 0.494994 0.494476 0.493944 0.4934 0.492845 0.492283 0.491715 0.491144 0.490571 0.49 0.489432 0.48887 0.488315 0.487771 0.487239 0.486721 0.486219 0.485736 0.485273 0.484832 0.484415 0.484023 0.483658 0.483321 0.483015 0.482739 0.482495 0.482285 0.482108 0.481965 0.481858 0.481786 0.48175 
0.482318 0.482354 0.482426 0.482533 0.482676 0.482852 0.483063 0.483307 0.483583 0.483889 0.484226 0.484591 0.484982 0.4854 0.485841 0.486304 0.486787 0.487289 0.487807 0.488339 0.488883 0.489438 0.49 0.490568 0.491139 0.491712 0.492283 0.492851 0.493413 0.493967 0.494512 0.495044 0.495562 0.496064 0.496547 0.49701 0.497451 0.497868 0.49826 0.498625 0.498961 0.499268 0.499544 0.499788 0.499998 0.500175 0.500318 0.500425 0.500497 0.500532 0.500532 0.500497 0.500425 0.500318 0.500175 0.499998 0.499788 0.499544 0.499268 0.498961 0.498625 0.49826 0.497868 0.497451 0.49701 0.496547 0.496064 0.495562 0.495044 0.494512 0.493967 0.493413 0.492851 0.492283 0.491712 0.491139 0.490568 0.49 0.489438 0.488883 0.488339 0.487807 0.487289 0.486787 0.486304 0.485841 0.4854 0.484982 0.484591 0.484226 0.483889 0.483583 0.483307 0.483063 0.482852 0.482676 0.482533 0.482426 0.482354 0.482318 
0.482881 0.482916 0.482988 0.483095 0.483238 0.483415 0.483625 0.483869 0.484145 0.484452 0.484788 0.485153 0.485545 0.485962 0.486403 0.486866 0.487349 0.487851 0.488369 0.488901 0.489446 0.49 0.490562 0.49113 0.491701 0.492274 0.492845 0.493413 0.493975 0.49453 0.495074 0.495606 0.496124 0.496626 0.497109 0.497572 0.498013 0.49843 0.498822 0.499187 0.499524 0.49983 0.500106 0.50035 0.500561 0.500737 0.50088 0.500987 0.501059 0.501095 0.501095 0.501059 0.500987 0.50088 0.500737 0.500561 0.50035 0.500106 0.49983 0.499524 0.499187 0.498822 0.49843 0.498013 0.497572 0.497109 0.496626 0.496124 0.495606 0.495074 0.49453 0.493975 0.493413 0.492845 0.492274 0.491701 0.49113 0.490562 0.49 0.489446 0.488901 0.488369 0.487851 0.487349 0.486866 0.486403 0.485962 0.485545 0.485153 0.484788 0.484452 0.484145 0.483869 0.483625 0.483415 0.483238 0.483095 0.482988 0.482916 0.482881 
0.483435 0.483471 0.483543 0.48365 0.483792 0.483969 0.48418 0.484424 0.484699 0.485006 0.485342 0.485707 0.486099 0.486516 0.486957 0.487421 0.487904 0.488405 0.488923 0.489456 0.49 0.490554 0.491117 0.491685 0.492256 0.492828 0.4934 0.493967 0.49453 0.495084 0.495628 0.496161 0.496679 0.49718 0.497664 0.498127 0.498568 0.498985 0.499377 0.499742 0.500078 0.500385 0.500661 0.500904 0.501115 0.501292 0.501434 0.501541 0.501613 0.501649 0.501649 0.501613 0.501541 0.501434 0.501292 0.501115 0.500904 0.500661 0.500385 0.500078 0.499742 0.499377 0.498985 0.498568 0.498127 0.497664 0.49718 0.496679 0.496161 0.495628 0.495084 0.49453 0.493967 0.4934 0.492828 0.492256 0.491685 0.491117 0.490554 0.49 0.489456 0.488923 0.488405 0.487904 0.487421 0.486957 0.486516 0.486099 0.485707 0.485342 0.485006 0.484699 0.484424 0.48418 0.483969 0.483792 0.48365 0.483543 0.483471 0.483435 
0.483979 0.484015 0.484087 0.484194 0.484337 0.484514 0.484724 0.484968 0.485244 0.48555 0.485887 0.486252 0.486644 0.487061 0.487502 0.487965 0.488448 0.48895 0.489468 0.49 0.490544 0.491099 0.491661 0.492229 0.4928 0.493373 0.493944 0.494512 0.495074 0.495628 0.496173 0.496705 0.497223 0.497725 0.498208 0.498671 0.499112 0.499529 0.499921 0.500286 0.500622 0.500929 0.501205 0.501449 0.501659 0.501836 0.501979 0.502086 0.502158 0.502194 0.502194 0.502158 0.502086 0.501979 0.501836 0.501659 0.501449 0.501205 0.500929 0.500622 0.500286 0.499921 0.499529 0.499112 0.498671 0.498208 0.497725 0.497223 0.496705 0.496173 0.495628 0.495074 0.494512 0.493944 0.493373 0.4928 0.492229 0.491661 0.491099 0.490544 0.49 0.489468 0.48895 0.488448 0.487965 0.487502 0.487061 0.486644 0.486252 0.485887 0.48555 0.485244 0.484968 0.484724 0.484514 0.484337 0.484194 0.484087 0.484015 0.483979 
0.484512 0.484547 0.484619 0.484726 0.484869 0.485046 0.485256 0.4855 0.485776 0.486083 0.486419 0.486784 0.487176 0.487593 0.488034 0.488497 0.48898 0.489482 0.49 0.490532 0.491077 0.491631 0.492193 0.492761 0.493332 0.493905 0.494476 0.495044 0.495606 0.496161 0.496705 0.497237 0.497755 0.498257 0.49874 0.499203 0.499644 0.500062 0.500453 0.500818 0.501155 0.501461 0.501737 0.501981 0.502192 0.502368 0.502511 0.502618 0.50269 0.502726 0.502726 0.50269 0.502618 0.502511 0.502368 0.502192 0.501981 0.501737 0.501461 0.501155 0.500818 0.500453 0.500062 0.499644 0.499203 0.49874 0.498257 0.497755 0.497237 0.496705 0.496161 0.495606 0.495044 0.494476 0.493905 0.493332 0.492761 0.492193 0.491631 0.491077 0.490532 0.49 0.489482 0.48898 0.488497 0.488034 0.487593 0.487176 0.486784 0.486419 0.486083 0.485776 0.4855 0.485256 0.485046 0.484869 0.484726 0.484619 0.484547 0.484512 
0.485029 0.485065 0.485137 0.485244 0.485387 0.485564 0.485774 0.486018 0.486294 0.486601 0.486937 0.487302 0.487694 0.488111 0.488552 0.489015 0.489498 0.49 0.490518 0.49105 0.491595 0.492149 0.492711 0.493279 0.49385 0.494423 0.494994 0.495562 0.496124 0.496679 0.497223 0.497755 0.498273 0.498775 0.499258 0.499721 0.500162 0.500579 0.500971 0.501336 0.501673 0.501979 0.502255 0.502499 0.50271 0.502886 0.503029 0.503136 0.503208 0.503244 0.503244 0.503208 0.503136 0.503029 0.502886 0.50271 0.502499 0.502255 0.501979 0.501673 0.501336 0.500971 0.500579 0.500162 0.499721 0.499258 0.498775 0.498273 0.497755 0.497223 0.496679 0.496124 0.495562 0.494994 0.494423 0.49385 0.493279 0.492711 0.492149 0.491595 0.49105 0.490518 0.49 0.489498 0.489015 0.488552 0.488111 0.487694 0.487302 0.486937 0.486601 0.486294 0.486018 0.485774 0.485564 0.485387 0.485244 0.485137 0.485065 0.485029 
0.485531 0.485567 0.485639 0.485746 0.485888 0.486065 0.486276 0.48652 0.486795 0.487102 0.487439 0.487803 0.488195 0.488613 0.489054 0.489517 0.49 0.490502 0.49102 0.491552 0.492096 0.492651 0.493213 0.493781 0.494352 0.494924 0.495496 0.496064 0.496626 0.49718 0.497725 0.498257 0.498775 0.499276 0.49976 0.500223 0.500664 0.501081 0.501473 0.501838 0.502174 0.502481 0.502757 0.503 0.503211 0.503388 0.50353 0.503638 0.503709 0.503745 0.503745 0.503709 0.503638 0.50353 0.503388 0.503211 0.503 0.502757 0.502481 0.502174 0.501838 0.501473 0.501081 0.500664 0.500223 0.49976 0.499276 0.498775 0.498257 0.497725 0.49718 0.496626 0.496064 0.495496 0.494924 0.494352 0.493781 0.493213 0.492651 0.492096 0.491552 0.49102 0.490502 0.49 0.489517 0.489054 0.488613 0.488195 0.487803 0.487439 0.487102 0.486795 0.48652 0.486276 0.486065 0.485888 0.485746 0.485639 0.485567 0.485531 
0.486014 0.48605 0.486122 0.486229 0.486372 0.486549 0.486759 0.487003 0.487279 0.487585 0.487922 0.488287 0.488679 0.489096 0.489537 0.49 0.490483 0.490985 0.491503 0.492035 0.492579 0.493134 0.493696 0.494264 0.494835 0.495408 0.495979 0.496547 0.497109 0.497664 0.498208 0.49874 0.499258 0.49976 0.500243 0.500706 0.501147 0.501564 0.501956 0.502321 0.502657 0.502964 0.50324 0.503484 0.503694 0.503871 0.504014 0.504121 0.504193 0.504229 0.504229 0.504193 0.504121 0.504014 0.503871 0.503694 0.503484 0.50324 0.502964 0.502657 0.502321 0.501956 0.501564 0.501147 0.500706 0.500243 0.49976 0.499258 0.49874 0.498208 0.497664 0.497109 0.496547 0.495979 0.495408 0.494835 0.494264 0.493696 0.493134 0.492579 0.492035 0.491503 0.490985 0.490483 0.49 0.489537 0.489096 0.488679 0.488287 0.487922 0.487585 0.487279 0.487003 0.486759 0.486549 0.486372 0.486229 0.486122 0.48605 0.486014 
0.486477 0.486513 0.486585 0.486692 0.486835 0.487012 0.487222 0.487466 0.487742 0.488049 0.488385 0.48875 0.489142 0.489559 0.49 0.490463 0.490946 0.491448 0.491966 0.492498 0.493042 0.493597 0.494159 0.494727 0.495298 0.495871 0.496442 0.49701 0.497572 0.498127 0.498671 0.499203 0.499721 0.500223 0.500706 0.501169 0.50161 0.502027 0.502419 0.502784 0.503121 0.503427 0.503703 0.503947 0.504157 0.504334 0.504477 0.504584 0.504656 0.504692 0.504692 0.504656 0.504584 0.504477 0.504334 0.504157 0.503947 0.503703 0.503427 0.503121 0.502784 0.502419 0.502027 0.50161 0.501169 0.500706 0.500223 0.499721 0.499203 0.498671 0.498127 0.497572 0.49701 0.496442 0.495871 0.495298 0.494727 0.494159 0.493597 0.493042 0.492498 0.491966 0.491448 0.490946 0.490463 0.49 0.489559 0.489142 0.48875 0.488385 0.488049 0.487742 0.487466 0.487222 0.487012 0.486835 0.486692 0.486585 0.486513 0.486477 
0.486919 0.486954 0.487026 0.487133 0.487276 0.487453 0.487663 0.487907 0.488183 0.48849 0.488826 0.489191 0.489583 0.49 0.490441 0.490904 0.491387 0.491889 0.492407 0.492939 0.493484 0.494038 0.4946 0.495168 0.495739 0.496312 0.496883 0.497451 0.498013 0.498568 0.499112 0.499644 0.500162 0.500664 0.501147 0.50161 0.502051 0.502468 0.50286 0.503225 0.503562 0.503868 0.504144 0.504388 0.504599 0.504775 0.504918 0.505025 0.505097 0.505133 0.505133 0.505097 0.505025 0.504918 0.504775 0.504599 0.504388 0.504144 0.503868 0.503562 0.503225 0.50286 0.502468 0.502051 0.50161 0.501147 0.500664 0.500162 0.499644 0.499112 0.498568 0.498013 0.497451 0.496883 0.496312 0.495739 0.495168 0.4946 0.494038 0.493484 0.492939 0.492407 0.491889 0.491387 0.490904 0.490441 0.49 0.489583 0.489191 0.488826 0.48849 0.488183 0.487907 0.487663 0.487453 0.487276 0.487133 0.487026 0.486954 0.486919 
0.487336 0.487372 0.487443 0.487551 0.487693 0.48787 0.488081 0.488324 0.4886 0.488907 0.489243 0.489608 0.49 0.490417 0.490858 0.491321 0.491805 0.492306 0.492824 0.493356 0.493901 0.494455 0.495017 0.495585 0.496157 0.496729 0.4973 0.497868 0.49843 0.498985 0.499529 0.500062 0.500579 0.501081 0.501564 0.502027 0.502468 0.502886 0.503278 0.503642 0.503979 0.504286 0.504561 0.504805 0.505016 0.505193 0.505335 0.505442 0.505514 0.50555 0.50555 0.505514 0.505442 0.505335 0.505193 0.505016 0.504805 0.504561 0.504286 0.503979 0.503642 0.503278 0.502886 0.502468 0.502027 0.501564 0.501081 0.500579 0.500062 0.499529 0.498985 0.49843 0.497868 0.4973 0.496729 0.496157 0.495585 0.495017 0.494455 0.493901 0.493356 0.492824 0.492306 0.491805 0.491321 0.490858 0.490417 0.49 0.489608 0.489243 0.488907 0.4886 0.488324 0.488081 0.48787 0.487693 0.487551 0.487443 0.487372 0.487336 
0.487728 0.487764 0.487835 0.487943 0.488085 0.488262 0.488473 0.488716 0.488992 0.489299 0.489635 0.49 0.490392 0.490809 0.49125 0.491713 0.492197 0.492698 0.493216 0.493748 0.494293 0.494847 0.495409 0.495977 0.496548 0.497121 0.497692 0.49826 0.498822 0.499377 0.499921 0.500453 0.500971 0.501473 0.501956 0.502419 0.50286 0.503278 0.503669 0.504034 0.504371 0.504677 0.504953 0.505197 0.505408 0.505585 0.505727 0.505834 0.505906 0.505942 0.505942 0.505906 0.505834 0.505727 0.505585 0.505408 0.505197 0.504953 0.504677 0.504371 0.504034 0.503669 0.503278 0.50286 0.502419 0.501956 0.501473 0.500971 0.500453 0.499921 0.499377 0.498822 0.49826 0.497692 0.497121 0.496548 0.495977 0.495409 0.494847 0.494293 0.493748 0.493216 0.492698 0.492197 0.491713 0.49125 0.490809 0.490392 0.49 0.489635 0.489299 0.488992 0.488716 0.488473 0.488262 0.488085 0.487943 0.487835 0.487764 0.487728 
0.488092 0.488128 0.4882 0.488307 0.48845 0.488627 0.488837 0.489081 0.489357 0.489664 0.49 0.490365 0.490757 0.491174 0.491615 0.492078 0.492561 0.493063 0.493581 0.494113 0.494658 0.495212 0.495774 0.496342 0.496913 0.497486 0.498057 0.498625 0.499187 0.499742 0.500286 0.500818 0.501336 0.501838 0.502321 0.502784 0.503225 0.503642 0.504034 0.504399 0.504736 0.505042 0.505318 0.505562 0.505773 0.505949 0.506092 0.506199 0.506271 0.506307 0.506307 0.506271 0.506199 0.506092 0.505949 0.505773 0.505562 0.505318 0.505042 0.504736 0.504399 0.504034 0.503642 0.503225 0.502784 0.502321 0.501838 0.501336 0.500818 0.500286 0.499742 0.499187 0.498625 0.498057 0.497486 0.496913 0.496342 0.495774 0.495212 0.494658 0.494113 0.493581 0.493063 0.492561 0.492078 0.491615 0.491174 0.490757 0.490365 0.49 0.489664 0.489357 0.489081 0.488837 0.488627 0.48845 0.488307 0.4882 0.488128 0.488092 
0.488429 0.488465 0.488537 0.488644 0.488786 0.488963 0.489174 0.489418 0.489693 0.49 0.490336 0.490701 0.491093 0.49151 0.491951 0.492415 0.492898 0.493399 0.493917 0.49445 0.494994 0.495548 0.496111 0.496679 0.49725 0.497822 0.498393 0.498961 0.499524 0.500078 0.500622 0.501155 0.501673 0.502174 0.502657 0.503121 0.503562 0.503979 0.504371 0.504736 0.505072 0.505379 0.505655 0.505898 0.506109 0.506286 0.506428 0.506535 0.506607 0.506643 0.506643 0.506607 0.506535 0.506428 0.506286 0.506109 0.505898 0.505655 0.505379 0.505072 0.504736 0.504371 0.503979 0.503562 0.503121 0.502657 0.502174 0.501673 0.501155 0.500622 0.500078 0.499524 0.498961 0.498393 0.497822 0.49725 0.496679 0.496111 0.495548 0.494994 0.49445 0.493917 0.493399 0.492898 0.492415 0.491951 0.49151 0.491093 0.490701 0.490336 0.49 0.489693 0.489418 0.489174 0.488963 0.488786 0.488644 0.488537 0.488465 0.488429 
0.488736 0.488772 0.488843 0.488951 0.489093 0.48927 0.489481 0.489724 0.49 0.490307 0.490643 0.491008 0.4914 0.491817 0.492258 0.492721 0.493205 0.493706 0.494224 0.494756 0.495301 0.495855 0.496417 0.496985 0.497557 0.498129 0.4987 0.499268 0.49983 0.500385 0.500929 0.501461 0.501979 0.502481 0.502964 0.503427 0.503868 0.504286 0.504677 0.505042 0.505379 0.505685 0.505961 0.506205 0.506416 0.506593 0.506735 0.506842 0.506914 0.50695 0.50695 0.506914 0.506842 0.506735 0.506593 0.506416 0.506205 0.505961 0.505685 0.505379 0.505042 0.504677 0.504286 0.503868 0.503427 0.502964 0.502481 0.501979 0.501461 0.500929 0.500385 0.49983 0.499268 0.4987 0.498129 0.497557 0.496985 0.496417 0.495855 0.495301 0.494756 0.494224 0.493706 0.493205 0.492721 0.492258 0.491817 0.4914 0.491008 0.490643 0.490307 0.49 0.489724 0.489481 0.48927 0.489093 0.488951 0.488843 0.488772 0.488736 
0.489011 0.489047 0.489119 0.489226 0.489369 0.489546 0.489756 0.49 0.490276 0.490582 0.490919 0.491284 0.491676 0.492093 0.492534 0.492997 0.49348 0.493982 0.4945 0.495032 0.495576 0.496131 0.496693 0.497261 0.497832 0.498405 0.498976 0.499544 0.500106 0.500661 0.501205 0.501737 0.502255 0.502757 0.50324 0.503703 0.504144 0.504561 0.504953 0.505318 0.505655 0.505961 0.506237 0.506481 0.506691 0.506868 0.507011 0.507118 0.50719 0.507226 0.507226 0.50719 0.507118 0.507011 0.506868 0.506691 0.506481 0.506237 0.505961 0.505655 0.505318 0.504953 0.504561 0.504144 0.503703 0.50324 0.502757 0.502255 0.501737 0.501205 0.500661 0.500106 0.499544 0.498976 0.498405 0.497832 0.497261 0.496693 0.496131 0.495576 0.495032 0.4945 0.493982 0.49348 0.492997 0.492534 0.492093 0.491676 0.491284 0.490919 0.490582 0.490276 0.49 0.489756 0.489546 0.489369 0.489226 0.489119 0.489047 0.489011 
0.489255 0.489291 0.489363 0.48947 0.489612 0.489789 0.49 0.490244 0.490519 0.490826 0.491163 0.491528 0.491919 0.492337 0.492778 0.493241 0.493724 0.494226 0.494744 0.495276 0.49582 0.496375 0.496937 0.497505 0.498076 0.498648 0.49922 0.499788 0.50035 0.500904 0.501449 0.501981 0.502499 0.503 0.503484 0.503947 0.504388 0.504805 0.505197 0.505562 0.505898 0.506205 0.506481 0.506724 0.506935 0.507112 0.507254 0.507362 0.507433 0.507469 0.507469 0.507433 0.507362 0.507254 0.507112 0.506935 0.506724 0.506481 0.506205 0.505898 0.505562 0.505197 0.504805 0.504388 0.503947 0.503484 0.503 0.502499 0.501981 0.501449 0.500904 0.50035 0.499788 0.49922 0.498648 0.498076 0.497505 0.496937 0.496375 0.49582 0.495276 0.494744 0.494226 0.493724 0.493241 0.492778 0.492337 0.491919 0.491528 0.491163 0.490826 0.490519 0.490244 0.49 0.489789 0.489612 0.48947 0.489363 0.489291 0.489255 
0.489466 0.489502 0.489574 0.489681 0.489823 0.49 0.490211 0.490454 0.49073 0.491037 0.491373 0.491738 0.49213 0.492547 0.492988 0.493451 0.493935 0.494436 0.494954 0.495486 0.496031 0.496585 0.497148 0.497715 0.498287 0.498859 0.49943 0.499998 0.500561 0.501115 0.501659 0.502192 0.50271 0.503211 0.503694 0.504157 0.504599 0.505016 0.505408 0.505773 0.506109 0.506416 0.506691 0.506935 0.507146 0.507323 0.507465 0.507572 0.507644 0.50768 0.50768 0.507644 0.507572 0.507465 0.507323 0.507146 0.506935 0.506691 0.506416 0.506109 0.505773 0.505408 0.505016 0.504599 0.504157 0.503694 0.503211 0.50271 0.502192 0.501659 0.501115 0.500561 0.499998 0.49943 0.498859 0.498287 0.497715 0.497148 0.496585 0.496031 0.495486 0.494954 0.494436 0.493935 0.493451 0.492988 0.492547 0.49213 0.491738 0.491373 0.491037 0.49073 0.490454 0.490211 0.49 0.489823 0.489681 0.489574 0.489502 0.489466 
