0.449879 0.449958 0.450117 0.450353 0.450666 0.451056 0.45152 0.452057 0.452664 0.45334 0.454081 0.454885 0.455748 0.456667 0.457638 0.458658 0.459723 0.460828 0.461969 0.463141 0.46434 0.465561 0.4668 0.468051 0.469309 0.47057 0.471828 0.473079 0.474318 0.475539 0.476738 0.47791 0.479051 0.480156 0.481221 0.482241 0.483212 0.484132 0.484995 0.485798 0.48654 0.487215 0.487823 0.488359 0.488824 0.489213 0.489527 0.489763 0.489921 0.49 0.49 0.489921 0.489763 0.489527 0.489213 0.488824 0.488359 0.487823 0.487215 0.48654 0.485798 0.484995 0.484132 0.483212 0.482241 0.481221 0.480156 0.479051 0.47791 0.476738 0.475539 0.474318 0.473079 0.471828 0.47057 0.469309 0.468051 0.4668 0.465561 0.46434 0.463141 0.461969 0.460828 0.459723 0.458658 0.457638 0.456667 0.455748 0.454885 0.454081 0.45334 0.452664 0.452057 0.45152 0.451056 0.450666 0.450353 0.450117 0.449958 0.449879 
0.449958 0.450038 0.450196 0.450432 0.450745 0.451135 0.451599 0.452136 0.452743 0.453419 0.45416 0.454964 0.455827 0.456746 0.457718 0.458738 0.459802 0.460907 0.462048 0.46322 0.464419 0.46564 0.466879 0.46813 0.469388 0.470649 0.471907 0.473158 0.474397 0.475618 0.476817 0.47799 0.479131 0.480235 0.4813 0.48232 0.483292 0.484211 0.485074 0.485878 0.486619 0.487294 0.487902 0.488439 0.488903 0.489292 0.489606 0.489842 0.49 0.490079 0.490079 0.49 0.489842 0.489606 0.489292 0.488903 0.488439 0.487902 0.487294 0.486619 0.485878 0.485074 0.484211 0.483292 0.48232 0.4813 0.480235 0.479131 0.47799 0.476817 0.475618 0.474397 0.473158 0.471907 0.470649 0.469388 0.46813 0.466879 0.46564 0.464419 0.46322 0.462048 0.460907 0.459802 0.458738 0.457718 0.456746 0.455827 0.454964 0.45416 0.453419 0.452743 0.452136 0.451599 0.451135 0.450745 0.450432 0.450196 0.450038 0.449958 
0.450117 0.450196 0.450354 0.45059 0.450904 0.451293 0.451757 0.452294 0.452901 0.453577 0.454318 0.455122 0.455985 0.456904 0.457876 0.458896 0.45996 0.461065 0.462206 0.463378 0.464577 0.465798 0.467037 0.468288 0.469546 0.470807 0.472065 0.473316 0.474555 0.475776 0.476975 0.478148 0.479289 0.480393 0.481458 0.482478 0.48345 0.484369 0.485232 0.486036 0.486777 0.487452 0.48806 0.488597 0.489061 0.48945 0.489764 0.49 0.490158 0.490238 0.490238 0.490158 0.49 0.489764 0.48945 0.489061 0.488597 0.48806 0.487452 0.486777 0.486036 0.485232 0.484369 0.48345 0.482478 0.481458 0.480393 0.479289 0.478148 0.476975 0.475776 0.474555 0.473316 0.472065 0.470807 0.469546 0.468288 0.467037 0.465798 0.464577 0.463378 0.462206 0.461065 0.45996 0.458896 0.457876 0.456904 0.455985 0.455122 0.454318 0.453577 0.452901 0.452294 0.451757 0.451293 0.450904 0.45059 0.450354 0.450196 0.450117 
0.450353 0.450432 0.45059 0.450826 0.45114 0.451529 0.451994 0.45253 0.453138 0.453813 0.454554 0.455358 0.456221 0.45714 0.458112 0.459132 0.460196 0.461301 0.462442 0.463614 0.464814 0.466035 0.467273 0.468524 0.469783 0.471043 0.472302 0.473553 0.474791 0.476012 0.477212 0.478384 0.479525 0.48063 0.481694 0.482714 0.483686 0.484605 0.485468 0.486272 0.487013 0.487689 0.488296 0.488833 0.489297 0.489687 0.49 0.490237 0.490395 0.490474 0.490474 0.490395 0.490237 0.49 0.489687 0.489297 0.488833 0.488296 0.487689 0.487013 0.486272 0.485468 0.484605 0.483686 0.482714 0.481694 0.48063 0.479525 0.478384 0.477212 0.476012 0.474791 0.473553 0.472302 0.471043 0.469783 0.468524 0.467273 0.466035 0.464814 0.463614 0.462442 0.461301 0.460196 0.459132 0.458112 0.45714 0.456221 0.455358 0.454554 0.453813 0.453138 0.45253 0.451994 0.451529 0.45114 0.450826 0.45059 0.450432 0.450353 
0.450666 0.450745 0.450904 0.45114 0.451453 0.451843 0.452307 0.452844 0.453451 0.454127 0.454868 0.455672 0.456535 0.457454 0.458425 0.459445 0.46051 0.461615 0.462756 0.463928 0.465127 0.466348 0.467587 0.468838 0.470096 0.471357 0.472615 0.473866 0.475105 0.476326 0.477525 0.478697 0.479838 0.480943 0.482008 0.483028 0.483999 0.484919 0.485782 0.486585 0.487327 0.488002 0.48861 0.489146 0.489611 0.49 0.490314 0.49055 0.490708 0.490787 0.490787 0.490708 0.49055 0.490314 0.49 0.489611 0.489146 0.48861 0.488002 0.487327 0.486585 0.485782 0.484919 0.483999 0.483028 0.482008 0.480943 0.479838 0.478697 0.477525 0.476326 0.475105 0.473866 0.472615 0.471357 0.470096 0.468838 0.467587 0.466348 0.465127 0.463928 0.462756 0.461615 0.46051 0.459445 0.458425 0.457454 0.456535 0.455672 0.454868 0.454127 0.453451 0.452844 0.452307 0.451843 0.451453 0.45114 0.450904 0.450745 0.450666 
0.451056 0.451135 0.451293 0.451529 0.451843 0.452233 0.452697 0.453234 0.453841 0.454516 0.455258 0.456061 0.456924 0.457843 0.458815 0.459835 0.4609 0.462004 0.463145 0.464318 0.465517 0.466738 0.467976 0.469227 0.470486 0.471747 0.473005 0.474256 0.475494 0.476716 0.477915 0.479087 0.480228 0.481333 0.482397 0.483418 0.484389 0.485308 0.486171 0.486975 0.487716 0.488392 0.488999 0.489536 0.49 0.49039 0.490703 0.49094 0.491098 0.491177 0.491177 0.491098 0.49094 0.490703 0.49039 0.49 0.489536 0.488999 0.488392 0.487716 0.486975 0.486171 0.485308 0.484389 0.483418 0.482397 0.481333 0.480228 0.479087 0.477915 0.476716 0.475494 0.474256 0.473005 0.471747 0.470486 0.469227 0.467976 0.466738 0.465517 0.464318 0.463145 0.462004 0.4609 0.459835 0.458815 0.457843 0.456924 0.456061 0.455258 0.454516 0.453841 0.453234 0.452697 0.452233 0.451843 0.451529 0.451293 0.451135 0.451056 
0.45152 0.451599 0.451757 0.451994 0.452307 0.452697 0.453161 0.453698 0.454305 0.454981 0.455722 0.456525 0.457388 0.458308 0.459279 0.460299 0.461364 0.462469 0.463609 0.464782 0.465981 0.467202 0.468441 0.469691 0.47095 0.472211 0.473469 0.47472 0.475958 0.47718 0.478379 0.479551 0.480692 0.481797 0.482862 0.483882 0.484853 0.485772 0.486635 0.487439 0.48818 0.488856 0.489463 0.49 0.490464 0.490854 0.491168 0.491404 0.491562 0.491641 0.491641 0.491562 0.491404 0.491168 0.490854 0.490464 0.49 0.489463 0.488856 0.48818 0.487439 0.486635 0.485772 0.484853 0.483882 0.482862 0.481797 0.480692 0.479551 0.478379 0.47718 0.475958 0.47472 0.473469 0.472211 0.47095 0.469691 0.468441 0.467202 0.465981 0.464782 0.463609 0.462469 0.461364 0.460299 0.459279 0.458308 0.457388 0.456525 0.455722 0.454981 0.454305 0.453698 0.453161 0.452697 0.452307 0.451994 0.451757 0.451599 0.45152 
0.452057 0.452136 0.452294 0.45253 0.452844 0.453234 0.453698 0.454234 0.454842 0.455517 0.456259 0.457062 0.457925 0.458844 0.459816 0.460836 0.4619 0.463005 0.464146 0.465319 0.466518 0.467739 0.468977 0.470228 0.471487 0.472748 0.474006 0.475257 0.476495 0.477717 0.478916 0.480088 0.481229 0.482334 0.483398 0.484418 0.48539 0.486309 0.487172 0.487976 0.488717 0.489393 0.49 0.490537 0.491001 0.491391 0.491704 0.491941 0.492099 0.492178 0.492178 0.492099 0.491941 0.491704 0.491391 0.491001 0.490537 0.49 0.489393 0.488717 0.487976 0.487172 0.486309 0.48539 0.484418 0.483398 0.482334 0.481229 0.480088 0.478916 0.477717 0.476495 0.475257 0.474006 0.472748 0.471487 0.470228 0.468977 0.467739 0.466518 0.465319 0.464146 0.463005 0.4619 0.460836 0.459816 0.458844 0.457925 0.457062 0.456259 0.455517 0.454842 0.454234 0.453698 0.453234 0.452844 0.45253 0.452294 0.452136 0.452057 
0.452664 0.452743 0.452901 0.453138 0.453451 0.453841 0.454305 0.454842 0.455449 0.456125 0.456866 0.45767 0.458533 0.459452 0.460423 0.461443 0.462508 0.463613 0.464754 0.465926 0.467125 0.468346 0.469585 0.470836 0.472094 0.473355 0.474613 0.475864 0.477103 0.478324 0.479523 0.480695 0.481836 0.482941 0.484006 0.485026 0.485997 0.486917 0.48778 0.488583 0.489325 0.49 0.490608 0.491144 0.491609 0.491998 0.492312 0.492548 0.492706 0.492785 0.492785 0.492706 0.492548 0.492312 0.491998 0.491609 0.491144 0.490608 0.49 0.489325 0.488583 0.48778 0.486917 0.485997 0.485026 0.484006 0.482941 0.481836 0.480695 0.479523 0.478324 0.477103 0.475864 0.474613 0.473355 0.472094 0.470836 0.469585 0.468346 0.467125 0.465926 0.464754 0.463613 0.462508 0.461443 0.460423 0.459452 0.458533 0.45767 0.456866 0.456125 0.455449 0.454842 0.454305 0.453841 0.453451 0.453138 0.452901 0.452743 0.452664 
0.45334 0.453419 0.453577 0.453813 0.454127 0.454516 0.454981 0.455517 0.456125 0.4568 0.457542 0.458345 0.459208 0.460127 0.461099 0.462119 0.463183 0.464288 0.465429 0.466601 0.467801 0.469022 0.47026 0.471511 0.47277 0.47403 0.475289 0.47654 0.477778 0.479 0.480199 0.481371 0.482512 0.483617 0.484681 0.485701 0.486673 0.487592 0.488455 0.489259 0.49 0.490676 0.491283 0.49182 0.492284 0.492674 0.492987 0.493224 0.493382 0.493461 0.493461 0.493382 0.493224 0.492987 0.492674 0.492284 0.49182 0.491283 0.490676 0.49 0.489259 0.488455 0.487592 0.486673 0.485701 0.484681 0.483617 0.482512 0.481371 0.480199 0.479 0.477778 0.47654 0.475289 0.47403 0.47277 0.471511 0.47026 0.469022 0.467801 0.466601 0.465429 0.464288 0.463183 0.462119 0.461099 0.460127 0.459208 0.458345 0.457542 0.4568 0.456125 0.455517 0.454981 0.454516 0.454127 0.453813 0.453577 0.453419 0.45334 
0.454081 0.45416 0.454318 0.454554 0.454868 0.455258 0.455722 0.456259 0.456866 0.457542 0.458283 0.459086 0.459949 0.460869 0.46184 0.46286 0.463925 0.465029 0.46617 0.467343 0.468542 0.469763 0.471001 0.472252 0.473511 0.474772 0.47603 0.477281 0.478519 0.479741 0.48094 0.482112 0.483253 0.484358 0.485422 0.486443 0.487414 0.488333 0.489196 0.49 0.490741 0.491417 0.492024 0.492561 0.493025 0.493415 0.493728 0.493965 0.494123 0.494202 0.494202 0.494123 0.493965 0.493728 0.493415 0.493025 0.492561 0.492024 0.491417 0.490741 0.49 0.489196 0.488333 0.487414 0.486443 0.485422 0.484358 0.483253 0.482112 0.48094 0.479741 0.478519 0.477281 0.47603 0.474772 0.473511 0.472252 0.471001 0.469763 0.468542 0.467343 0.46617 0.465029 0.463925 0.46286 0.46184 0.460869 0.459949 0.459086 0.458283 0.457542 0.456866 0.456259 0.455722 0.455258 0.454868 0.454554 0.454318 0.45416 0.454081 
0.454885 0.454964 0.455122 0.455358 0.455672 0.456061 0.456525 0.457062 0.45767 0.458345 0.459086 0.45989 0.460753 0.461672 0.462644 0.463664 0.464728 0.465833 0.466974 0.468146 0.469345 0.470567 0.471805 0.473056 0.474314 0.475575 0.476834 0.478085 0.479323 0.480544 0.481743 0.482916 0.484057 0.485162 0.486226 0.487246 0.488218 0.489137 0.49 0.490804 0.491545 0.492221 0.492828 0.493365 0.493829 0.494219 0.494532 0.494768 0.494926 0.495006 0.495006 0.494926 0.494768 0.494532 0.494219 0.493829 0.493365 0.492828 0.492221 0.491545 0.490804 0.49 0.489137 0.488218 0.487246 0.486226 0.485162 0.484057 0.482916 0.481743 0.480544 0.479323 0.478085 0.476834 0.475575 0.474314 0.473056 0.471805 0.470567 0.469345 0.468146 0.466974 0.465833 0.464728 0.463664 0.462644 0.461672 0.460753 0.45989 0.459086 0.458345 0.45767 0.457062 0.456525 0.456061 0.455672 0.455358 0.455122 0.454964 0.454885 
0.455748 0.455827 0.455985 0.456221 0.456535 0.456924 0.457388 0.457925 0.458533 0.459208 0.459949 0.460753 0.461616 0.462535 0.463507 0.464527 0.465591 0.466696 0.467837 0.469009 0.470208 0.47143 0.472668 0.473919 0.475178 0.476438 0.477697 0.478948 0.480186 0.481407 0.482607 0.483779 0.48492 0.486025 0.487089 0.488109 0.489081 0.49 0.490863 0.491667 0.492408 0.493084 0.493691 0.494228 0.494692 0.495082 0.495395 0.495632 0.49579 0.495869 0.495869 0.49579 0.495632 0.495395 0.495082 0.494692 0.494228 0.493691 0.493084 0.492408 0.491667 0.490863 0.49 0.489081 0.488109 0.487089 0.486025 0.48492 0.483779 0.482607 0.481407 0.480186 0.478948 0.477697 0.476438 0.475178 0.473919 0.472668 0.47143 0.470208 0.469009 0.467837 0.466696 0.465591 0.464527 0.463507 0.462535 0.461616 0.460753 0.459949 0.459208 0.458533 0.457925 0.457388 0.456924 0.456535 0.456221 0.455985 0.455827 0.455748 
0.456667 0.456746 0.456904 0.45714 0.457454 0.457843 0.458308 0.458844 0.459452 0.460127 0.460869 0.461672 0.462535 0.463454 0.464426 0.465446 0.46651 0.467615 0.468756 0.469928 0.471128 0.472349 0.473587 0.474838 0.476097 0.477357 0.478616 0.479867 0.481105 0.482327 0.483526 0.484698 0.485839 0.486944 0.488008 0.489028 0.49 0.490919 0.491782 0.492586 0.493327 0.494003 0.49461 0.495147 0.495611 0.496001 0.496314 0.496551 0.496709 0.496788 0.496788 0.496709 0.496551 0.496314 0.496001 0.495611 0.495147 0.49461 0.494003 0.493327 0.492586 0.491782 0.490919 0.49 0.489028 0.488008 0.486944 0.485839 0.484698 0.483526 0.482327 0.481105 0.479867 0.478616 0.477357 0.476097 0.474838 0.473587 0.472349 0.471128 0.469928 0.468756 0.467615 0.46651 0.465446 0.464426 0.463454 0.462535 0.461672 0.460869 0.460127 0.459452 0.458844 0.458308 0.457843 0.457454 0.45714 0.456904 0.456746 0.456667 
0.457638 0.457718 0.457876 0.458112 0.458425 0.458815 0.459279 0.459816 0.460423 0.461099 0.46184 0.462644 0.463507 0.464426 0.465397 0.466417 0.467482 0.468587 0.469728 0.4709 0.472099 0.47332 0.474559 0.47581 0.477068 0.478329 0.479587 0.480838 0.482077 0.483298 0.484497 0.485669 0.48681 0.487915 0.48898 0.49 0.490971 0.491891 0.492754 0.493557 0.494299 0.494974 0.495582 0.496118 0.496583 0.496972 0.497286 0.497522 0.49768 0.497759 0.497759 0.49768 0.497522 0.497286 0.496972 0.496583 0.496118 0.495582 0.494974 0.494299 0.493557 0.492754 0.491891 0.490971 0.49 0.48898 0.487915 0.48681 0.485669 0.484497 0.483298 0.482077 0.480838 0.479587 0.478329 0.477068 0.47581 0.474559 0.47332 0.472099 0.4709 0.469728 0.468587 0.467482 0.466417 0.465397 0.464426 0.463507 0.462644 0.46184 0.461099 0.460423 0.459816 0.459279 0.458815 0.458425 0.458112 0.457876 0.457718 0.457638 
0.458658 0.458738 0.458896 0.459132 0.459445 0.459835 0.460299 0.460836 0.461443 0.462119 0.46286 0.463664 0.464527 0.465446 0.466417 0.467437 0.468502 0.469607 0.470748 0.47192 0.473119 0.47434 0.475579 0.47683 0.478088 0.479349 0.480607 0.481858 0.483097 0.484318 0.485517 0.48669 0.48783 0.488935 0.49 0.49102 0.491991 0.492911 0.493774 0.494577 0.495319 0.495994 0.496602 0.497139 0.497603 0.497992 0.498306 0.498542 0.4987 0.498779 0.498779 0.4987 0.498542 0.498306 0.497992 0.497603 0.497139 0.496602 0.495994 0.495319 0.494577 0.493774 0.492911 0.491991 0.49102 0.49 0.488935 0.48783 0.48669 0.485517 0.484318 0.483097 0.481858 0.480607 0.479349 0.478088 0.47683 0.475579 0.47434 0.473119 0.47192 0.470748 0.469607 0.468502 0.467437 0.466417 0.465446 0.464527 0.463664 0.46286 0.462119 0.461443 0.460836 0.460299 0.459835 0.459445 0.459132 0.458896 0.458738 0.458658 
0.459723 0.459802 0.45996 0.460196 0.46051 0.4609 0.461364 0.4619 0.462508 0.463183 0.463925 0.464728 0.465591 0.46651 0.467482 0.468502 0.469567 0.470671 0.471812 0.472985 0.474184 0.475405 0.476643 0.477894 0.479153 0.480414 0.481672 0.482923 0.484161 0.485383 0.486582 0.487754 0.488895 0.49 0.491064 0.492085 0.493056 0.493975 0.494838 0.495642 0.496383 0.497059 0.497666 0.498203 0.498667 0.499057 0.49937 0.499607 0.499765 0.499844 0.499844 0.499765 0.499607 0.49937 0.499057 0.498667 0.498203 0.497666 0.497059 0.496383 0.495642 0.494838 0.493975 0.493056 0.492085 0.491064 0.49 0.488895 0.487754 0.486582 0.485383 0.484161 0.482923 0.481672 0.480414 0.479153 0.477894 0.476643 0.475405 0.474184 0.472985 0.471812 0.470671 0.469567 0.468502 0.467482 0.46651 0.465591 0.464728 0.463925 0.463183 0.462508 0.4619 0.461364 0.4609 0.46051 0.460196 0.45996 0.459802 0.459723 
0.460828 0.460907 0.461065 0.461301 0.461615 0.462004 0.462469 0.463005 0.463613 0.464288 0.465029 0.465833 0.466696 0.467615 0.468587 0.469607 0.470671 0.471776 0.472917 0.474089 0.475289 0.47651 0.477748 0.478999 0.480258 0.481518 0.482777 0.484028 0.485266 0.486487 0.487687 0.488859 0.49 0.491105 0.492169 0.493189 0.494161 0.49508 0.495943 0.496747 0.497488 0.498164 0.498771 0.499308 0.499772 0.500162 0.500475 0.500712 0.50087 0.500949 0.500949 0.50087 0.500712 0.500475 0.500162 0.499772 0.499308 0.498771 0.498164 0.497488 0.496747 0.495943 0.49508 0.494161 0.493189 0.492169 0.491105 0.49 0.488859 0.487687 0.486487 0.485266 0.484028 0.482777 0.481518 0.480258 0.478999 0.477748 0.47651 0.475289 0.474089 0.472917 0.471776 0.470671 0.469607 0.468587 0.467615 0.466696 0.465833 0.465029 0.464288 0.463613 0.463005 0.462469 0.462004 0.461615 0.461301 0.461065 0.460907 0.460828 
0.461969 0.462048 0.462206 0.462442 0.462756 0.463145 0.463609 0.464146 0.464754 0.465429 0.46617 0.466974 0.467837 0.468756 0.469728 0.470748 0.471812 0.472917 0.474058 0.47523 0.476429 0.477651 0.478889 0.48014 0.481398 0.482659 0.483918 0.485169 0.486407 0.487628 0.488827 0.49 0.491141 0.492246 0.49331 0.49433 0.495302 0.496221 0.497084 0.497888 0.498629 0.499304 0.499912 0.500449 0.500913 0.501303 0.501616 0.501852 0.50201 0.50209 0.50209 0.50201 0.501852 0.501616 0.501303 0.500913 0.500449 0.499912 0.499304 0.498629 0.497888 0.497084 0.496221 0.495302 0.49433 0.49331 0.492246 0.491141 0.49 0.488827 0.487628 0.486407 0.485169 0.483918 0.482659 0.481398 0.48014 0.478889 0.477651 0.476429 0.47523 0.474058 0.472917 0.471812 0.470748 0.469728 0.468756 0.467837 0.466974 0.46617 0.465429 0.464754 0.464146 0.463609 0.463145 0.462756 0.462442 0.462206 0.462048 0.461969 
0.463141 0.46322 0.463378 0.463614 0.463928 0.464318 0.464782 0.465319 0.465926 0.466601 0.467343 0.468146 0.469009 0.469928 0.4709 0.47192 0.472985 0.474089 0.47523 0.476403 0.477602 0.478823 0.480061 0.481312 0.482571 0.483832 0.48509 0.486341 0.487579 0.488801 0.49 0.491172 0.492313 0.493418 0.494482 0.495503 0.496474 0.497393 0.498256 0.49906 0.499801 0.500477 0.501084 0.501621 0.502085 0.502475 0.502788 0.503025 0.503183 0.503262 0.503262 0.503183 0.503025 0.502788 0.502475 0.502085 0.501621 0.501084 0.500477 0.499801 0.49906 0.498256 0.497393 0.496474 0.495503 0.494482 0.493418 0.492313 0.491172 0.49 0.488801 0.487579 0.486341 0.48509 0.483832 0.482571 0.481312 0.480061 0.478823 0.477602 0.476403 0.47523 0.474089 0.472985 0.47192 0.4709 0.469928 0.469009 0.468146 0.467343 0.466601 0.465926 0.465319 0.464782 0.464318 0.463928 0.463614 0.463378 0.46322 0.463141 
0.46434 0.464419 0.464577 0.464814 0.465127 0.465517 0.465981 0.466518 0.467125 0.467801 0.468542 0.469345 0.470208 0.471128 0.472099 0.473119 0.474184 0.475289 0.476429 0.477602 0.478801 0.480022 0.481261 0.482511 0.48377 0.485031 0.486289 0.48754 0.488778 0.49 0.491199 0.492371 0.493512 0.494617 0.495682 0.496702 0.497673 0.498592 0.499455 0.500259 0.501 0.501676 0.502283 0.50282 0.503284 0.503674 0.503988 0.504224 0.504382 0.504461 0.504461 0.504382 0.504224 0.503988 0.503674 0.503284 0.50282 0.502283 0.501676 0.501 0.500259 0.499455 0.498592 0.497673 0.496702 0.495682 0.494617 0.493512 0.492371 0.491199 0.49 0.488778 0.48754 0.486289 0.485031 0.48377 0.482511 0.481261 0.480022 0.478801 0.477602 0.476429 0.475289 0.474184 0.473119 0.472099 0.471128 0.470208 0.469345 0.468542 0.467801 0.467125 0.466518 0.465981 0.465517 0.465127 0.464814 0.464577 0.464419 0.46434 
0.465561 0.46564 0.465798 0.466035 0.466348 0.466738 0.467202 0.467739 0.468346 0.469022 0.469763 0.470567 0.47143 0.472349 0.47332 0.47434 0.475405 0.47651 0.477651 0.478823 0.480022 0.481243 0.482482 0.483733 0.484991 0.486252 0.48751 0.488761 0.49 0.491221 0.49242 0.493592 0.494733 0.495838 0.496903 0.497923 0.498894 0.499814 0.500677 0.50148 0.502222 0.502897 0.503505 0.504041 0.504506 0.504895 0.505209 0.505445 0.505603 0.505682 0.505682 0.505603 0.505445 0.505209 0.504895 0.504506 0.504041 0.503505 0.502897 0.502222 0.50148 0.500677 0.499814 0.498894 0.497923 0.496903 0.495838 0.494733 0.493592 0.49242 0.491221 0.49 0.488761 0.48751 0.486252 0.484991 0.483733 0.482482 0.481243 0.480022 0.478823 0.477651 0.47651 0.475405 0.47434 0.47332 0.472349 0.47143 0.470567 0.469763 0.469022 0.468346 0.467739 0.467202 0.466738 0.466348 0.466035 0.465798 0.46564 0.465561 
0.4668 0.466879 0.467037 0.467273 0.467587 0.467976 0.468441 0.468977 0.469585 0.47026 0.471001 0.471805 0.472668 0.473587 0.474559 0.475579 0.476643 0.477748 0.478889 0.480061 0.481261 0.482482 0.48372 0.484971 0.48623 0.48749 0.488749 0.49 0.491238 0.492459 0.493659 0.494831 0.495972 0.497077 0.498141 0.499161 0.500133 0.501052 0.501915 0.502719 0.50346 0.504136 0.504743 0.50528 0.505744 0.506134 0.506447 0.506684 0.506842 0.506921 0.506921 0.506842 0.506684 0.506447 0.506134 0.505744 0.50528 0.504743 0.504136 0.50346 0.502719 0.501915 0.501052 0.500133 0.499161 0.498141 0.497077 0.495972 0.494831 0.493659 0.492459 0.491238 0.49 0.488749 0.48749 0.48623 0.484971 0.48372 0.482482 0.481261 0.480061 0.478889 0.477748 0.476643 0.475579 0.474559 0.473587 0.472668 0.471805 0.471001 0.47026 0.469585 0.468977 0.468441 0.467976 0.467587 0.467273 0.467037 0.466879 0.4668 
0.468051 0.46813 0.468288 0.468524 0.468838 0.469227 0.469691 0.470228 0.470836 0.471511 0.472252 0.473056 0.473919 0.474838 0.47581 0.47683 0.477894 0.478999 0.48014 0.481312 0.482511 0.483733 0.484971 0.486222 0.48748 0.488741 0.49 0.491251 0.492489 0.49371 0.49491 0.496082 0.497223 0.498328 0.499392 0.500412 0.501384 0.502303 0.503166 0.50397 0.504711 0.505387 0.505994 0.506531 0.506995 0.507385 0.507698 0.507935 0.508093 0.508172 0.508172 0.508093 0.507935 0.507698 0.507385 0.506995 0.506531 0.505994 0.505387 0.504711 0.50397 0.503166 0.502303 0.501384 0.500412 0.499392 0.498328 0.497223 0.496082 0.49491 0.49371 0.492489 0.491251 0.49 0.488741 0.48748 0.486222 0.484971 0.483733 0.482511 0.481312 0.48014 0.478999 0.477894 0.47683 0.47581 0.474838 0.473919 0.473056 0.472252 0.471511 0.470836 0.470228 0.469691 0.469227 0.468838 0.468524 0.468288 0.46813 0.468051 
0.469309 0.469388 0.469546 0.469783 0.470096 0.470486 0.47095 0.471487 0.472094 0.47277 0.473511 0.474314 0.475178 0.476097 0.477068 0.478088 0.479153 0.480258 0.481398 0.482571 0.48377 0.484991 0.48623 0.48748 0.488739 0.49 0.491258 0.492509 0.493747 0.494969 0.496168 0.49734 0.498481 0.499586 0.500651 0.501671 0.502642 0.503561 0.504424 0.505228 0.505969 0.506645 0.507252 0.507789 0.508253 0.508643 0.508957 0.509193 0.509351 0.50943 0.50943 0.509351 0.509193 0.508957 0.508643 0.508253 0.507789 0.507252 0.506645 0.505969 0.505228 0.504424 0.503561 0.502642 0.501671 0.500651 0.499586 0.498481 0.49734 0.496168 0.494969 0.493747 0.492509 0.491258 0.49 0.488739 0.48748 0.48623 0.484991 0.48377 0.482571 0.481398 0.480258 0.479153 0.478088 0.477068 0.476097 0.475178 0.474314 0.473511 0.47277 0.472094 0.471487 0.47095 0.470486 0.470096 0.469783 0.469546 0.469388 0.469309 
0.47057 0.470649 0.470807 0.471043 0.471357 0.471747 0.472211 0.472748 0.473355 0.47403 0.474772 0.475575 0.476438 0.477357 0.478329 0.479349 0.480414 0.481518 0.482659 0.483832 0.485031 0.486252 0.48749 0.488741 0.49 0.491261 0.492519 0.49377 0.495008 0.49623 0.497429 0.498601 0.499742 0.500847 0.501911 0.502932 0.503903 0.504822 0.505685 0.506489 0.50723 0.507906 0.508513 0.50905 0.509514 0.509904 0.510217 0.510454 0.510612 0.510691 0.510691 0.510612 0.510454 0.510217 0.509904 0.509514 0.50905 0.508513 0.507906 0.50723 0.506489 0.505685 0.504822 0.503903 0.502932 0.501911 0.500847 0.499742 0.498601 0.497429 0.49623 0.495008 0.49377 0.492519 0.491261 0.49 0.488741 0.48749 0.486252 0.485031 0.483832 0.482659 0.481518 0.480414 0.479349 0.478329 0.477357 0.476438 0.475575 0.474772 0.47403 0.473355 0.472748 0.472211 0.471747 0.471357 0.471043 0.470807 0.470649 0.47057 
0.471828 0.471907 0.472065 0.472302 0.472615 0.473005 0.473469 0.474006 0.474613 0.475289 0.47603 0.476834 0.477697 0.478616 0.479587 0.480607 0.481672 0.482777 0.483918 0.48509 0.486289 0.48751 0.488749 0.49 0.491258 0.492519 0.493777 0.495028 0.496267 0.497488 0.498687 0.499859 0.501 0.502105 0.50317 0.50419 0.505161 0.506081 0.506944 0.507747 0.508489 0.509164 0.509772 0.510308 0.510773 0.511162 0.511476 0.511712 0.51187 0.511949 0.511949 0.51187 0.511712 0.511476 0.511162 0.510773 0.510308 0.509772 0.509164 0.508489 0.507747 0.506944 0.506081 0.505161 0.50419 0.50317 0.502105 0.501 0.499859 0.498687 0.497488 0.496267 0.495028 0.493777 0.492519 0.491258 0.49 0.488749 0.48751 0.486289 0.48509 0.483918 0.482777 0.481672 0.480607 0.479587 0.478616 0.477697 0.476834 0.47603 0.475289 0.474613 0.474006 0.473469 0.473005 0.472615 0.472302 0.472065 0.471907 0.471828 
0.473079 0.473158 0.473316 0.473553 0.473866 0.474256 0.47472 0.475257 0.475864 0.47654 0.477281 0.478085 0.478948 0.479867 0.480838 0.481858 0.482923 0.484028 0.485169 0.486341 0.48754 0.488761 0.49 0.491251 0.492509 0.49377 0.495028 0.496279 0.497518 0.498739 0.499938 0.50111 0.502251 0.503356 0.504421 0.505441 0.506412 0.507331 0.508195 0.508998 0.509739 0.510415 0.511022 0.511559 0.512024 0.512413 0.512727 0.512963 0.513121 0.5132 0.5132 0.513121 0.512963 0.512727 0.512413 0.512024 0.511559 0.511022 0.510415 0.509739 0.508998 0.508195 0.507331 0.506412 0.505441 0.504421 0.503356 0.502251 0.50111 0.499938 0.498739 0.497518 0.496279 0.495028 0.49377 0.492509 0.491251 0.49 0.488761 0.48754 0.486341 0.485169 0.484028 0.482923 0.481858 0.480838 0.479867 0.478948 0.478085 0.477281 0.47654 0.475864 0.475257 0.47472 0.474256 0.473866 0.473553 0.473316 0.473158 0.473079 
0.474318 0.474397 0.474555 0.474791 0.475105 0.475494 0.475958 0.476495 0.477103 0.477778 0.478519 0.479323 0.480186 0.481105 0.482077 0.483097 0.484161 0.485266 0.486407 0.487579 0.488778 0.49 0.491238 0.492489 0.493747 0.495008 0.496267 0.497518 0.498756 0.499977 0.501177 0.502349 0.50349 0.504595 0.505659 0.506679 0.507651 0.50857 0.509433 0.510237 0.510978 0.511654 0.512261 0.512798 0.513262 0.513652 0.513965 0.514202 0.51436 0.514439 0.514439 0.51436 0.514202 0.513965 0.513652 0.513262 0.512798 0.512261 0.511654 0.510978 0.510237 0.509433 0.50857 0.507651 0.506679 0.505659 0.504595 0.50349 0.502349 0.501177 0.499977 0.498756 0.497518 0.496267 0.495008 0.493747 0.492489 0.491238 0.49 0.488778 0.487579 0.486407 0.485266 0.484161 0.483097 0.482077 0.481105 0.480186 0.479323 0.478519 0.477778 0.477103 0.476495 0.475958 0.475494 0.475105 0.474791 0.474555 0.474397 0.474318 
0.475539 0.475618 0.475776 0.476012 0.476326 0.476716 0.47718 0.477717 0.478324 0.479 0.479741 0.480544 0.481407 0.482327 0.483298 0.484318 0.485383 0.486487 0.487628 0.488801 0.49 0.491221 0.492459 0.49371 0.494969 0.49623 0.497488 0.498739 0.499977 0.501199 0.502398 0.50357 0.504711 0.505816 0.506881 0.507901 0.508872 0.509791 0.510654 0.511458 0.512199 0.512875 0.513482 0.514019 0.514483 0.514873 0.515187 0.515423 0.515581 0.51566 0.51566 0.515581 0.515423 0.515187 0.514873 0.514483 0.514019 0.513482 0.512875 0.512199 0.511458 0.510654 0.509791 0.508872 0.507901 0.506881 0.505816 0.504711 0.50357 0.502398 0.501199 0.499977 0.498739 0.497488 0.49623 0.494969 0.49371 0.492459 0.491221 0.49 0.488801 0.487628 0.486487 0.485383 0.484318 0.483298 0.482327 0.481407 0.480544 0.479741 0.479 0.478324 0.477717 0.47718 0.476716 0.476326 0.476012 0.475776 0.475618 0.475539 
0.476738 0.476817 0.476975 0.477212 0.477525 0.477915 0.478379 0.478916 0.479523 0.480199 0.48094 0.481743 0.482607 0.483526 0.484497 0.485517 0.486582 0.487687 0.488827 0.49 0.491199 0.49242 0.493659 0.49491 0.496168 0.497429 0.498687 0.499938 0.501177 0.502398 0.503597 0.504769 0.50591 0.507015 0.50808 0.5091 0.510071 0.51099 0.511854 0.512657 0.513398 0.514074 0.514681 0.515218 0.515682 0.516072 0.516386 0.516622 0.51678 0.516859 0.516859 0.51678 0.516622 0.516386 0.516072 0.515682 0.515218 0.514681 0.514074 0.513398 0.512657 0.511854 0.51099 0.510071 0.5091 0.50808 0.507015 0.50591 0.504769 0.503597 0.502398 0.501177 0.499938 0.498687 0.497429 0.496168 0.49491 0.493659 0.49242 0.491199 0.49 0.488827 0.487687 0.486582 0.485517 0.484497 0.483526 0.482607 0.481743 0.48094 0.480199 0.479523 0.478916 0.478379 0.477915 0.477525 0.477212 0.476975 0.476817 0.476738 
0.47791 0.47799 0.478148 0.478384 0.478697 0.479087 0.479551 0.480088 0.480695 0.481371 0.482112 0.482916 0.483779 0.484698 0.485669 0.48669 0.487754 0.488859 0.49 0.491172 0.492371 0.493592 0.494831 0.496082 0.49734 0.498601 0.499859 0.50111 0.502349 0.50357 0.504769 0.505942 0.507082 0.508187 0.509252 0.510272 0.511244 0.512163 0.513026 0.51383 0.514571 0.515246 0.515854 0.516391 0.516855 0.517244 0.517558 0.517794 0.517952 0.518031 0.518031 0.517952 0.517794 0.517558 0.517244 0.516855 0.516391 0.515854 0.515246 0.514571 0.51383 0.513026 0.512163 0.511244 0.510272 0.509252 0.508187 0.507082 0.505942 0.504769 0.50357 0.502349 0.50111 0.499859 0.498601 0.49734 0.496082 0.494831 0.493592 0.492371 0.491172 0.49 0.488859 0.487754 0.48669 0.485669 0.484698 0.483779 0.482916 0.482112 0.481371 0.480695 0.480088 0.479551 0.479087 0.478697 0.478384 0.478148 0.47799 0.47791 
0.479051 0.479131 0.479289 0.479525 0.479838 0.480228 0.480692 0.481229 0.481836 0.482512 0.483253 0.484057 0.48492 0.485839 0.48681 0.48783 0.488895 0.49 0.491141 0.492313 0.493512 0.494733 0.495972 0.497223 0.498481 0.499742 0.501 0.502251 0.50349 0.504711 0.50591 0.507082 0.508223 0.509328 0.510393 0.511413 0.512384 0.513304 0.514167 0.51497 0.515712 0.516387 0.516995 0.517531 0.517996 0.518385 0.518699 0.518935 0.519093 0.519172 0.519172 0.519093 0.518935 0.518699 0.518385 0.517996 0.517531 0.516995 0.516387 0.515712 0.51497 0.514167 0.513304 0.512384 0.511413 0.510393 0.509328 0.508223 0.507082 0.50591 0.504711 0.50349 0.502251 0.501 0.499742 0.498481 0.497223 0.495972 0.494733 0.493512 0.492313 0.491141 0.49 0.488895 0.48783 0.48681 0.485839 0.48492 0.484057 0.483253 0.482512 0.481836 0.481229 0.480692 0.480228 0.479838 0.479525 0.479289 0.479131 0.479051 
0.480156 0.480235 0.480393 0.48063 0.480943 0.481333 0.481797 0.482334 0.482941 0.483617 0.484358 0.485162 0.486025 0.486944 0.487915 0.488935 0.49 0.491105 0.492246 0.493418 0.494617 0.495838 0.497077 0.498328 0.499586 0.500847 0.502105 0.503356 0.504595 0.505816 0.507015 0.508187 0.509328 0.510433 0.511498 0.512518 0.513489 0.514409 0.515272 0.516075 0.516816 0.517492 0.5181 0.518636 0.519101 0.51949 0.519804 0.52004 0.520198 0.520277 0.520277 0.520198 0.52004 0.519804 0.51949 0.519101 0.518636 0.5181 0.517492 0.516816 0.516075 0.515272 0.514409 0.513489 0.512518 0.511498 0.510433 0.509328 0.508187 0.507015 0.505816 0.504595 0.503356 0.502105 0.500847 0.499586 0.498328 0.497077 0.495838 0.494617 0.493418 0.492246 0.491105 0.49 0.488935 0.487915 0.486944 0.486025 0.485162 0.484358 0.483617 0.482941 0.482334 0.481797 0.481333 0.480943 0.48063 0.480393 0.480235 0.480156 
0.481221 0.4813 0.481458 0.481694 0.482008 0.482397 0.482862 0.483398 0.484006 0.484681 0.485422 0.486226 0.487089 0.488008 0.48898 0.49 0.491064 0.492169 0.49331 0.494482 0.495682 0.496903 0.498141 0.499392 0.500651 0.501911 0.50317 0.504421 0.505659 0.506881 0.50808 0.509252 0.510393 0.511498 0.512562 0.513582 0.514554 0.515473 0.516336 0.51714 0.517881 0.518557 0.519164 0.519701 0.520165 0.520555 0.520868 0.521105 0.521263 0.521342 0.521342 0.521263 0.521105 0.520868 0.520555 0.520165 0.519701 0.519164 0.518557 0.517881 0.51714 0.516336 0.515473 0.514554 0.513582 0.512562 0.511498 0.510393 0.509252 0.50808 0.506881 0.505659 0.504421 0.50317 0.501911 0.500651 0.499392 0.498141 0.496903 0.495682 0.494482 0.49331 0.492169 0.491064 0.49 0.48898 0.488008 0.487089 0.486226 0.485422 0.484681 0.484006 0.483398 0.482862 0.482397 0.482008 0.481694 0.481458 0.4813 0.481221 
0.482241 0.48232 0.482478 0.482714 0.483028 0.483418 0.483882 0.484418 0.485026 0.485701 0.486443 0.487246 0.488109 0.489028 0.49 0.49102 0.492085 0.493189 0.49433 0.495503 0.496702 0.497923 0.499161 0.500412 0.501671 0.502932 0.50419 0.505441 0.506679 0.507901 0.5091 0.510272 0.511413 0.512518 0.513582 0.514602 0.515574 0.516493 0.517356 0.51816 0.518901 0.519577 0.520184 0.520721 0.521185 0.521575 0.521888 0.522125 0.522283 0.522362 0.522362 0.522283 0.522125 0.521888 0.521575 0.521185 0.520721 0.520184 0.519577 0.518901 0.51816 0.517356 0.516493 0.515574 0.514602 0.513582 0.512518 0.511413 0.510272 0.5091 0.507901 0.506679 0.505441 0.50419 0.502932 0.501671 0.500412 0.499161 0.497923 0.496702 0.495503 0.49433 0.493189 0.492085 0.49102 0.49 0.489028 0.488109 0.487246 0.486443 0.485701 0.485026 0.484418 0.483882 0.483418 0.483028 0.482714 0.482478 0.48232 0.482241 
0.483212 0.483292 0.48345 0.483686 0.483999 0.484389 0.484853 0.48539 0.485997 0.486673 0.487414 0.488218 0.489081 0.49 0.490971 0.491991 0.493056 0.494161 0.495302 0.496474 0.497673 0.498894 0.500133 0.501384 0.502642 0.503903 0.505161 0.506412 0.507651 0.508872 0.510071 0.511244 0.512384 0.513489 0.514554 0.515574 0.516546 0.517465 0.518328 0.519132 0.519873 0.520548 0.521156 0.521693 0.522157 0.522546 0.52286 0.523096 0.523254 0.523333 0.523333 0.523254 0.523096 0.52286 0.522546 0.522157 0.521693 0.521156 0.520548 0.519873 0.519132 0.518328 0.517465 0.516546 0.515574 0.514554 0.513489 0.512384 0.511244 0.510071 0.508872 0.507651 0.506412 0.505161 0.503903 0.502642 0.501384 0.500133 0.498894 0.497673 0.496474 0.495302 0.494161 0.493056 0.491991 0.490971 0.49 0.489081 0.488218 0.487414 0.486673 0.485997 0.48539 0.484853 0.484389 0.483999 0.483686 0.48345 0.483292 0.483212 
0.484132 0.484211 0.484369 0.484605 0.484919 0.485308 0.485772 0.486309 0.486917 0.487592 0.488333 0.489137 0.49 0.490919 0.491891 0.492911 0.493975 0.49508 0.496221 0.497393 0.498592 0.499814 0.501052 0.502303 0.503561 0.504822 0.506081 0.507331 0.50857 0.509791 0.51099 0.512163 0.513304 0.514409 0.515473 0.516493 0.517465 0.518384 0.519247 0.520051 0.520792 0.521467 0.522075 0.522612 0.523076 0.523466 0.523779 0.524015 0.524173 0.524253 0.524253 0.524173 0.524015 0.523779 0.523466 0.523076 0.522612 0.522075 0.521467 0.520792 0.520051 0.519247 0.518384 0.517465 0.516493 0.515473 0.514409 0.513304 0.512163 0.51099 0.509791 0.50857 0.507331 0.506081 0.504822 0.503561 0.502303 0.501052 0.499814 0.498592 0.497393 0.496221 0.49508 0.493975 0.492911 0.491891 0.490919 0.49 0.489137 0.488333 0.487592 0.486917 0.486309 0.485772 0.485308 0.484919 0.484605 0.484369 0.484211 0.484132 
0.484995 0.485074 0.485232 0.485468 0.485782 0.486171 0.486635 0.487172 0.48778 0.488455 0.489196 0.49 0.490863 0.491782 0.492754 0.493774 0.494838 0.495943 0.497084 0.498256 0.499455 0.500677 0.501915 0.503166 0.504424 0.505685 0.506944 0.508195 0.509433 0.510654 0.511854 0.513026 0.514167 0.515272 0.516336 0.517356 0.518328 0.519247 0.52011 0.520914 0.521655 0.522331 0.522938 0.523475 0.523939 0.524329 0.524642 0.524878 0.525037 0.525116 0.525116 0.525037 0.524878 0.524642 0.524329 0.523939 0.523475 0.522938 0.522331 0.521655 0.520914 0.52011 0.519247 0.518328 0.517356 0.516336 0.515272 0.514167 0.513026 0.511854 0.510654 0.509433 0.508195 0.506944 0.505685 0.504424 0.503166 0.501915 0.500677 0.499455 0.498256 0.497084 0.495943 0.494838 0.493774 0.492754 0.491782 0.490863 0.49 0.489196 0.488455 0.48778 0.487172 0.486635 0.486171 0.485782 0.485468 0.485232 0.485074 0.484995 
0.485798 0.485878 0.486036 0.486272 0.486585 0.486975 0.487439 0.487976 0.488583 0.489259 0.49 0.490804 0.491667 0.492586 0.493557 0.494577 0.495642 0.496747 0.497888 0.49906 0.500259 0.50148 0.502719 0.50397 0.505228 0.506489 0.507747 0.508998 0.510237 0.511458 0.512657 0.51383 0.51497 0.516075 0.51714 0.51816 0.519132 0.520051 0.520914 0.521718 0.522459 0.523134 0.523742 0.524279 0.524743 0.525132 0.525446 0.525682 0.52584 0.525919 0.525919 0.52584 0.525682 0.525446 0.525132 0.524743 0.524279 0.523742 0.523134 0.522459 0.521718 0.520914 0.520051 0.519132 0.51816 0.51714 0.516075 0.51497 0.51383 0.512657 0.511458 0.510237 0.508998 0.507747 0.506489 0.505228 0.50397 0.502719 0.50148 0.500259 0.49906 0.497888 0.496747 0.495642 0.494577 0.493557 0.492586 0.491667 0.490804 0.49 0.489259 0.488583 0.487976 0.487439 0.486975 0.486585 0.486272 0.486036 0.485878 0.485798 
0.48654 0.486619 0.486777 0.487013 0.487327 0.487716 0.48818 0.488717 0.489325 0.49 0.490741 0.491545 0.492408 0.493327 0.494299 0.495319 0.496383 0.497488 0.498629 0.499801 0.501 0.502222 0.50346 0.504711 0.505969 0.50723 0.508489 0.509739 0.510978 0.512199 0.513398 0.514571 0.515712 0.516816 0.517881 0.518901 0.519873 0.520792 0.521655 0.522459 0.5232 0.523875 0.524483 0.52502 0.525484 0.525874 0.526187 0.526423 0.526581 0.526661 0.526661 0.526581 0.526423 0.526187 0.525874 0.525484 0.52502 0.524483 0.523875 0.5232 0.522459 0.521655 0.520792 0.519873 0.518901 0.517881 0.516816 0.515712 0.514571 0.513398 0.512199 0.510978 0.509739 0.508489 0.50723 0.505969 0.504711 0.50346 0.502222 0.501 0.499801 0.498629 0.497488 0.496383 0.495319 0.494299 0.493327 0.492408 0.491545 0.490741 0.49 0.489325 0.488717 0.48818 0.487716 0.487327 0.487013 0.486777 0.486619 0.48654 
0.487215 0.487294 0.487452 0.487689 0.488002 0.488392 0.488856 0.489393 0.49 0.490676 0.491417 0.492221 0.493084 0.494003 0.494974 0.495994 0.497059 0.498164 0.499304 0.500477 0.501676 0.502897 0.504136 0.505387 0.506645 0.507906 0.509164 0.510415 0.511654 0.512875 0.514074 0.515246 0.516387 0.517492 0.518557 0.519577 0.520548 0.521467 0.522331 0.523134 0.523875 0.524551 0.525158 0.525695 0.526159 0.526549 0.526863 0.527099 0.527257 0.527336 0.527336 0.527257 0.527099 0.526863 0.526549 0.526159 0.525695 0.525158 0.524551 0.523875 0.523134 0.522331 0.521467 0.520548 0.519577 0.518557 0.517492 0.516387 0.515246 0.514074 0.512875 0.511654 0.510415 0.509164 0.507906 0.506645 0.505387 0.504136 0.502897 0.501676 0.500477 0.499304 0.498164 0.497059 0.495994 0.494974 0.494003 0.493084 0.492221 0.491417 0.490676 0.49 0.489393 0.488856 0.488392 0.488002 0.487689 0.487452 0.487294 0.487215 
0.487823 0.487902 0.48806 0.488296 0.48861 0.488999 0.489463 0.49 0.490608 0.491283 0.492024 0.492828 0.493691 0.49461 0.495582 0.496602 0.497666 0.498771 0.499912 0.501084 0.502283 0.503505 0.504743 0.505994 0.507252 0.508513 0.509772 0.511022 0.512261 0.513482 0.514681 0.515854 0.516995 0.5181 0.519164 0.520184 0.521156 0.522075 0.522938 0.523742 0.524483 0.525158 0.525766 0.526303 0.526767 0.527157 0.52747 0.527706 0.527864 0.527944 0.527944 0.527864 0.527706 0.52747 0.527157 0.526767 0.526303 0.525766 0.525158 0.524483 0.523742 0.522938 0.522075 0.521156 0.520184 0.519164 0.5181 0.516995 0.515854 0.514681 0.513482 0.512261 0.511022 0.509772 0.508513 0.507252 0.505994 0.504743 0.503505 0.502283 0.501084 0.499912 0.498771 0.497666 0.496602 0.495582 0.49461 0.493691 0.492828 0.492024 0.491283 0.490608 0.49 0.489463 0.488999 0.48861 0.488296 0.48806 0.487902 0.487823 
0.488359 0.488439 0.488597 0.488833 0.489146 0.489536 0.49 0.490537 0.491144 0.49182 0.492561 0.493365 0.494228 0.495147 0.496118 0.497139 0.498203 0.499308 0.500449 0.501621 0.50282 0.504041 0.50528 0.506531 0.507789 0.50905 0.510308 0.511559 0.512798 0.514019 0.515218 0.516391 0.517531 0.518636 0.519701 0.520721 0.521693 0.522612 0.523475 0.524279 0.52502 0.525695 0.526303 0.52684 0.527304 0.527693 0.528007 0.528243 0.528401 0.52848 0.52848 0.528401 0.528243 0.528007 0.527693 0.527304 0.52684 0.526303 0.525695 0.52502 0.524279 0.523475 0.522612 0.521693 0.520721 0.519701 0.518636 0.517531 0.516391 0.515218 0.514019 0.512798 0.511559 0.510308 0.50905 0.507789 0.506531 0.50528 0.504041 0.50282 0.501621 0.500449 0.499308 0.498203 0.497139 0.496118 0.495147 0.494228 0.493365 0.492561 0.49182 0.491144 0.490537 0.49 0.489536 0.489146 0.488833 0.488597 0.488439 0.488359 
0.488824 0.488903 0.489061 0.489297 0.489611 0.49 0.490464 0.491001 0.491609 0.492284 0.493025 0.493829 0.494692 0.495611 0.496583 0.497603 0.498667 0.499772 0.500913 0.502085 0.503284 0.504506 0.505744 0.506995 0.508253 0.509514 0.510773 0.512024 0.513262 0.514483 0.515682 0.516855 0.517996 0.519101 0.520165 0.521185 0.522157 0.523076 0.523939 0.524743 0.525484 0.526159 0.526767 0.527304 0.527768 0.528158 0.528471 0.528707 0.528865 0.528945 0.528945 0.528865 0.528707 0.528471 0.528158 0.527768 0.527304 0.526767 0.526159 0.525484 0.524743 0.523939 0.523076 0.522157 0.521185 0.520165 0.519101 0.517996 0.516855 0.515682 0.514483 0.513262 0.512024 0.510773 0.509514 0.508253 0.506995 0.505744 0.504506 0.503284 0.502085 0.500913 0.499772 0.498667 0.497603 0.496583 0.495611 0.494692 0.493829 0.493025 0.492284 0.491609 0.491001 0.490464 0.49 0.489611 0.489297 0.489061 0.488903 0.488824 
