0.136013 0.136204 0.136586 0.137156 0.137913 0.138852 0.139973 0.141268 0.142734 0.144363 0.146152 0.148091 0.150174 0.152391 0.154736 0.157197 0.159766 0.162431 0.165185 0.168013 0.170907 0.173853 0.176843 0.17986 0.182898 0.185939 0.188976 0.191994 0.194983 0.197929 0.200823 0.203651 0.206405 0.20907 0.21164 0.2141 0.216445 0.218662 0.220745 0.222684 0.224473 0.226103 0.227569 0.228864 0.229984 0.230924 0.231681 0.232251 0.232632 0.232823 0.232823 0.232632 0.232251 0.231681 0.230924 0.229984 0.228864 0.227569 0.226103 0.224473 0.222684 0.220745 0.218662 0.216445 0.2141 0.21164 0.20907 0.206405 0.203651 0.200823 0.197929 0.194983 0.191994 0.188976 0.185939 0.182898 0.17986 0.176843 0.173853 0.170907 0.168013 0.165185 0.162431 0.159766 0.157197 0.154736 0.152391 0.150174 0.148091 0.146152 0.144363 0.142734 0.141268 0.139973 0.138852 0.137913 0.137156 0.136586 0.136204 0.136013 
0.136204 0.136396 0.136777 0.137349 0.138106 0.139048 0.140168 0.141467 0.142933 0.144567 0.146356 0.1483 0.150384 0.152607 0.154952 0.157419 0.159989 0.162661 0.165415 0.168251 0.171145 0.174099 0.177089 0.180115 0.183152 0.186202 0.189239 0.192265 0.195255 0.198209 0.201103 0.203939 0.206693 0.209365 0.211935 0.214402 0.216747 0.21897 0.221054 0.222998 0.224787 0.226421 0.227887 0.229186 0.230306 0.231248 0.232005 0.232577 0.232958 0.23315 0.23315 0.232958 0.232577 0.232005 0.231248 0.230306 0.229186 0.227887 0.226421 0.224787 0.222998 0.221054 0.21897 0.216747 0.214402 0.211935 0.209365 0.206693 0.203939 0.201103 0.198209 0.195255 0.192265 0.189239 0.186202 0.183152 0.180115 0.177089 0.174099 0.171145 0.168251 0.165415 0.162661 0.159989 0.157419 0.154952 0.152607 0.150384 0.1483 0.146356 0.144567 0.142933 0.141467 0.140168 0.139048 0.138106 0.137349 0.136777 0.136396 0.136204 
0.136586 0.136777 0.137161 0.137732 0.138493 0.139436 0.140563 0.141861 0.143335 0.14497 0.146768 0.148712 0.150807 0.153031 0.155389 0.157856 0.16044 0.163113 0.165882 0.168718 0.171628 0.174582 0.177588 0.180614 0.183669 0.186719 0.189773 0.192799 0.195805 0.198759 0.20167 0.204505 0.207274 0.209947 0.212531 0.214998 0.217356 0.21958 0.221675 0.223619 0.225418 0.227052 0.228526 0.229825 0.230951 0.231894 0.232655 0.233226 0.23361 0.233801 0.233801 0.23361 0.233226 0.232655 0.231894 0.230951 0.229825 0.228526 0.227052 0.225418 0.223619 0.221675 0.21958 0.217356 0.214998 0.212531 0.209947 0.207274 0.204505 0.20167 0.198759 0.195805 0.192799 0.189773 0.186719 0.183669 0.180614 0.177588 0.174582 0.171628 0.168718 0.165882 0.163113 0.16044 0.157856 0.155389 0.153031 0.150807 0.148712 0.146768 0.14497 0.143335 0.141861 0.140563 0.139436 0.138493 0.137732 0.137161 0.136777 0.136586 
0.137156 0.137349 0.137732 0.138309 0.13907 0.14002 0.141147 0.142456 0.14393 0.145578 0.147377 0.149337 0.151432 0.153674 0.156032 0.15852 0.161104 0.163799 0.166568 0.169427 0.172338 0.175317 0.178323 0.181374 0.184428 0.187504 0.190558 0.193609 0.196615 0.199594 0.202505 0.205364 0.208133 0.210828 0.213412 0.2159 0.218258 0.2205 0.222595 0.224555 0.226354 0.228002 0.229476 0.230785 0.231912 0.232862 0.233623 0.2342 0.234583 0.234776 0.234776 0.234583 0.2342 0.233623 0.232862 0.231912 0.230785 0.229476 0.228002 0.226354 0.224555 0.222595 0.2205 0.218258 0.2159 0.213412 0.210828 0.208133 0.205364 0.202505 0.199594 0.196615 0.193609 0.190558 0.187504 0.184428 0.181374 0.178323 0.175317 0.172338 0.169427 0.166568 0.163799 0.161104 0.15852 0.156032 0.153674 0.151432 0.149337 0.147377 0.145578 0.14393 0.142456 0.141147 0.14002 0.13907 0.138309 0.137732 0.137349 0.137156 
0.137913 0.138106 0.138493 0.13907 0.139839 0.140789 0.141929 0.143238 0.144729 0.146376 0.148195 0.150155 0.152273 0.154515 0.156899 0.159387 0.162 0.164695 0.167494 0.170354 0.173296 0.176275 0.179314 0.182365 0.185453 0.188529 0.191617 0.194668 0.197707 0.200686 0.203629 0.206488 0.209288 0.211982 0.214595 0.217083 0.219467 0.221709 0.223827 0.225787 0.227606 0.229254 0.230744 0.232054 0.233193 0.234143 0.234912 0.235489 0.235876 0.23607 0.23607 0.235876 0.235489 0.234912 0.234143 0.233193 0.232054 0.230744 0.229254 0.227606 0.225787 0.223827 0.221709 0.219467 0.217083 0.214595 0.211982 0.209288 0.206488 0.203629 0.200686 0.197707 0.194668 0.191617 0.188529 0.185453 0.182365 0.179314 0.176275 0.173296 0.170354 0.167494 0.164695 0.162 0.159387 0.156899 0.154515 0.152273 0.150155 0.148195 0.146376 0.144729 0.143238 0.141929 0.140789 0.139839 0.13907 0.138493 0.138106 0.137913 
0.138852 0.139048 0.139436 0.14002 0.140789 0.141753 0.142892 0.144219 0.14571 0.14738 0.149199 0.151186 0.153304 0.155576 0.15796 0.160482 0.163094 0.165826 0.168626 0.171524 0.174467 0.177486 0.180526 0.183618 0.186706 0.189823 0.192912 0.196004 0.199044 0.202063 0.205006 0.207904 0.210704 0.213435 0.216048 0.21857 0.220954 0.223226 0.225344 0.227331 0.22915 0.23082 0.232311 0.233638 0.234777 0.23574 0.23651 0.237094 0.237482 0.237677 0.237677 0.237482 0.237094 0.23651 0.23574 0.234777 0.233638 0.232311 0.23082 0.22915 0.227331 0.225344 0.223226 0.220954 0.21857 0.216048 0.213435 0.210704 0.207904 0.205006 0.202063 0.199044 0.196004 0.192912 0.189823 0.186706 0.183618 0.180526 0.177486 0.174467 0.171524 0.168626 0.165826 0.163094 0.160482 0.15796 0.155576 0.153304 0.151186 0.149199 0.14738 0.14571 0.144219 0.142892 0.141753 0.140789 0.14002 0.139436 0.139048 0.138852 
0.139973 0.140168 0.140563 0.141147 0.141929 0.142892 0.144049 0.145376 0.146891 0.148561 0.150409 0.152396 0.154549 0.156821 0.159244 0.161766 0.16442 0.167152 0.169997 0.172895 0.175885 0.178905 0.181993 0.185086 0.188224 0.191341 0.194479 0.197571 0.20066 0.203679 0.206669 0.209568 0.212413 0.215144 0.217799 0.220321 0.222743 0.225016 0.227168 0.229155 0.231003 0.232673 0.234188 0.235515 0.236673 0.237636 0.238418 0.239002 0.239396 0.239592 0.239592 0.239396 0.239002 0.238418 0.237636 0.236673 0.235515 0.234188 0.232673 0.231003 0.229155 0.227168 0.225016 0.222743 0.220321 0.217799 0.215144 0.212413 0.209568 0.206669 0.203679 0.20066 0.197571 0.194479 0.191341 0.188224 0.185086 0.181993 0.178905 0.175885 0.172895 0.169997 0.167152 0.16442 0.161766 0.159244 0.156821 0.154549 0.152396 0.150409 0.148561 0.146891 0.145376 0.144049 0.142892 0.141929 0.141147 0.140563 0.140168 0.139973 
0.141268 0.141467 0.141861 0.142456 0.143238 0.144219 0.145376 0.146728 0.148243 0.149944 0.151792 0.153816 0.155968 0.158283 0.160705 0.163274 0.165929 0.168711 0.171556 0.174508 0.177498 0.180573 0.183662 0.186812 0.18995 0.193125 0.196263 0.199413 0.202501 0.205576 0.208567 0.211519 0.214364 0.217146 0.2198 0.222369 0.224792 0.227106 0.229258 0.231282 0.23313 0.234832 0.236346 0.237698 0.238856 0.239837 0.240619 0.241213 0.241608 0.241807 0.241807 0.241608 0.241213 0.240619 0.239837 0.238856 0.237698 0.236346 0.234832 0.23313 0.231282 0.229258 0.227106 0.224792 0.222369 0.2198 0.217146 0.214364 0.211519 0.208567 0.205576 0.202501 0.199413 0.196263 0.193125 0.18995 0.186812 0.183662 0.180573 0.177498 0.174508 0.171556 0.168711 0.165929 0.163274 0.160705 0.158283 0.155968 0.153816 0.151792 0.149944 0.148243 0.146728 0.145376 0.144219 0.143238 0.142456 0.141861 0.141467 0.141268 
0.142734 0.142933 0.143335 0.14393 0.144729 0.14571 0.146891 0.148243 0.149789 0.15149 0.153377 0.155401 0.157598 0.159912 0.162385 0.164954 0.167664 0.170446 0.17335 0.176302 0.179354 0.18243 0.185582 0.188732 0.191936 0.195111 0.198314 0.201464 0.204616 0.207692 0.210744 0.213696 0.2166 0.219382 0.222092 0.224661 0.227134 0.229448 0.231645 0.233669 0.235556 0.237257 0.238803 0.240155 0.241336 0.242318 0.243116 0.243711 0.244113 0.244312 0.244312 0.244113 0.243711 0.243116 0.242318 0.241336 0.240155 0.238803 0.237257 0.235556 0.233669 0.231645 0.229448 0.227134 0.224661 0.222092 0.219382 0.2166 0.213696 0.210744 0.207692 0.204616 0.201464 0.198314 0.195111 0.191936 0.188732 0.185582 0.18243 0.179354 0.176302 0.17335 0.170446 0.167664 0.164954 0.162385 0.159912 0.157598 0.155401 0.153377 0.15149 0.149789 0.148243 0.146891 0.14571 0.144729 0.14393 0.143335 0.142933 0.142734 
0.144363 0.144567 0.14497 0.145578 0.146376 0.14738 0.148561 0.149944 0.15149 0.153231 0.155117 0.157187 0.159384 0.161752 0.164225 0.166852 0.169562 0.172408 0.175312 0.178332 0.181384 0.18453 0.187683 0.190905 0.194108 0.197356 0.200559 0.203781 0.206934 0.210079 0.213132 0.216151 0.219055 0.221901 0.224611 0.227239 0.229712 0.232079 0.234276 0.236346 0.238233 0.239973 0.241519 0.242902 0.244083 0.245087 0.245885 0.246494 0.246896 0.2471 0.2471 0.246896 0.246494 0.245885 0.245087 0.244083 0.242902 0.241519 0.239973 0.238233 0.236346 0.234276 0.232079 0.229712 0.227239 0.224611 0.221901 0.219055 0.216151 0.213132 0.210079 0.206934 0.203781 0.200559 0.197356 0.194108 0.190905 0.187683 0.18453 0.181384 0.178332 0.175312 0.172408 0.169562 0.166852 0.164225 0.161752 0.159384 0.157187 0.155117 0.153231 0.15149 0.149944 0.148561 0.14738 0.146376 0.145578 0.14497 0.144567 0.144363 
0.146152 0.146356 0.146768 0.147377 0.148195 0.149199 0.150409 0.151792 0.153377 0.155117 0.15705 0.159121 0.161372 0.16374 0.166274 0.168902 0.171679 0.174525 0.177501 0.180521 0.183649 0.186795 0.190026 0.193248 0.196531 0.199778 0.203061 0.206283 0.209514 0.21266 0.215788 0.218808 0.221784 0.22463 0.227407 0.230035 0.232569 0.234937 0.237188 0.239259 0.241192 0.242932 0.244517 0.2459 0.24711 0.248114 0.248932 0.249541 0.249953 0.250157 0.250157 0.249953 0.249541 0.248932 0.248114 0.24711 0.2459 0.244517 0.242932 0.241192 0.239259 0.237188 0.234937 0.232569 0.230035 0.227407 0.22463 0.221784 0.218808 0.215788 0.21266 0.209514 0.206283 0.203061 0.199778 0.196531 0.193248 0.190026 0.186795 0.183649 0.180521 0.177501 0.174525 0.171679 0.168902 0.166274 0.16374 0.161372 0.159121 0.15705 0.155117 0.153377 0.151792 0.150409 0.149199 0.148195 0.147377 0.146768 0.146356 0.146152 
0.148091 0.1483 0.148712 0.149337 0.150155 0.151186 0.152396 0.153816 0.155401 0.157187 0.159121 0.161246 0.163498 0.165928 0.168463 0.17116 0.173937 0.176859 0.179835 0.182935 0.186064 0.189293 0.192524 0.195832 0.199115 0.202449 0.205732 0.20904 0.212271 0.2155 0.218629 0.221729 0.224705 0.227627 0.230404 0.233101 0.235636 0.238066 0.240318 0.242443 0.244377 0.246163 0.247748 0.249167 0.250378 0.251409 0.252227 0.252851 0.253264 0.253473 0.253473 0.253264 0.252851 0.252227 0.251409 0.250378 0.249167 0.247748 0.246163 0.244377 0.242443 0.240318 0.238066 0.235636 0.233101 0.230404 0.227627 0.224705 0.221729 0.218629 0.2155 0.212271 0.20904 0.205732 0.202449 0.199115 0.195832 0.192524 0.189293 0.186064 0.182935 0.179835 0.176859 0.173937 0.17116 0.168463 0.165928 0.163498 0.161246 0.159121 0.157187 0.155401 0.153816 0.152396 0.151186 0.150155 0.149337 0.148712 0.1483 0.148091 
0.150174 0.150384 0.150807 0.151432 0.152273 0.153304 0.154549 0.155968 0.157598 0.159384 0.161372 0.163498 0.165813 0.168243 0.170849 0.173547 0.176402 0.179324 0.182385 0.185485 0.188701 0.191931 0.195253 0.198561 0.201937 0.205271 0.208646 0.211954 0.215277 0.218506 0.221723 0.224823 0.227883 0.230805 0.23366 0.236358 0.238964 0.241394 0.24371 0.245835 0.247823 0.24961 0.251239 0.252659 0.253904 0.254934 0.255775 0.2564 0.256824 0.257033 0.257033 0.256824 0.2564 0.255775 0.254934 0.253904 0.252659 0.251239 0.24961 0.247823 0.245835 0.24371 0.241394 0.238964 0.236358 0.23366 0.230805 0.227883 0.224823 0.221723 0.218506 0.215277 0.211954 0.208646 0.205271 0.201937 0.198561 0.195253 0.191931 0.188701 0.185485 0.182385 0.179324 0.176402 0.173547 0.170849 0.168243 0.165813 0.163498 0.161372 0.159384 0.157598 0.155968 0.154549 0.153304 0.152273 0.151432 0.150807 0.150384 0.150174 
0.152391 0.152607 0.153031 0.153674 0.154515 0.155576 0.156821 0.158283 0.159912 0.161752 0.16374 0.165928 0.168243 0.170746 0.173352 0.176129 0.178985 0.181994 0.185054 0.188246 0.191463 0.194788 0.19811 0.201516 0.204892 0.208325 0.211701 0.215107 0.218429 0.221754 0.224971 0.228163 0.231223 0.234232 0.237087 0.239865 0.242471 0.244974 0.247289 0.249477 0.251465 0.253305 0.254934 0.256396 0.257641 0.258702 0.259543 0.260186 0.26061 0.260826 0.260826 0.26061 0.260186 0.259543 0.258702 0.257641 0.256396 0.254934 0.253305 0.251465 0.249477 0.247289 0.244974 0.242471 0.239865 0.237087 0.234232 0.231223 0.228163 0.224971 0.221754 0.218429 0.215107 0.211701 0.208325 0.204892 0.201516 0.19811 0.194788 0.191463 0.188246 0.185054 0.181994 0.178985 0.176129 0.173352 0.170746 0.168243 0.165928 0.16374 0.161752 0.159912 0.158283 0.156821 0.155576 0.154515 0.153674 0.153031 0.152607 0.152391 
0.154736 0.154952 0.155389 0.156032 0.156899 0.15796 0.159244 0.160705 0.162385 0.164225 0.166274 0.168463 0.170849 0.173352 0.176039 0.178816 0.18176 0.184769 0.187923 0.191116 0.194432 0.197757 0.201182 0.204588 0.208068 0.211501 0.214981 0.218387 0.221812 0.225137 0.228453 0.231645 0.2348 0.237809 0.240753 0.24353 0.246217 0.24872 0.251106 0.253295 0.255344 0.257184 0.258864 0.260325 0.261609 0.26267 0.263537 0.26418 0.264617 0.264833 0.264833 0.264617 0.26418 0.263537 0.26267 0.261609 0.260325 0.258864 0.257184 0.255344 0.253295 0.251106 0.24872 0.246217 0.24353 0.240753 0.237809 0.2348 0.231645 0.228453 0.225137 0.221812 0.218387 0.214981 0.211501 0.208068 0.204588 0.201182 0.197757 0.194432 0.191116 0.187923 0.184769 0.18176 0.178816 0.176039 0.173352 0.170849 0.168463 0.166274 0.164225 0.162385 0.160705 0.159244 0.15796 0.156899 0.156032 0.155389 0.154952 0.154736 
0.157197 0.157419 0.157856 0.15852 0.159387 0.160482 0.161766 0.163274 0.164954 0.166852 0.168902 0.17116 0.173547 0.176129 0.178816 0.181682 0.184626 0.187731 0.190886 0.19418 0.197496 0.200928 0.204353 0.207868 0.211348 0.214891 0.218371 0.221886 0.225311 0.228742 0.232058 0.235353 0.238507 0.241612 0.244556 0.247422 0.250109 0.252692 0.255079 0.257337 0.259386 0.261285 0.262964 0.264473 0.265756 0.266851 0.267718 0.268382 0.268819 0.269042 0.269042 0.268819 0.268382 0.267718 0.266851 0.265756 0.264473 0.262964 0.261285 0.259386 0.257337 0.255079 0.252692 0.250109 0.247422 0.244556 0.241612 0.238507 0.235353 0.232058 0.228742 0.225311 0.221886 0.218371 0.214891 0.211348 0.207868 0.204353 0.200928 0.197496 0.19418 0.190886 0.187731 0.184626 0.181682 0.178816 0.176129 0.173547 0.17116 0.168902 0.166852 0.164954 0.163274 0.161766 0.160482 0.159387 0.15852 0.157856 0.157419 0.157197 
0.159766 0.159989 0.16044 0.161104 0.162 0.163094 0.16442 0.165929 0.167664 0.169562 0.171679 0.173937 0.176402 0.178985 0.18176 0.184626 0.187667 0.190772 0.19403 0.197325 0.20075 0.204181 0.207719 0.211234 0.214828 0.218371 0.221965 0.22548 0.229018 0.232449 0.235875 0.239169 0.242427 0.245532 0.248573 0.251439 0.254214 0.256797 0.259262 0.26152 0.263637 0.265535 0.26727 0.268779 0.270105 0.271199 0.272095 0.272759 0.27321 0.273433 0.273433 0.27321 0.272759 0.272095 0.271199 0.270105 0.268779 0.26727 0.265535 0.263637 0.26152 0.259262 0.256797 0.254214 0.251439 0.248573 0.245532 0.242427 0.239169 0.235875 0.232449 0.229018 0.22548 0.221965 0.218371 0.214828 0.211234 0.207719 0.204181 0.20075 0.197325 0.19403 0.190772 0.187667 0.184626 0.18176 0.178985 0.176402 0.173937 0.171679 0.169562 0.167664 0.165929 0.16442 0.163094 0.162 0.161104 0.16044 0.159989 0.159766 
0.162431 0.162661 0.163113 0.163799 0.164695 0.165826 0.167152 0.168711 0.170446 0.172408 0.174525 0.176859 0.179324 0.181994 0.184769 0.187731 0.190772 0.193981 0.197239 0.200644 0.204069 0.207616 0.211153 0.214786 0.218381 0.222043 0.225637 0.22927 0.232807 0.236354 0.239779 0.243184 0.246443 0.249652 0.252692 0.255655 0.25843 0.261099 0.263564 0.265898 0.268015 0.269977 0.271712 0.273272 0.274597 0.275729 0.276624 0.277311 0.277762 0.277992 0.277992 0.277762 0.277311 0.276624 0.275729 0.274597 0.273272 0.271712 0.269977 0.268015 0.265898 0.263564 0.261099 0.25843 0.255655 0.252692 0.249652 0.246443 0.243184 0.239779 0.236354 0.232807 0.22927 0.225637 0.222043 0.218381 0.214786 0.211153 0.207616 0.204069 0.200644 0.197239 0.193981 0.190772 0.187731 0.184769 0.181994 0.179324 0.176859 0.174525 0.172408 0.170446 0.168711 0.167152 0.165826 0.164695 0.163799 0.163113 0.162661 0.162431 
0.165185 0.165415 0.165882 0.166568 0.167494 0.168626 0.169997 0.171556 0.17335 0.175312 0.177501 0.179835 0.182385 0.185054 0.187923 0.190886 0.19403 0.197239 0.200609 0.204014 0.207556 0.211102 0.214761 0.218394 0.22211 0.225772 0.229489 0.233122 0.23678 0.240327 0.243869 0.247274 0.250643 0.253852 0.256997 0.259959 0.262829 0.265498 0.268047 0.270382 0.272571 0.274533 0.276327 0.277886 0.279257 0.280388 0.281315 0.282001 0.282468 0.282697 0.282697 0.282468 0.282001 0.281315 0.280388 0.279257 0.277886 0.276327 0.274533 0.272571 0.270382 0.268047 0.265498 0.262829 0.259959 0.256997 0.253852 0.250643 0.247274 0.243869 0.240327 0.23678 0.233122 0.229489 0.225772 0.22211 0.218394 0.214761 0.211102 0.207556 0.204014 0.200609 0.197239 0.19403 0.190886 0.187923 0.185054 0.182385 0.179835 0.177501 0.175312 0.17335 0.171556 0.169997 0.168626 0.167494 0.166568 0.165882 0.165415 0.165185 
0.168013 0.168251 0.168718 0.169427 0.170354 0.171524 0.172895 0.174508 0.176302 0.178332 0.180521 0.182935 0.185485 0.188246 0.191116 0.19418 0.197325 0.200644 0.204014 0.207536 0.211078 0.214747 0.218405 0.222163 0.22588 0.229668 0.233385 0.237143 0.240801 0.24447 0.248012 0.251534 0.254904 0.258223 0.261368 0.264432 0.267302 0.270063 0.272612 0.275027 0.277216 0.279246 0.28104 0.282653 0.284024 0.285194 0.28612 0.28683 0.287297 0.287535 0.287535 0.287297 0.28683 0.28612 0.285194 0.284024 0.282653 0.28104 0.279246 0.277216 0.275027 0.272612 0.270063 0.267302 0.264432 0.261368 0.258223 0.254904 0.251534 0.248012 0.24447 0.240801 0.237143 0.233385 0.229668 0.22588 0.222163 0.218405 0.214747 0.211078 0.207536 0.204014 0.200644 0.197325 0.19418 0.191116 0.188246 0.185485 0.182935 0.180521 0.178332 0.176302 0.174508 0.172895 0.171524 0.170354 0.169427 0.168718 0.168251 0.168013 
0.170907 0.171145 0.171628 0.172338 0.173296 0.174467 0.175885 0.177498 0.179354 0.181384 0.183649 0.186064 0.188701 0.191463 0.194432 0.197496 0.20075 0.204069 0.207556 0.211078 0.214742 0.218411 0.222196 0.225954 0.2298 0.233588 0.237434 0.241192 0.244977 0.248646 0.252311 0.255833 0.259319 0.262639 0.265892 0.268957 0.271926 0.274687 0.277325 0.279739 0.282004 0.284034 0.28589 0.287503 0.288921 0.290092 0.29105 0.29176 0.292243 0.292481 0.292481 0.292243 0.29176 0.29105 0.290092 0.288921 0.287503 0.28589 0.284034 0.282004 0.279739 0.277325 0.274687 0.271926 0.268957 0.265892 0.262639 0.259319 0.255833 0.252311 0.248646 0.244977 0.241192 0.237434 0.233588 0.2298 0.225954 0.222196 0.218411 0.214742 0.211078 0.207556 0.204069 0.20075 0.197496 0.194432 0.191463 0.188701 0.186064 0.183649 0.181384 0.179354 0.177498 0.175885 0.174467 0.173296 0.172338 0.171628 0.171145 0.170907 
0.173853 0.174099 0.174582 0.175317 0.176275 0.177486 0.178905 0.180573 0.18243 0.18453 0.186795 0.189293 0.191931 0.194788 0.197757 0.200928 0.204181 0.207616 0.211102 0.214747 0.218411 0.222208 0.225993 0.229881 0.233727 0.237646 0.241492 0.245381 0.249166 0.252962 0.256627 0.260271 0.263757 0.267192 0.270445 0.273616 0.276585 0.279443 0.28208 0.284579 0.286843 0.288944 0.2908 0.292469 0.293887 0.295098 0.296057 0.296791 0.297274 0.29752 0.29752 0.297274 0.296791 0.296057 0.295098 0.293887 0.292469 0.2908 0.288944 0.286843 0.284579 0.28208 0.279443 0.276585 0.273616 0.270445 0.267192 0.263757 0.260271 0.256627 0.252962 0.249166 0.245381 0.241492 0.237646 0.233727 0.229881 0.225993 0.222208 0.218411 0.214747 0.211102 0.207616 0.204181 0.200928 0.197757 0.194788 0.191931 0.189293 0.186795 0.18453 0.18243 0.180573 0.178905 0.177486 0.176275 0.175317 0.174582 0.174099 0.173853 
0.176843 0.177089 0.177588 0.178323 0.179314 0.180526 0.181993 0.183662 0.185582 0.187683 0.190026 0.192524 0.195253 0.19811 0.201182 0.204353 0.207719 0.211153 0.214761 0.218405 0.222196 0.225993 0.229909 0.233797 0.237776 0.241695 0.245674 0.249563 0.253479 0.257275 0.261066 0.264711 0.268318 0.271752 0.275118 0.278289 0.281361 0.284218 0.286947 0.289446 0.291789 0.293889 0.295809 0.297478 0.298946 0.300157 0.301148 0.301883 0.302382 0.302629 0.302629 0.302382 0.301883 0.301148 0.300157 0.298946 0.297478 0.295809 0.293889 0.291789 0.289446 0.286947 0.284218 0.281361 0.278289 0.275118 0.271752 0.268318 0.264711 0.261066 0.257275 0.253479 0.249563 0.245674 0.241695 0.237776 0.233797 0.229909 0.225993 0.222196 0.218405 0.214761 0.211153 0.207719 0.204353 0.201182 0.19811 0.195253 0.192524 0.190026 0.187683 0.185582 0.183662 0.181993 0.180526 0.179314 0.178323 0.177588 0.177089 0.176843 
0.17986 0.180115 0.180614 0.181374 0.182365 0.183618 0.185086 0.186812 0.188732 0.190905 0.193248 0.195832 0.198561 0.201516 0.204588 0.207868 0.211234 0.214786 0.218394 0.222163 0.225954 0.229881 0.233797 0.237819 0.241798 0.245852 0.249831 0.253853 0.257769 0.261696 0.265487 0.269257 0.272864 0.276416 0.279782 0.283062 0.286134 0.289089 0.291818 0.294402 0.296746 0.298918 0.300838 0.302565 0.304032 0.305285 0.306276 0.307036 0.307536 0.30779 0.30779 0.307536 0.307036 0.306276 0.305285 0.304032 0.302565 0.300838 0.298918 0.296746 0.294402 0.291818 0.289089 0.286134 0.283062 0.279782 0.276416 0.272864 0.269257 0.265487 0.261696 0.257769 0.253853 0.249831 0.245852 0.241798 0.237819 0.233797 0.229881 0.225954 0.222163 0.218394 0.214786 0.211234 0.207868 0.204588 0.201516 0.198561 0.195832 0.193248 0.190905 0.188732 0.186812 0.185086 0.183618 0.182365 0.181374 0.180614 0.180115 0.17986 
0.182898 0.183152 0.183669 0.184428 0.185453 0.186706 0.188224 0.18995 0.191936 0.194108 0.196531 0.199115 0.201937 0.204892 0.208068 0.211348 0.214828 0.218381 0.22211 0.22588 0.2298 0.233727 0.237776 0.241798 0.245912 0.249966 0.25408 0.258102 0.262151 0.266078 0.269998 0.273768 0.277497 0.28105 0.28453 0.28781 0.290986 0.293941 0.296763 0.299347 0.30177 0.303942 0.305928 0.307654 0.309172 0.310425 0.31145 0.312209 0.312726 0.31298 0.31298 0.312726 0.312209 0.31145 0.310425 0.309172 0.307654 0.305928 0.303942 0.30177 0.299347 0.296763 0.293941 0.290986 0.28781 0.28453 0.28105 0.277497 0.273768 0.269998 0.266078 0.262151 0.258102 0.25408 0.249966 0.245912 0.241798 0.237776 0.233727 0.2298 0.22588 0.22211 0.218381 0.214828 0.211348 0.208068 0.204892 0.201937 0.199115 0.196531 0.194108 0.191936 0.18995 0.188224 0.186706 0.185453 0.184428 0.183669 0.183152 0.182898 
0.185939 0.186202 0.186719 0.187504 0.188529 0.189823 0.191341 0.193125 0.195111 0.197356 0.199778 0.202449 0.205271 0.208325 0.211501 0.214891 0.218371 0.222043 0.225772 0.229668 0.233588 0.237646 0.241695 0.245852 0.249966 0.254156 0.25827 0.262427 0.266476 0.270534 0.274454 0.27835 0.282079 0.285751 0.289231 0.292621 0.295797 0.298851 0.301673 0.304344 0.306766 0.309011 0.310997 0.312781 0.314299 0.315593 0.316618 0.317403 0.31792 0.318183 0.318183 0.31792 0.317403 0.316618 0.315593 0.314299 0.312781 0.310997 0.309011 0.306766 0.304344 0.301673 0.298851 0.295797 0.292621 0.289231 0.285751 0.282079 0.27835 0.274454 0.270534 0.266476 0.262427 0.25827 0.254156 0.249966 0.245852 0.241695 0.237646 0.233588 0.229668 0.225772 0.222043 0.218371 0.214891 0.211501 0.208325 0.205271 0.202449 0.199778 0.197356 0.195111 0.193125 0.191341 0.189823 0.188529 0.187504 0.186719 0.186202 0.185939 
0.188976 0.189239 0.189773 0.190558 0.191617 0.192912 0.194479 0.196263 0.198314 0.200559 0.203061 0.205732 0.208646 0.211701 0.214981 0.218371 0.221965 0.225637 0.229489 0.233385 0.237434 0.241492 0.245674 0.249831 0.25408 0.25827 0.262519 0.266676 0.270858 0.274916 0.278965 0.282861 0.286713 0.290384 0.293979 0.297369 0.300649 0.303703 0.306618 0.309289 0.311791 0.314036 0.316087 0.317871 0.319438 0.320733 0.321792 0.322577 0.32311 0.323373 0.323373 0.32311 0.322577 0.321792 0.320733 0.319438 0.317871 0.316087 0.314036 0.311791 0.309289 0.306618 0.303703 0.300649 0.297369 0.293979 0.290384 0.286713 0.282861 0.278965 0.274916 0.270858 0.266676 0.262519 0.25827 0.25408 0.249831 0.245674 0.241492 0.237434 0.233385 0.229489 0.225637 0.221965 0.218371 0.214981 0.211701 0.208646 0.205732 0.203061 0.200559 0.198314 0.196263 0.194479 0.192912 0.191617 0.190558 0.189773 0.189239 0.188976 
0.191994 0.192265 0.192799 0.193609 0.194668 0.196004 0.197571 0.199413 0.201464 0.203781 0.206283 0.20904 0.211954 0.215107 0.218387 0.221886 0.22548 0.22927 0.233122 0.237143 0.241192 0.245381 0.249563 0.253853 0.258102 0.262427 0.266676 0.270966 0.275148 0.279337 0.283386 0.287407 0.291259 0.295048 0.298643 0.302142 0.305422 0.308575 0.311489 0.314245 0.316748 0.319065 0.321116 0.322957 0.324525 0.325861 0.32692 0.32773 0.328264 0.328535 0.328535 0.328264 0.32773 0.32692 0.325861 0.324525 0.322957 0.321116 0.319065 0.316748 0.314245 0.311489 0.308575 0.305422 0.302142 0.298643 0.295048 0.291259 0.287407 0.283386 0.279337 0.275148 0.270966 0.266676 0.262427 0.258102 0.253853 0.249563 0.245381 0.241192 0.237143 0.233122 0.22927 0.22548 0.221886 0.218387 0.215107 0.211954 0.20904 0.206283 0.203781 0.201464 0.199413 0.197571 0.196004 0.194668 0.193609 0.192799 0.192265 0.191994 
0.194983 0.195255 0.195805 0.196615 0.197707 0.199044 0.20066 0.202501 0.204616 0.206934 0.209514 0.212271 0.215277 0.218429 0.221812 0.225311 0.229018 0.232807 0.23678 0.240801 0.244977 0.249166 0.253479 0.257769 0.262151 0.266476 0.270858 0.275148 0.279461 0.28365 0.287826 0.291846 0.295819 0.299609 0.303316 0.306815 0.310198 0.31335 0.316356 0.319112 0.321693 0.32401 0.326126 0.327967 0.329583 0.33092 0.332011 0.332822 0.333372 0.333644 0.333644 0.333372 0.332822 0.332011 0.33092 0.329583 0.327967 0.326126 0.32401 0.321693 0.319112 0.316356 0.31335 0.310198 0.306815 0.303316 0.299609 0.295819 0.291846 0.287826 0.28365 0.279461 0.275148 0.270858 0.266476 0.262151 0.257769 0.253479 0.249166 0.244977 0.240801 0.23678 0.232807 0.229018 0.225311 0.221812 0.218429 0.215277 0.212271 0.209514 0.206934 0.204616 0.202501 0.20066 0.199044 0.197707 0.196615 0.195805 0.195255 0.194983 
0.197929 0.198209 0.198759 0.199594 0.200686 0.202063 0.203679 0.205576 0.207692 0.210079 0.21266 0.2155 0.218506 0.221754 0.225137 0.228742 0.232449 0.236354 0.240327 0.24447 0.248646 0.252962 0.257275 0.261696 0.266078 0.270534 0.274916 0.279337 0.28365 0.287966 0.292142 0.296285 0.300257 0.304162 0.307869 0.311474 0.314858 0.318106 0.321111 0.323952 0.326533 0.32892 0.331035 0.332933 0.334549 0.335926 0.337018 0.337853 0.338403 0.338683 0.338683 0.338403 0.337853 0.337018 0.335926 0.334549 0.332933 0.331035 0.32892 0.326533 0.323952 0.321111 0.318106 0.314858 0.311474 0.307869 0.304162 0.300257 0.296285 0.292142 0.287966 0.28365 0.279337 0.274916 0.270534 0.266078 0.261696 0.257275 0.252962 0.248646 0.24447 0.240327 0.236354 0.232449 0.228742 0.225137 0.221754 0.218506 0.2155 0.21266 0.210079 0.207692 0.205576 0.203679 0.202063 0.200686 0.199594 0.198759 0.198209 0.197929 
0.200823 0.201103 0.20167 0.202505 0.203629 0.205006 0.206669 0.208567 0.210744 0.213132 0.215788 0.218629 0.221723 0.224971 0.228453 0.232058 0.235875 0.239779 0.243869 0.248012 0.252311 0.256627 0.261066 0.265487 0.269998 0.274454 0.278965 0.283386 0.287826 0.292142 0.29644 0.300583 0.304673 0.308578 0.312394 0.315999 0.319481 0.32273 0.325824 0.328664 0.331321 0.333708 0.335886 0.337783 0.339447 0.340824 0.341948 0.342783 0.343349 0.343629 0.343629 0.343349 0.342783 0.341948 0.340824 0.339447 0.337783 0.335886 0.333708 0.331321 0.328664 0.325824 0.32273 0.319481 0.315999 0.312394 0.308578 0.304673 0.300583 0.29644 0.292142 0.287826 0.283386 0.278965 0.274454 0.269998 0.265487 0.261066 0.256627 0.252311 0.248012 0.243869 0.239779 0.235875 0.232058 0.228453 0.224971 0.221723 0.218629 0.215788 0.213132 0.210744 0.208567 0.206669 0.205006 0.203629 0.202505 0.20167 0.201103 0.200823 
0.203651 0.203939 0.204505 0.205364 0.206488 0.207904 0.209568 0.211519 0.213696 0.216151 0.218808 0.221729 0.224823 0.228163 0.231645 0.235353 0.239169 0.243184 0.247274 0.251534 0.255833 0.260271 0.264711 0.269257 0.273768 0.27835 0.282861 0.287407 0.291846 0.296285 0.300583 0.304844 0.308933 0.312949 0.316765 0.320472 0.323954 0.327295 0.330389 0.333309 0.335966 0.338421 0.340599 0.34255 0.344213 0.345629 0.346753 0.347612 0.348178 0.348466 0.348466 0.348178 0.347612 0.346753 0.345629 0.344213 0.34255 0.340599 0.338421 0.335966 0.333309 0.330389 0.327295 0.323954 0.320472 0.316765 0.312949 0.308933 0.304844 0.300583 0.296285 0.291846 0.287407 0.282861 0.27835 0.273768 0.269257 0.264711 0.260271 0.255833 0.251534 0.247274 0.243184 0.239169 0.235353 0.231645 0.228163 0.224823 0.221729 0.218808 0.216151 0.213696 0.211519 0.209568 0.207904 0.206488 0.205364 0.204505 0.203939 0.203651 
0.206405 0.206693 0.207274 0.208133 0.209288 0.210704 0.212413 0.214364 0.2166 0.219055 0.221784 0.224705 0.227883 0.231223 0.2348 0.238507 0.242427 0.246443 0.250643 0.254904 0.259319 0.263757 0.268318 0.272864 0.277497 0.282079 0.286713 0.291259 0.295819 0.300257 0.304673 0.308933 0.313134 0.317149 0.321069 0.324776 0.328353 0.331694 0.334872 0.337792 0.340521 0.342977 0.345213 0.347164 0.348873 0.350289 0.351444 0.352302 0.352884 0.353172 0.353172 0.352884 0.352302 0.351444 0.350289 0.348873 0.347164 0.345213 0.342977 0.340521 0.337792 0.334872 0.331694 0.328353 0.324776 0.321069 0.317149 0.313134 0.308933 0.304673 0.300257 0.295819 0.291259 0.286713 0.282079 0.277497 0.272864 0.268318 0.263757 0.259319 0.254904 0.250643 0.246443 0.242427 0.238507 0.2348 0.231223 0.227883 0.224705 0.221784 0.219055 0.2166 0.214364 0.212413 0.210704 0.209288 0.208133 0.207274 0.206693 0.206405 
0.20907 0.209365 0.209947 0.210828 0.211982 0.213435 0.215144 0.217146 0.219382 0.221901 0.22463 0.227627 0.230805 0.234232 0.237809 0.241612 0.245532 0.249652 0.253852 0.258223 0.262639 0.267192 0.271752 0.276416 0.28105 0.285751 0.290384 0.295048 0.299609 0.304162 0.308578 0.312949 0.317149 0.321269 0.325189 0.328992 0.332569 0.335996 0.339174 0.342171 0.3449 0.347419 0.349655 0.351657 0.353366 0.354818 0.355973 0.356854 0.357436 0.357731 0.357731 0.357436 0.356854 0.355973 0.354818 0.353366 0.351657 0.349655 0.347419 0.3449 0.342171 0.339174 0.335996 0.332569 0.328992 0.325189 0.321269 0.317149 0.312949 0.308578 0.304162 0.299609 0.295048 0.290384 0.285751 0.28105 0.276416 0.271752 0.267192 0.262639 0.258223 0.253852 0.249652 0.245532 0.241612 0.237809 0.234232 0.230805 0.227627 0.22463 0.221901 0.219382 0.217146 0.215144 0.213435 0.211982 0.210828 0.209947 0.209365 0.20907 
0.21164 0.211935 0.212531 0.213412 0.214595 0.216048 0.217799 0.2198 0.222092 0.224611 0.227407 0.230404 0.23366 0.237087 0.240753 0.244556 0.248573 0.252692 0.256997 0.261368 0.265892 0.270445 0.275118 0.279782 0.28453 0.289231 0.293979 0.298643 0.303316 0.307869 0.312394 0.316765 0.321069 0.325189 0.329205 0.333009 0.336674 0.340101 0.343358 0.346354 0.34915 0.351669 0.353961 0.355963 0.357714 0.359167 0.36035 0.36123 0.361827 0.362122 0.362122 0.361827 0.36123 0.36035 0.359167 0.357714 0.355963 0.353961 0.351669 0.34915 0.346354 0.343358 0.340101 0.336674 0.333009 0.329205 0.325189 0.321069 0.316765 0.312394 0.307869 0.303316 0.298643 0.293979 0.289231 0.28453 0.279782 0.275118 0.270445 0.265892 0.261368 0.256997 0.252692 0.248573 0.244556 0.240753 0.237087 0.23366 0.230404 0.227407 0.224611 0.222092 0.2198 0.217799 0.216048 0.214595 0.213412 0.212531 0.211935 0.21164 
0.2141 0.214402 0.214998 0.2159 0.217083 0.21857 0.220321 0.222369 0.224661 0.227239 0.230035 0.233101 0.236358 0.239865 0.24353 0.247422 0.251439 0.255655 0.259959 0.264432 0.268957 0.273616 0.278289 0.283062 0.28781 0.292621 0.297369 0.302142 0.306815 0.311474 0.315999 0.320472 0.324776 0.328992 0.333009 0.336901 0.340566 0.344073 0.34733 0.350396 0.353192 0.35577 0.358062 0.36011 0.361862 0.363348 0.364531 0.365433 0.366029 0.366331 0.366331 0.366029 0.365433 0.364531 0.363348 0.361862 0.36011 0.358062 0.35577 0.353192 0.350396 0.34733 0.344073 0.340566 0.336901 0.333009 0.328992 0.324776 0.320472 0.315999 0.311474 0.306815 0.302142 0.297369 0.292621 0.28781 0.283062 0.278289 0.273616 0.268957 0.264432 0.259959 0.255655 0.251439 0.247422 0.24353 0.239865 0.236358 0.233101 0.230035 0.227239 0.224661 0.222369 0.220321 0.21857 0.217083 0.2159 0.214998 0.214402 0.2141 
0.216445 0.216747 0.217356 0.218258 0.219467 0.220954 0.222743 0.224792 0.227134 0.229712 0.232569 0.235636 0.238964 0.242471 0.246217 0.250109 0.254214 0.25843 0.262829 0.267302 0.271926 0.276585 0.281361 0.286134 0.290986 0.295797 0.300649 0.305422 0.310198 0.314858 0.319481 0.323954 0.328353 0.332569 0.336674 0.340566 0.344312 0.347819 0.351147 0.354214 0.357071 0.359649 0.361991 0.36404 0.365829 0.367316 0.368525 0.369427 0.370036 0.370338 0.370338 0.370036 0.369427 0.368525 0.367316 0.365829 0.36404 0.361991 0.359649 0.357071 0.354214 0.351147 0.347819 0.344312 0.340566 0.336674 0.332569 0.328353 0.323954 0.319481 0.314858 0.310198 0.305422 0.300649 0.295797 0.290986 0.286134 0.281361 0.276585 0.271926 0.267302 0.262829 0.25843 0.254214 0.250109 0.246217 0.242471 0.238964 0.235636 0.232569 0.229712 0.227134 0.224792 0.222743 0.220954 0.219467 0.218258 0.217356 0.216747 0.216445 
0.218662 0.21897 0.21958 0.2205 0.221709 0.223226 0.225016 0.227106 0.229448 0.232079 0.234937 0.238066 0.241394 0.244974 0.24872 0.252692 0.256797 0.261099 0.265498 0.270063 0.274687 0.279443 0.284218 0.289089 0.293941 0.298851 0.303703 0.308575 0.31335 0.318106 0.32273 0.327295 0.331694 0.335996 0.340101 0.344073 0.347819 0.351398 0.354726 0.357856 0.360714 0.363344 0.365687 0.367777 0.369567 0.371084 0.372293 0.373213 0.373822 0.374131 0.374131 0.373822 0.373213 0.372293 0.371084 0.369567 0.367777 0.365687 0.363344 0.360714 0.357856 0.354726 0.351398 0.347819 0.344073 0.340101 0.335996 0.331694 0.327295 0.32273 0.318106 0.31335 0.308575 0.303703 0.298851 0.293941 0.289089 0.284218 0.279443 0.274687 0.270063 0.265498 0.261099 0.256797 0.252692 0.24872 0.244974 0.241394 0.238066 0.234937 0.232079 0.229448 0.227106 0.225016 0.223226 0.221709 0.2205 0.21958 0.21897 0.218662 
0.220745 0.221054 0.221675 0.222595 0.223827 0.225344 0.227168 0.229258 0.231645 0.234276 0.237188 0.240318 0.24371 0.247289 0.251106 0.255079 0.259262 0.263564 0.268047 0.272612 0.277325 0.28208 0.286947 0.291818 0.296763 0.301673 0.306618 0.311489 0.316356 0.321111 0.325824 0.330389 0.334872 0.339174 0.343358 0.34733 0.351147 0.354726 0.358118 0.361248 0.36416 0.366791 0.369178 0.371268 0.373092 0.374609 0.375841 0.376761 0.377382 0.377691 0.377691 0.377382 0.376761 0.375841 0.374609 0.373092 0.371268 0.369178 0.366791 0.36416 0.361248 0.358118 0.354726 0.351147 0.34733 0.343358 0.339174 0.334872 0.330389 0.325824 0.321111 0.316356 0.311489 0.306618 0.301673 0.296763 0.291818 0.286947 0.28208 0.277325 0.272612 0.268047 0.263564 0.259262 0.255079 0.251106 0.247289 0.24371 0.240318 0.237188 0.234276 0.231645 0.229258 0.227168 0.225344 0.223827 0.222595 0.221675 0.221054 0.220745 
0.222684 0.222998 0.223619 0.224555 0.225787 0.227331 0.229155 0.231282 0.233669 0.236346 0.239259 0.242443 0.245835 0.249477 0.253295 0.257337 0.26152 0.265898 0.270382 0.275027 0.279739 0.284579 0.289446 0.294402 0.299347 0.304344 0.309289 0.314245 0.319112 0.323952 0.328664 0.333309 0.337792 0.342171 0.346354 0.350396 0.354214 0.357856 0.361248 0.364432 0.367345 0.370022 0.372409 0.374536 0.37636 0.377904 0.379136 0.380072 0.380693 0.381007 0.381007 0.380693 0.380072 0.379136 0.377904 0.37636 0.374536 0.372409 0.370022 0.367345 0.364432 0.361248 0.357856 0.354214 0.350396 0.346354 0.342171 0.337792 0.333309 0.328664 0.323952 0.319112 0.314245 0.309289 0.304344 0.299347 0.294402 0.289446 0.284579 0.279739 0.275027 0.270382 0.265898 0.26152 0.257337 0.253295 0.249477 0.245835 0.242443 0.239259 0.236346 0.233669 0.231282 0.229155 0.227331 0.225787 0.224555 0.223619 0.222998 0.222684 
0.224473 0.224787 0.225418 0.226354 0.227606 0.22915 0.231003 0.23313 0.235556 0.238233 0.241192 0.244377 0.247823 0.251465 0.255344 0.259386 0.263637 0.268015 0.272571 0.277216 0.282004 0.286843 0.291789 0.296746 0.30177 0.306766 0.311791 0.316748 0.321693 0.326533 0.331321 0.335966 0.340521 0.3449 0.34915 0.353192 0.357071 0.360714 0.36416 0.367345 0.370304 0.372981 0.375406 0.377534 0.379387 0.380931 0.382183 0.383119 0.38375 0.384064 0.384064 0.38375 0.383119 0.382183 0.380931 0.379387 0.377534 0.375406 0.372981 0.370304 0.367345 0.36416 0.360714 0.357071 0.353192 0.34915 0.3449 0.340521 0.335966 0.331321 0.326533 0.321693 0.316748 0.311791 0.306766 0.30177 0.296746 0.291789 0.286843 0.282004 0.277216 0.272571 0.268015 0.263637 0.259386 0.255344 0.251465 0.247823 0.244377 0.241192 0.238233 0.235556 0.23313 0.231003 0.22915 0.227606 0.226354 0.225418 0.224787 0.224473 
0.226103 0.226421 0.227052 0.228002 0.229254 0.23082 0.232673 0.234832 0.237257 0.239973 0.242932 0.246163 0.24961 0.253305 0.257184 0.261285 0.265535 0.269977 0.274533 0.279246 0.284034 0.288944 0.293889 0.298918 0.303942 0.309011 0.314036 0.319065 0.32401 0.32892 0.333708 0.338421 0.342977 0.347419 0.351669 0.35577 0.359649 0.363344 0.366791 0.370022 0.372981 0.375697 0.378122 0.380281 0.382134 0.3837 0.384952 0.385902 0.386533 0.386851 0.386851 0.386533 0.385902 0.384952 0.3837 0.382134 0.380281 0.378122 0.375697 0.372981 0.370022 0.366791 0.363344 0.359649 0.35577 0.351669 0.347419 0.342977 0.338421 0.333708 0.32892 0.32401 0.319065 0.314036 0.309011 0.303942 0.298918 0.293889 0.288944 0.284034 0.279246 0.274533 0.269977 0.265535 0.261285 0.257184 0.253305 0.24961 0.246163 0.242932 0.239973 0.237257 0.234832 0.232673 0.23082 0.229254 0.228002 0.227052 0.226421 0.226103 
0.227569 0.227887 0.228526 0.229476 0.230744 0.232311 0.234188 0.236346 0.238803 0.241519 0.244517 0.247748 0.251239 0.254934 0.258864 0.262964 0.26727 0.271712 0.276327 0.28104 0.28589 0.2908 0.295809 0.300838 0.305928 0.310997 0.316087 0.321116 0.326126 0.331035 0.335886 0.340599 0.345213 0.349655 0.353961 0.358062 0.361991 0.365687 0.369178 0.372409 0.375406 0.378122 0.380579 0.382737 0.384615 0.386181 0.38745 0.388399 0.389039 0.389357 0.389357 0.389039 0.388399 0.38745 0.386181 0.384615 0.382737 0.380579 0.378122 0.375406 0.372409 0.369178 0.365687 0.361991 0.358062 0.353961 0.349655 0.345213 0.340599 0.335886 0.331035 0.326126 0.321116 0.316087 0.310997 0.305928 0.300838 0.295809 0.2908 0.28589 0.28104 0.276327 0.271712 0.26727 0.262964 0.258864 0.254934 0.251239 0.247748 0.244517 0.241519 0.238803 0.236346 0.234188 0.232311 0.230744 0.229476 0.228526 0.227887 0.227569 
0.228864 0.229186 0.229825 0.230785 0.232054 0.233638 0.235515 0.237698 0.240155 0.242902 0.2459 0.249167 0.252659 0.256396 0.260325 0.264473 0.268779 0.273272 0.277886 0.282653 0.287503 0.292469 0.297478 0.302565 0.307654 0.312781 0.317871 0.322957 0.327967 0.332933 0.337783 0.34255 0.347164 0.351657 0.355963 0.36011 0.36404 0.367777 0.371268 0.374536 0.377534 0.380281 0.382737 0.38492 0.386798 0.388382 0.38965 0.390611 0.39125 0.391572 0.391572 0.39125 0.390611 0.38965 0.388382 0.386798 0.38492 0.382737 0.380281 0.377534 0.374536 0.371268 0.367777 0.36404 0.36011 0.355963 0.351657 0.347164 0.34255 0.337783 0.332933 0.327967 0.322957 0.317871 0.312781 0.307654 0.302565 0.297478 0.292469 0.287503 0.282653 0.277886 0.273272 0.268779 0.264473 0.260325 0.256396 0.252659 0.249167 0.2459 0.242902 0.240155 0.237698 0.235515 0.233638 0.232054 0.230785 0.229825 0.229186 0.228864 
