0.169419 0.169563 0.16985 0.170278 0.170847 0.171554 0.172396 0.17337 0.174472 0.175697 0.177042 0.1785 0.180066 0.181733 0.183496 0.185346 0.187278 0.189282 0.191352 0.193478 0.195654 0.197869 0.200116 0.202385 0.204669 0.206956 0.209239 0.211508 0.213755 0.21597 0.218146 0.220272 0.222342 0.224347 0.226278 0.228128 0.229891 0.231558 0.233124 0.234582 0.235927 0.237152 0.238254 0.239228 0.24007 0.240777 0.241346 0.241775 0.242061 0.242205 0.242205 0.242061 0.241775 0.241346 0.240777 0.24007 0.239228 0.238254 0.237152 0.235927 0.234582 0.233124 0.231558 0.229891 0.228128 0.226278 0.224347 0.222342 0.220272 0.218146 0.21597 0.213755 0.211508 0.209239 0.206956 0.204669 0.202385 0.200116 0.197869 0.195654 0.193478 0.191352 0.189282 0.187278 0.185346 0.183496 0.181733 0.180066 0.1785 0.177042 0.175697 0.174472 0.17337 0.172396 0.171554 0.170847 0.170278 0.16985 0.169563 0.169419 
0.169563 0.169707 0.169993 0.170423 0.170992 0.1717 0.172542 0.173517 0.174619 0.175847 0.177192 0.178652 0.180218 0.181888 0.183651 0.185504 0.187436 0.189443 0.191513 0.193643 0.195819 0.198038 0.200285 0.202558 0.204841 0.207132 0.209415 0.211688 0.213935 0.216154 0.21833 0.22046 0.22253 0.224537 0.226469 0.228322 0.230085 0.231755 0.233321 0.234781 0.236126 0.237354 0.238456 0.239431 0.240273 0.240981 0.24155 0.24198 0.242266 0.24241 0.24241 0.242266 0.24198 0.24155 0.240981 0.240273 0.239431 0.238456 0.237354 0.236126 0.234781 0.233321 0.231755 0.230085 0.228322 0.226469 0.224537 0.22253 0.22046 0.21833 0.216154 0.213935 0.211688 0.209415 0.207132 0.204841 0.202558 0.200285 0.198038 0.195819 0.193643 0.191513 0.189443 0.187436 0.185504 0.183651 0.181888 0.180218 0.178652 0.177192 0.175847 0.174619 0.173517 0.172542 0.1717 0.170992 0.170423 0.169993 0.169707 0.169563 
0.16985 0.169993 0.170281 0.17071 0.171281 0.171989 0.172834 0.17381 0.174916 0.176143 0.177492 0.178952 0.180524 0.182194 0.183963 0.185816 0.187754 0.189762 0.191839 0.193969 0.196152 0.198371 0.200625 0.202898 0.205189 0.20748 0.209771 0.212044 0.214299 0.216517 0.218701 0.220831 0.222908 0.224915 0.226853 0.228707 0.230475 0.232145 0.233717 0.235177 0.236526 0.237754 0.23886 0.239835 0.24068 0.241388 0.241959 0.242388 0.242676 0.24282 0.24282 0.242676 0.242388 0.241959 0.241388 0.24068 0.239835 0.23886 0.237754 0.236526 0.235177 0.233717 0.232145 0.230475 0.228707 0.226853 0.224915 0.222908 0.220831 0.218701 0.216517 0.214299 0.212044 0.209771 0.20748 0.205189 0.202898 0.200625 0.198371 0.196152 0.193969 0.191839 0.189762 0.187754 0.185816 0.183963 0.182194 0.180524 0.178952 0.177492 0.176143 0.174916 0.17381 0.172834 0.171989 0.171281 0.17071 0.170281 0.169993 0.16985 
0.170278 0.170423 0.17071 0.171142 0.171713 0.172424 0.173269 0.17425 0.175355 0.176589 0.177938 0.179406 0.180977 0.182656 0.184424 0.186287 0.188225 0.190243 0.19232 0.194461 0.196644 0.198874 0.201129 0.203413 0.205704 0.208006 0.210297 0.212581 0.214836 0.217066 0.21925 0.22139 0.223467 0.225485 0.227423 0.229286 0.231054 0.232733 0.234304 0.235772 0.237121 0.238355 0.239461 0.240441 0.241286 0.241997 0.242568 0.243 0.243287 0.243432 0.243432 0.243287 0.243 0.242568 0.241997 0.241286 0.240441 0.239461 0.238355 0.237121 0.235772 0.234304 0.232733 0.231054 0.229286 0.227423 0.225485 0.223467 0.22139 0.21925 0.217066 0.214836 0.212581 0.210297 0.208006 0.205704 0.203413 0.201129 0.198874 0.196644 0.194461 0.19232 0.190243 0.188225 0.186287 0.184424 0.182656 0.180977 0.179406 0.177938 0.176589 0.175355 0.17425 0.173269 0.172424 0.171713 0.171142 0.17071 0.170423 0.170278 
0.170847 0.170992 0.171281 0.171713 0.172287 0.172999 0.17385 0.17483 0.175943 0.177177 0.178535 0.180003 0.181585 0.183263 0.185043 0.186906 0.188857 0.190875 0.192966 0.195106 0.197304 0.199534 0.201804 0.204088 0.206395 0.208697 0.211003 0.213287 0.215557 0.217787 0.219985 0.222126 0.224217 0.226234 0.228185 0.230048 0.231829 0.233507 0.235089 0.236556 0.237915 0.239148 0.240262 0.241242 0.242093 0.242804 0.243379 0.24381 0.2441 0.244244 0.244244 0.2441 0.24381 0.243379 0.242804 0.242093 0.241242 0.240262 0.239148 0.237915 0.236556 0.235089 0.233507 0.231829 0.230048 0.228185 0.226234 0.224217 0.222126 0.219985 0.217787 0.215557 0.213287 0.211003 0.208697 0.206395 0.204088 0.201804 0.199534 0.197304 0.195106 0.192966 0.190875 0.188857 0.186906 0.185043 0.183263 0.181585 0.180003 0.178535 0.177177 0.175943 0.17483 0.17385 0.172999 0.172287 0.171713 0.171281 0.170992 0.170847 
0.171554 0.1717 0.171989 0.172424 0.172999 0.173716 0.174567 0.175555 0.176669 0.177912 0.179271 0.18075 0.182332 0.184024 0.185805 0.187683 0.189634 0.191668 0.193759 0.195918 0.198116 0.200364 0.202634 0.204937 0.207243 0.209565 0.211871 0.214174 0.216444 0.218692 0.22089 0.223048 0.225139 0.227174 0.229125 0.231003 0.232783 0.234476 0.236057 0.237537 0.238895 0.240139 0.241253 0.242241 0.243092 0.243809 0.244384 0.244819 0.245108 0.245254 0.245254 0.245108 0.244819 0.244384 0.243809 0.243092 0.242241 0.241253 0.240139 0.238895 0.237537 0.236057 0.234476 0.232783 0.231003 0.229125 0.227174 0.225139 0.223048 0.22089 0.218692 0.216444 0.214174 0.211871 0.209565 0.207243 0.204937 0.202634 0.200364 0.198116 0.195918 0.193759 0.191668 0.189634 0.187683 0.185805 0.184024 0.182332 0.18075 0.179271 0.177912 0.176669 0.175555 0.174567 0.173716 0.172999 0.172424 0.171989 0.1717 0.171554 
0.172396 0.172542 0.172834 0.173269 0.17385 0.174567 0.175426 0.176414 0.177539 0.178782 0.180154 0.181634 0.183231 0.184923 0.186721 0.188599 0.19057 0.192604 0.194715 0.196874 0.199093 0.201341 0.203634 0.205937 0.208266 0.210587 0.212916 0.215219 0.217511 0.21976 0.221979 0.224137 0.226249 0.228283 0.230253 0.232131 0.233929 0.235622 0.237219 0.238699 0.24007 0.241314 0.242438 0.243427 0.244286 0.245003 0.245583 0.246018 0.246311 0.246457 0.246457 0.246311 0.246018 0.245583 0.245003 0.244286 0.243427 0.242438 0.241314 0.24007 0.238699 0.237219 0.235622 0.233929 0.232131 0.230253 0.228283 0.226249 0.224137 0.221979 0.21976 0.217511 0.215219 0.212916 0.210587 0.208266 0.205937 0.203634 0.201341 0.199093 0.196874 0.194715 0.192604 0.19057 0.188599 0.186721 0.184923 0.183231 0.181634 0.180154 0.178782 0.177539 0.176414 0.175426 0.174567 0.17385 0.173269 0.172834 0.172542 0.172396 
0.17337 0.173517 0.17381 0.17425 0.17483 0.175555 0.176414 0.177414 0.178538 0.179796 0.181168 0.182664 0.184261 0.185973 0.187771 0.18967 0.19164 0.193697 0.195809 0.197992 0.200211 0.202485 0.204777 0.207106 0.209435 0.211783 0.214112 0.216441 0.218733 0.221007 0.223226 0.225409 0.22752 0.229577 0.231548 0.233447 0.235245 0.236956 0.238554 0.24005 0.241422 0.24268 0.243804 0.244803 0.245662 0.246388 0.246968 0.247408 0.247701 0.247848 0.247848 0.247701 0.247408 0.246968 0.246388 0.245662 0.244803 0.243804 0.24268 0.241422 0.24005 0.238554 0.236956 0.235245 0.233447 0.231548 0.229577 0.22752 0.225409 0.223226 0.221007 0.218733 0.216441 0.214112 0.211783 0.209435 0.207106 0.204777 0.202485 0.200211 0.197992 0.195809 0.193697 0.19164 0.18967 0.187771 0.185973 0.184261 0.182664 0.181168 0.179796 0.178538 0.177414 0.176414 0.175555 0.17483 0.17425 0.17381 0.173517 0.17337 
0.174472 0.174619 0.174916 0.175355 0.175943 0.176669 0.177539 0.178538 0.179677 0.180934 0.182324 0.18382 0.185438 0.187149 0.18897 0.190869 0.192864 0.194922 0.19706 0.199243 0.20149 0.203764 0.206085 0.208414 0.210773 0.213121 0.215479 0.217808 0.22013 0.222403 0.224651 0.226834 0.228972 0.231029 0.233025 0.234924 0.236745 0.238456 0.240074 0.24157 0.242959 0.244217 0.245356 0.246355 0.247225 0.247951 0.248538 0.248978 0.249274 0.249422 0.249422 0.249274 0.248978 0.248538 0.247951 0.247225 0.246355 0.245356 0.244217 0.242959 0.24157 0.240074 0.238456 0.236745 0.234924 0.233025 0.231029 0.228972 0.226834 0.224651 0.222403 0.22013 0.217808 0.215479 0.213121 0.210773 0.208414 0.206085 0.203764 0.20149 0.199243 0.19706 0.194922 0.192864 0.190869 0.18897 0.187149 0.185438 0.18382 0.182324 0.180934 0.179677 0.178538 0.177539 0.176669 0.175943 0.175355 0.174916 0.174619 0.174472 
0.175697 0.175847 0.176143 0.176589 0.177177 0.177912 0.178782 0.179796 0.180934 0.18221 0.183599 0.185117 0.186734 0.18847 0.190291 0.192216 0.194212 0.196298 0.198436 0.20065 0.202897 0.205203 0.207524 0.209886 0.212245 0.214625 0.216984 0.219346 0.221667 0.223973 0.22622 0.228434 0.230572 0.232658 0.234654 0.236579 0.2384 0.240136 0.241753 0.243271 0.24466 0.245936 0.247074 0.248088 0.248958 0.249693 0.250281 0.250727 0.251023 0.251173 0.251173 0.251023 0.250727 0.250281 0.249693 0.248958 0.248088 0.247074 0.245936 0.24466 0.243271 0.241753 0.240136 0.2384 0.236579 0.234654 0.232658 0.230572 0.228434 0.22622 0.223973 0.221667 0.219346 0.216984 0.214625 0.212245 0.209886 0.207524 0.205203 0.202897 0.20065 0.198436 0.196298 0.194212 0.192216 0.190291 0.18847 0.186734 0.185117 0.183599 0.18221 0.180934 0.179796 0.178782 0.177912 0.177177 0.176589 0.176143 0.175847 0.175697 
0.177042 0.177192 0.177492 0.177938 0.178535 0.179271 0.180154 0.181168 0.182324 0.183599 0.185009 0.186527 0.188169 0.189905 0.191754 0.193679 0.195705 0.197792 0.199963 0.202176 0.204458 0.206764 0.209121 0.211482 0.213877 0.216258 0.218652 0.221014 0.223371 0.225677 0.227959 0.230172 0.232343 0.23443 0.236455 0.238381 0.24023 0.241966 0.243608 0.245125 0.246536 0.247811 0.248967 0.249981 0.250864 0.2516 0.252197 0.252643 0.252943 0.253093 0.253093 0.252943 0.252643 0.252197 0.2516 0.250864 0.249981 0.248967 0.247811 0.246536 0.245125 0.243608 0.241966 0.24023 0.238381 0.236455 0.23443 0.232343 0.230172 0.227959 0.225677 0.223371 0.221014 0.218652 0.216258 0.213877 0.211482 0.209121 0.206764 0.204458 0.202176 0.199963 0.197792 0.195705 0.193679 0.191754 0.189905 0.188169 0.186527 0.185009 0.183599 0.182324 0.181168 0.180154 0.179271 0.178535 0.177938 0.177492 0.177192 0.177042 
0.1785 0.178652 0.178952 0.179406 0.180003 0.18075 0.181634 0.182664 0.18382 0.185117 0.186527 0.188069 0.189712 0.191476 0.193325 0.195282 0.197308 0.199429 0.2016 0.20385 0.206132 0.208476 0.210832 0.213233 0.215628 0.218048 0.220442 0.222843 0.2252 0.227544 0.229826 0.232076 0.234247 0.236367 0.238393 0.240351 0.2422 0.243964 0.245606 0.247149 0.248559 0.249856 0.251012 0.252042 0.252925 0.253673 0.25427 0.254723 0.255024 0.255176 0.255176 0.255024 0.254723 0.25427 0.253673 0.252925 0.252042 0.251012 0.249856 0.248559 0.247149 0.245606 0.243964 0.2422 0.240351 0.238393 0.236367 0.234247 0.232076 0.229826 0.227544 0.2252 0.222843 0.220442 0.218048 0.215628 0.213233 0.210832 0.208476 0.206132 0.20385 0.2016 0.199429 0.197308 0.195282 0.193325 0.191476 0.189712 0.188069 0.186527 0.185117 0.18382 0.182664 0.181634 0.18075 0.180003 0.179406 0.178952 0.178652 0.1785 
0.180066 0.180218 0.180524 0.180977 0.181585 0.182332 0.183231 0.184261 0.185438 0.186734 0.188169 0.189712 0.191383 0.193147 0.195029 0.196986 0.199048 0.201168 0.203377 0.205627 0.207949 0.210293 0.212692 0.215092 0.217529 0.219949 0.222386 0.224786 0.227185 0.229529 0.231851 0.234101 0.23631 0.23843 0.240492 0.24245 0.244331 0.246095 0.247766 0.249309 0.250744 0.25204 0.253217 0.254247 0.255146 0.255893 0.256501 0.256954 0.25726 0.257412 0.257412 0.25726 0.256954 0.256501 0.255893 0.255146 0.254247 0.253217 0.25204 0.250744 0.249309 0.247766 0.246095 0.244331 0.24245 0.240492 0.23843 0.23631 0.234101 0.231851 0.229529 0.227185 0.224786 0.222386 0.219949 0.217529 0.215092 0.212692 0.210293 0.207949 0.205627 0.203377 0.201168 0.199048 0.196986 0.195029 0.193147 0.191383 0.189712 0.188169 0.186734 0.185438 0.184261 0.183231 0.182332 0.181585 0.180977 0.180524 0.180218 0.180066 
0.181733 0.181888 0.182194 0.182656 0.183263 0.184024 0.184923 0.185973 0.187149 0.18847 0.189905 0.191476 0.193147 0.194944 0.196825 0.198819 0.200881 0.203041 0.20525 0.207541 0.209864 0.212251 0.214649 0.217094 0.219531 0.221996 0.224433 0.226878 0.229276 0.231664 0.233986 0.236277 0.238487 0.240646 0.242708 0.244702 0.246583 0.24838 0.250051 0.251622 0.253058 0.254378 0.255554 0.256604 0.257503 0.258264 0.258872 0.259333 0.259639 0.259794 0.259794 0.259639 0.259333 0.258872 0.258264 0.257503 0.256604 0.255554 0.254378 0.253058 0.251622 0.250051 0.24838 0.246583 0.244702 0.242708 0.240646 0.238487 0.236277 0.233986 0.231664 0.229276 0.226878 0.224433 0.221996 0.219531 0.217094 0.214649 0.212251 0.209864 0.207541 0.20525 0.203041 0.200881 0.198819 0.196825 0.194944 0.193147 0.191476 0.189905 0.18847 0.187149 0.185973 0.184923 0.184024 0.183263 0.182656 0.182194 0.181888 0.181733 
0.183496 0.183651 0.183963 0.184424 0.185043 0.185805 0.186721 0.187771 0.18897 0.190291 0.191754 0.193325 0.195029 0.196825 0.198743 0.200737 0.202839 0.204998 0.207251 0.209542 0.21191 0.214297 0.216742 0.219187 0.221671 0.224136 0.22662 0.229065 0.23151 0.233898 0.236265 0.238556 0.240809 0.242968 0.24507 0.247064 0.248982 0.250779 0.252482 0.254054 0.255517 0.256837 0.258036 0.259086 0.260002 0.260764 0.261383 0.261845 0.262156 0.262311 0.262311 0.262156 0.261845 0.261383 0.260764 0.260002 0.259086 0.258036 0.256837 0.255517 0.254054 0.252482 0.250779 0.248982 0.247064 0.24507 0.242968 0.240809 0.238556 0.236265 0.233898 0.23151 0.229065 0.22662 0.224136 0.221671 0.219187 0.216742 0.214297 0.21191 0.209542 0.207251 0.204998 0.202839 0.200737 0.198743 0.196825 0.195029 0.193325 0.191754 0.190291 0.18897 0.187771 0.186721 0.185805 0.185043 0.184424 0.183963 0.183651 0.183496 
0.185346 0.185504 0.185816 0.186287 0.186906 0.187683 0.188599 0.18967 0.190869 0.192216 0.193679 0.195282 0.196986 0.198819 0.200737 0.202771 0.204873 0.207076 0.209329 0.211667 0.214034 0.216469 0.218914 0.221409 0.223893 0.226408 0.228892 0.231387 0.233832 0.236267 0.238634 0.240972 0.243224 0.245428 0.24753 0.249564 0.251482 0.253315 0.255019 0.256621 0.258084 0.259432 0.260631 0.261702 0.262618 0.263395 0.264014 0.264485 0.264797 0.264955 0.264955 0.264797 0.264485 0.264014 0.263395 0.262618 0.261702 0.260631 0.259432 0.258084 0.256621 0.255019 0.253315 0.251482 0.249564 0.24753 0.245428 0.243224 0.240972 0.238634 0.236267 0.233832 0.231387 0.228892 0.226408 0.223893 0.221409 0.218914 0.216469 0.214034 0.211667 0.209329 0.207076 0.204873 0.202771 0.200737 0.198819 0.196986 0.195282 0.193679 0.192216 0.190869 0.18967 0.188599 0.187683 0.186906 0.186287 0.185816 0.185504 0.185346 
0.187278 0.187436 0.187754 0.188225 0.188857 0.189634 0.19057 0.19164 0.192864 0.194212 0.195705 0.197308 0.199048 0.200881 0.202839 0.204873 0.207018 0.209222 0.211521 0.213859 0.216276 0.218711 0.221207 0.223702 0.226238 0.228753 0.231289 0.233783 0.23628 0.238715 0.241132 0.24347 0.245769 0.247972 0.250118 0.252152 0.25411 0.255943 0.257683 0.259285 0.260779 0.262126 0.263351 0.264421 0.265357 0.266134 0.266766 0.267237 0.267555 0.267713 0.267713 0.267555 0.267237 0.266766 0.266134 0.265357 0.264421 0.263351 0.262126 0.260779 0.259285 0.257683 0.255943 0.25411 0.252152 0.250118 0.247972 0.245769 0.24347 0.241132 0.238715 0.23628 0.233783 0.231289 0.228753 0.226238 0.223702 0.221207 0.218711 0.216276 0.213859 0.211521 0.209222 0.207018 0.204873 0.202839 0.200881 0.199048 0.197308 0.195705 0.194212 0.192864 0.19164 0.19057 0.189634 0.188857 0.188225 0.187754 0.187436 0.187278 
0.189282 0.189443 0.189762 0.190243 0.190875 0.191668 0.192604 0.193697 0.194922 0.196298 0.197792 0.199429 0.201168 0.203041 0.204998 0.207076 0.209222 0.211473 0.213772 0.21616 0.218577 0.221065 0.223561 0.226109 0.228645 0.231213 0.23375 0.236298 0.238794 0.241282 0.243698 0.246086 0.248386 0.250636 0.252782 0.25486 0.256818 0.25869 0.26043 0.262067 0.263561 0.264937 0.266161 0.267255 0.26819 0.268984 0.269616 0.270097 0.270415 0.270577 0.270577 0.270415 0.270097 0.269616 0.268984 0.26819 0.267255 0.266161 0.264937 0.263561 0.262067 0.26043 0.25869 0.256818 0.25486 0.252782 0.250636 0.248386 0.246086 0.243698 0.241282 0.238794 0.236298 0.23375 0.231213 0.228645 0.226109 0.223561 0.221065 0.218577 0.21616 0.213772 0.211473 0.209222 0.207076 0.204998 0.203041 0.201168 0.199429 0.197792 0.196298 0.194922 0.193697 0.192604 0.191668 0.190875 0.190243 0.189762 0.189443 0.189282 
0.191352 0.191513 0.191839 0.19232 0.192966 0.193759 0.194715 0.195809 0.19706 0.198436 0.199963 0.2016 0.203377 0.20525 0.207251 0.209329 0.211521 0.213772 0.216122 0.21851 0.220979 0.223467 0.226018 0.228566 0.231158 0.233726 0.236318 0.238866 0.241417 0.243905 0.246375 0.248763 0.251112 0.253363 0.255556 0.257634 0.259635 0.261507 0.263285 0.264922 0.266448 0.267824 0.269075 0.270169 0.271125 0.271919 0.272565 0.273046 0.273371 0.273533 0.273533 0.273371 0.273046 0.272565 0.271919 0.271125 0.270169 0.269075 0.267824 0.266448 0.264922 0.263285 0.261507 0.259635 0.257634 0.255556 0.253363 0.251112 0.248763 0.246375 0.243905 0.241417 0.238866 0.236318 0.233726 0.231158 0.228566 0.226018 0.223467 0.220979 0.21851 0.216122 0.213772 0.211521 0.209329 0.207251 0.20525 0.203377 0.2016 0.199963 0.198436 0.19706 0.195809 0.194715 0.193759 0.192966 0.19232 0.191839 0.191513 0.191352 
0.193478 0.193643 0.193969 0.194461 0.195106 0.195918 0.196874 0.197992 0.199243 0.20065 0.202176 0.20385 0.205627 0.207541 0.209542 0.211667 0.213859 0.21616 0.21851 0.220951 0.223421 0.225964 0.228515 0.23112 0.233712 0.236337 0.238929 0.241534 0.244085 0.246628 0.249098 0.251539 0.253889 0.25619 0.258382 0.260507 0.262508 0.264422 0.266199 0.267873 0.269399 0.270806 0.272057 0.273175 0.274131 0.274943 0.275588 0.27608 0.276406 0.276571 0.276571 0.276406 0.27608 0.275588 0.274943 0.274131 0.273175 0.272057 0.270806 0.269399 0.267873 0.266199 0.264422 0.262508 0.260507 0.258382 0.25619 0.253889 0.251539 0.249098 0.246628 0.244085 0.241534 0.238929 0.236337 0.233712 0.23112 0.228515 0.225964 0.223421 0.220951 0.21851 0.21616 0.213859 0.211667 0.209542 0.207541 0.205627 0.20385 0.202176 0.20065 0.199243 0.197992 0.196874 0.195918 0.195106 0.194461 0.193969 0.193643 0.193478 
0.195654 0.195819 0.196152 0.196644 0.197304 0.198116 0.199093 0.200211 0.20149 0.202897 0.204458 0.206132 0.207949 0.209864 0.21191 0.214034 0.216276 0.218577 0.220979 0.223421 0.225946 0.228489 0.231098 0.233703 0.236353 0.238979 0.241629 0.244234 0.246842 0.249386 0.251911 0.254352 0.256755 0.259056 0.261298 0.263422 0.265468 0.267382 0.2692 0.270874 0.272435 0.273842 0.275121 0.276239 0.277216 0.278028 0.278688 0.27918 0.279513 0.279678 0.279678 0.279513 0.27918 0.278688 0.278028 0.277216 0.276239 0.275121 0.273842 0.272435 0.270874 0.2692 0.267382 0.265468 0.263422 0.261298 0.259056 0.256755 0.254352 0.251911 0.249386 0.246842 0.244234 0.241629 0.238979 0.236353 0.233703 0.231098 0.228489 0.225946 0.223421 0.220979 0.218577 0.216276 0.214034 0.21191 0.209864 0.207949 0.206132 0.204458 0.202897 0.20149 0.200211 0.199093 0.198116 0.197304 0.196644 0.196152 0.195819 0.195654 
0.197869 0.198038 0.198371 0.198874 0.199534 0.200364 0.201341 0.202485 0.203764 0.205203 0.206764 0.208476 0.210293 0.212251 0.214297 0.216469 0.218711 0.221065 0.223467 0.225964 0.228489 0.231091 0.233699 0.236363 0.239013 0.241699 0.244349 0.247013 0.249621 0.252222 0.254748 0.257245 0.259647 0.262001 0.264243 0.266415 0.268461 0.270419 0.272236 0.273948 0.275509 0.276948 0.278227 0.27937 0.280348 0.281178 0.281838 0.282341 0.282674 0.282843 0.282843 0.282674 0.282341 0.281838 0.281178 0.280348 0.27937 0.278227 0.276948 0.275509 0.273948 0.272236 0.270419 0.268461 0.266415 0.264243 0.262001 0.259647 0.257245 0.254748 0.252222 0.249621 0.247013 0.244349 0.241699 0.239013 0.236363 0.233699 0.231091 0.228489 0.225964 0.223467 0.221065 0.218711 0.216469 0.214297 0.212251 0.210293 0.208476 0.206764 0.205203 0.203764 0.202485 0.201341 0.200364 0.199534 0.198874 0.198371 0.198038 0.197869 
0.200116 0.200285 0.200625 0.201129 0.201804 0.202634 0.203634 0.204777 0.206085 0.207524 0.209121 0.210832 0.212692 0.214649 0.216742 0.218914 0.221207 0.223561 0.226018 0.228515 0.231098 0.233699 0.236367 0.239031 0.241741 0.244427 0.247137 0.249802 0.252469 0.25507 0.257653 0.26015 0.262607 0.264961 0.267254 0.269426 0.271519 0.273477 0.275336 0.277047 0.278644 0.280083 0.281391 0.282534 0.283534 0.284364 0.28504 0.285543 0.285883 0.286052 0.286052 0.285883 0.285543 0.28504 0.284364 0.283534 0.282534 0.281391 0.280083 0.278644 0.277047 0.275336 0.273477 0.271519 0.269426 0.267254 0.264961 0.262607 0.26015 0.257653 0.25507 0.252469 0.249802 0.247137 0.244427 0.241741 0.239031 0.236367 0.233699 0.231098 0.228515 0.226018 0.223561 0.221207 0.218914 0.216742 0.214649 0.212692 0.210832 0.209121 0.207524 0.206085 0.204777 0.203634 0.202634 0.201804 0.201129 0.200625 0.200285 0.200116 
0.202385 0.202558 0.202898 0.203413 0.204088 0.204937 0.205937 0.207106 0.208414 0.209886 0.211482 0.213233 0.215092 0.217094 0.219187 0.221409 0.223702 0.226109 0.228566 0.23112 0.233703 0.236363 0.239031 0.241756 0.244466 0.247213 0.249923 0.252648 0.255316 0.257976 0.260559 0.263113 0.26557 0.267977 0.27027 0.272492 0.274585 0.276587 0.278446 0.280197 0.281793 0.283265 0.284573 0.285742 0.286742 0.287591 0.288266 0.288781 0.289121 0.289294 0.289294 0.289121 0.288781 0.288266 0.287591 0.286742 0.285742 0.284573 0.283265 0.281793 0.280197 0.278446 0.276587 0.274585 0.272492 0.27027 0.267977 0.26557 0.263113 0.260559 0.257976 0.255316 0.252648 0.249923 0.247213 0.244466 0.241756 0.239031 0.236363 0.233703 0.23112 0.228566 0.226109 0.223702 0.221409 0.219187 0.217094 0.215092 0.213233 0.211482 0.209886 0.208414 0.207106 0.205937 0.204937 0.204088 0.203413 0.202898 0.202558 0.202385 
0.204669 0.204841 0.205189 0.205704 0.206395 0.207243 0.208266 0.209435 0.210773 0.212245 0.213877 0.215628 0.217529 0.219531 0.221671 0.223893 0.226238 0.228645 0.231158 0.233712 0.236353 0.239013 0.241741 0.244466 0.247238 0.249985 0.252756 0.255481 0.258209 0.26087 0.263511 0.266065 0.268578 0.270985 0.273329 0.275551 0.277691 0.279694 0.281595 0.283345 0.284978 0.28645 0.287788 0.288957 0.289979 0.290828 0.291519 0.292033 0.292382 0.292554 0.292554 0.292382 0.292033 0.291519 0.290828 0.289979 0.288957 0.287788 0.28645 0.284978 0.283345 0.281595 0.279694 0.277691 0.275551 0.273329 0.270985 0.268578 0.266065 0.263511 0.26087 0.258209 0.255481 0.252756 0.249985 0.247238 0.244466 0.241741 0.239013 0.236353 0.233712 0.231158 0.228645 0.226238 0.223893 0.221671 0.219531 0.217529 0.215628 0.213877 0.212245 0.210773 0.209435 0.208266 0.207243 0.206395 0.205704 0.205189 0.204841 0.204669 
0.206956 0.207132 0.20748 0.208006 0.208697 0.209565 0.210587 0.211783 0.213121 0.214625 0.216258 0.218048 0.219949 0.221996 0.224136 0.226408 0.228753 0.231213 0.233726 0.236337 0.238979 0.241699 0.244427 0.247213 0.249985 0.252793 0.255565 0.258351 0.261079 0.263799 0.26644 0.269051 0.271564 0.274025 0.27637 0.278641 0.280781 0.282828 0.28473 0.28652 0.288152 0.289657 0.290995 0.29219 0.293213 0.29408 0.294771 0.295297 0.295645 0.295822 0.295822 0.295645 0.295297 0.294771 0.29408 0.293213 0.29219 0.290995 0.289657 0.288152 0.28652 0.28473 0.282828 0.280781 0.278641 0.27637 0.274025 0.271564 0.269051 0.26644 0.263799 0.261079 0.258351 0.255565 0.252793 0.249985 0.247213 0.244427 0.241699 0.238979 0.236337 0.233726 0.231213 0.228753 0.226408 0.224136 0.221996 0.219949 0.218048 0.216258 0.214625 0.213121 0.211783 0.210587 0.209565 0.208697 0.208006 0.20748 0.207132 0.206956 
0.209239 0.209415 0.209771 0.210297 0.211003 0.211871 0.212916 0.214112 0.215479 0.216984 0.218652 0.220442 0.222386 0.224433 0.22662 0.228892 0.231289 0.23375 0.236318 0.238929 0.241629 0.244349 0.247137 0.249923 0.252756 0.255565 0.258398 0.261184 0.263972 0.266692 0.269392 0.272003 0.274571 0.277032 0.279429 0.281701 0.283888 0.285935 0.287879 0.289669 0.291337 0.292842 0.294209 0.295405 0.29645 0.297318 0.298024 0.29855 0.298906 0.299082 0.299082 0.298906 0.29855 0.298024 0.297318 0.29645 0.295405 0.294209 0.292842 0.291337 0.289669 0.287879 0.285935 0.283888 0.281701 0.279429 0.277032 0.274571 0.272003 0.269392 0.266692 0.263972 0.261184 0.258398 0.255565 0.252756 0.249923 0.247137 0.244349 0.241629 0.238929 0.236318 0.23375 0.231289 0.228892 0.22662 0.224433 0.222386 0.220442 0.218652 0.216984 0.215479 0.214112 0.212916 0.211871 0.211003 0.210297 0.209771 0.209415 0.209239 
0.211508 0.211688 0.212044 0.212581 0.213287 0.214174 0.215219 0.216441 0.217808 0.219346 0.221014 0.222843 0.224786 0.226878 0.229065 0.231387 0.233783 0.236298 0.238866 0.241534 0.244234 0.247013 0.249802 0.252648 0.255481 0.258351 0.261184 0.26403 0.266819 0.269598 0.272298 0.274965 0.277534 0.280048 0.282445 0.284767 0.286954 0.289045 0.290989 0.292818 0.294486 0.296024 0.297391 0.298613 0.299658 0.300544 0.30125 0.301788 0.302144 0.302324 0.302324 0.302144 0.301788 0.30125 0.300544 0.299658 0.298613 0.297391 0.296024 0.294486 0.292818 0.290989 0.289045 0.286954 0.284767 0.282445 0.280048 0.277534 0.274965 0.272298 0.269598 0.266819 0.26403 0.261184 0.258351 0.255481 0.252648 0.249802 0.247013 0.244234 0.241534 0.238866 0.236298 0.233783 0.231387 0.229065 0.226878 0.224786 0.222843 0.221014 0.219346 0.217808 0.216441 0.215219 0.214174 0.213287 0.212581 0.212044 0.211688 0.211508 
0.213755 0.213935 0.214299 0.214836 0.215557 0.216444 0.217511 0.218733 0.22013 0.221667 0.223371 0.2252 0.227185 0.229276 0.23151 0.233832 0.23628 0.238794 0.241417 0.244085 0.246842 0.249621 0.252469 0.255316 0.258209 0.261079 0.263972 0.266819 0.269667 0.272446 0.275203 0.277871 0.280494 0.283009 0.285457 0.287778 0.290012 0.292103 0.294088 0.295917 0.297621 0.299158 0.300555 0.301777 0.302844 0.303731 0.304452 0.304989 0.305353 0.305533 0.305533 0.305353 0.304989 0.304452 0.303731 0.302844 0.301777 0.300555 0.299158 0.297621 0.295917 0.294088 0.292103 0.290012 0.287778 0.285457 0.283009 0.280494 0.277871 0.275203 0.272446 0.269667 0.266819 0.263972 0.261079 0.258209 0.255316 0.252469 0.249621 0.246842 0.244085 0.241417 0.238794 0.23628 0.233832 0.23151 0.229276 0.227185 0.2252 0.223371 0.221667 0.22013 0.218733 0.217511 0.216444 0.215557 0.214836 0.214299 0.213935 0.213755 
0.21597 0.216154 0.216517 0.217066 0.217787 0.218692 0.21976 0.221007 0.222403 0.223973 0.225677 0.227544 0.229529 0.231664 0.233898 0.236267 0.238715 0.241282 0.243905 0.246628 0.249386 0.252222 0.25507 0.257976 0.26087 0.263799 0.266692 0.269598 0.272446 0.275283 0.27804 0.280763 0.283387 0.285953 0.288401 0.290771 0.293005 0.29514 0.297124 0.298991 0.300695 0.302265 0.303662 0.304909 0.305976 0.306881 0.307602 0.308151 0.308514 0.308698 0.308698 0.308514 0.308151 0.307602 0.306881 0.305976 0.304909 0.303662 0.302265 0.300695 0.298991 0.297124 0.29514 0.293005 0.290771 0.288401 0.285953 0.283387 0.280763 0.27804 0.275283 0.272446 0.269598 0.266692 0.263799 0.26087 0.257976 0.25507 0.252222 0.249386 0.246628 0.243905 0.241282 0.238715 0.236267 0.233898 0.231664 0.229529 0.227544 0.225677 0.223973 0.222403 0.221007 0.21976 0.218692 0.217787 0.217066 0.216517 0.216154 0.21597 
0.218146 0.21833 0.218701 0.21925 0.219985 0.22089 0.221979 0.223226 0.224651 0.22622 0.227959 0.229826 0.231851 0.233986 0.236265 0.238634 0.241132 0.243698 0.246375 0.249098 0.251911 0.254748 0.257653 0.260559 0.263511 0.26644 0.269392 0.272298 0.275203 0.27804 0.280853 0.283576 0.286253 0.288819 0.291317 0.293686 0.295965 0.2981 0.300125 0.301992 0.303731 0.3053 0.306725 0.307972 0.309061 0.309966 0.310702 0.31125 0.311621 0.311805 0.311805 0.311621 0.31125 0.310702 0.309966 0.309061 0.307972 0.306725 0.3053 0.303731 0.301992 0.300125 0.2981 0.295965 0.293686 0.291317 0.288819 0.286253 0.283576 0.280853 0.27804 0.275203 0.272298 0.269392 0.26644 0.263511 0.260559 0.257653 0.254748 0.251911 0.249098 0.246375 0.243698 0.241132 0.238634 0.236265 0.233986 0.231851 0.229826 0.227959 0.22622 0.224651 0.223226 0.221979 0.22089 0.219985 0.21925 0.218701 0.21833 0.218146 
0.220272 0.22046 0.220831 0.22139 0.222126 0.223048 0.224137 0.225409 0.226834 0.228434 0.230172 0.232076 0.234101 0.236277 0.238556 0.240972 0.24347 0.246086 0.248763 0.251539 0.254352 0.257245 0.26015 0.263113 0.266065 0.269051 0.272003 0.274965 0.277871 0.280763 0.283576 0.286353 0.289029 0.291646 0.294143 0.296559 0.298838 0.301015 0.30304 0.304943 0.306682 0.308282 0.309707 0.310978 0.312067 0.31299 0.313725 0.314285 0.314656 0.314843 0.314843 0.314656 0.314285 0.313725 0.31299 0.312067 0.310978 0.309707 0.308282 0.306682 0.304943 0.30304 0.301015 0.298838 0.296559 0.294143 0.291646 0.289029 0.286353 0.283576 0.280763 0.277871 0.274965 0.272003 0.269051 0.266065 0.263113 0.26015 0.257245 0.254352 0.251539 0.248763 0.246086 0.24347 0.240972 0.238556 0.236277 0.234101 0.232076 0.230172 0.228434 0.226834 0.225409 0.224137 0.223048 0.222126 0.22139 0.220831 0.22046 0.220272 
0.222342 0.22253 0.222908 0.223467 0.224217 0.225139 0.226249 0.22752 0.228972 0.230572 0.232343 0.234247 0.23631 0.238487 0.240809 0.243224 0.245769 0.248386 0.251112 0.253889 0.256755 0.259647 0.262607 0.26557 0.268578 0.271564 0.274571 0.277534 0.280494 0.283387 0.286253 0.289029 0.291756 0.294373 0.296917 0.299333 0.301655 0.303832 0.305895 0.307798 0.309569 0.31117 0.312621 0.313893 0.315002 0.315925 0.316674 0.317234 0.317612 0.317799 0.317799 0.317612 0.317234 0.316674 0.315925 0.315002 0.313893 0.312621 0.31117 0.309569 0.307798 0.305895 0.303832 0.301655 0.299333 0.296917 0.294373 0.291756 0.289029 0.286253 0.283387 0.280494 0.277534 0.274571 0.271564 0.268578 0.26557 0.262607 0.259647 0.256755 0.253889 0.251112 0.248386 0.245769 0.243224 0.240809 0.238487 0.23631 0.234247 0.232343 0.230572 0.228972 0.22752 0.226249 0.225139 0.224217 0.223467 0.222908 0.22253 0.222342 
0.224347 0.224537 0.224915 0.225485 0.226234 0.227174 0.228283 0.229577 0.231029 0.232658 0.23443 0.236367 0.23843 0.240646 0.242968 0.245428 0.247972 0.250636 0.253363 0.25619 0.259056 0.262001 0.264961 0.267977 0.270985 0.274025 0.277032 0.280048 0.283009 0.285953 0.288819 0.291646 0.294373 0.297037 0.299581 0.302041 0.304363 0.306579 0.308642 0.31058 0.312351 0.31398 0.315432 0.316726 0.317835 0.318775 0.319524 0.320094 0.320472 0.320663 0.320663 0.320472 0.320094 0.319524 0.318775 0.317835 0.316726 0.315432 0.31398 0.312351 0.31058 0.308642 0.306579 0.304363 0.302041 0.299581 0.297037 0.294373 0.291646 0.288819 0.285953 0.283009 0.280048 0.277032 0.274025 0.270985 0.267977 0.264961 0.262001 0.259056 0.25619 0.253363 0.250636 0.247972 0.245428 0.242968 0.240646 0.23843 0.236367 0.23443 0.232658 0.231029 0.229577 0.228283 0.227174 0.226234 0.225485 0.224915 0.224537 0.224347 
0.226278 0.226469 0.226853 0.227423 0.228185 0.229125 0.230253 0.231548 0.233025 0.234654 0.236455 0.238393 0.240492 0.242708 0.24507 0.24753 0.250118 0.252782 0.255556 0.258382 0.261298 0.264243 0.267254 0.27027 0.273329 0.27637 0.279429 0.282445 0.285457 0.288401 0.291317 0.294143 0.296917 0.299581 0.30217 0.304629 0.306991 0.309207 0.311306 0.313244 0.315046 0.316674 0.318151 0.319446 0.320574 0.321514 0.322276 0.322846 0.32323 0.323421 0.323421 0.32323 0.322846 0.322276 0.321514 0.320574 0.319446 0.318151 0.316674 0.315046 0.313244 0.311306 0.309207 0.306991 0.304629 0.30217 0.299581 0.296917 0.294143 0.291317 0.288401 0.285457 0.282445 0.279429 0.27637 0.273329 0.27027 0.267254 0.264243 0.261298 0.258382 0.255556 0.252782 0.250118 0.24753 0.24507 0.242708 0.240492 0.238393 0.236455 0.234654 0.233025 0.231548 0.230253 0.229125 0.228185 0.227423 0.226853 0.226469 0.226278 
0.228128 0.228322 0.228707 0.229286 0.230048 0.231003 0.232131 0.233447 0.234924 0.236579 0.238381 0.240351 0.24245 0.244702 0.247064 0.249564 0.252152 0.25486 0.257634 0.260507 0.263422 0.266415 0.269426 0.272492 0.275551 0.278641 0.281701 0.284767 0.287778 0.290771 0.293686 0.296559 0.299333 0.302041 0.304629 0.307129 0.309491 0.311743 0.313842 0.315811 0.317613 0.319269 0.320746 0.322062 0.32319 0.324145 0.324907 0.325486 0.32587 0.326065 0.326065 0.32587 0.325486 0.324907 0.324145 0.32319 0.322062 0.320746 0.319269 0.317613 0.315811 0.313842 0.311743 0.309491 0.307129 0.304629 0.302041 0.299333 0.296559 0.293686 0.290771 0.287778 0.284767 0.281701 0.278641 0.275551 0.272492 0.269426 0.266415 0.263422 0.260507 0.257634 0.25486 0.252152 0.249564 0.247064 0.244702 0.24245 0.240351 0.238381 0.236579 0.234924 0.233447 0.232131 0.231003 0.230048 0.229286 0.228707 0.228322 0.228128 
0.229891 0.230085 0.230475 0.231054 0.231829 0.232783 0.233929 0.235245 0.236745 0.2384 0.24023 0.2422 0.244331 0.246583 0.248982 0.251482 0.25411 0.256818 0.259635 0.262508 0.265468 0.268461 0.271519 0.274585 0.277691 0.280781 0.283888 0.286954 0.290012 0.293005 0.295965 0.298838 0.301655 0.304363 0.306991 0.309491 0.31189 0.314142 0.316273 0.318243 0.320072 0.321728 0.323228 0.324543 0.325689 0.326644 0.327418 0.327997 0.328388 0.328582 0.328582 0.328388 0.327997 0.327418 0.326644 0.325689 0.324543 0.323228 0.321728 0.320072 0.318243 0.316273 0.314142 0.31189 0.309491 0.306991 0.304363 0.301655 0.298838 0.295965 0.293005 0.290012 0.286954 0.283888 0.280781 0.277691 0.274585 0.271519 0.268461 0.265468 0.262508 0.259635 0.256818 0.25411 0.251482 0.248982 0.246583 0.244331 0.2422 0.24023 0.2384 0.236745 0.235245 0.233929 0.232783 0.231829 0.231054 0.230475 0.230085 0.229891 
0.231558 0.231755 0.232145 0.232733 0.233507 0.234476 0.235622 0.236956 0.238456 0.240136 0.241966 0.243964 0.246095 0.24838 0.250779 0.253315 0.255943 0.25869 0.261507 0.264422 0.267382 0.270419 0.273477 0.276587 0.279694 0.282828 0.285935 0.289045 0.292103 0.29514 0.2981 0.301015 0.303832 0.306579 0.309207 0.311743 0.314142 0.316427 0.318558 0.320556 0.322386 0.324066 0.325566 0.3269 0.328046 0.329015 0.329789 0.330377 0.330767 0.330964 0.330964 0.330767 0.330377 0.329789 0.329015 0.328046 0.3269 0.325566 0.324066 0.322386 0.320556 0.318558 0.316427 0.314142 0.311743 0.309207 0.306579 0.303832 0.301015 0.2981 0.29514 0.292103 0.289045 0.285935 0.282828 0.279694 0.276587 0.273477 0.270419 0.267382 0.264422 0.261507 0.25869 0.255943 0.253315 0.250779 0.24838 0.246095 0.243964 0.241966 0.240136 0.238456 0.236956 0.235622 0.234476 0.233507 0.232733 0.232145 0.231755 0.231558 
0.233124 0.233321 0.233717 0.234304 0.235089 0.236057 0.237219 0.238554 0.240074 0.241753 0.243608 0.245606 0.247766 0.250051 0.252482 0.255019 0.257683 0.26043 0.263285 0.266199 0.2692 0.272236 0.275336 0.278446 0.281595 0.28473 0.287879 0.290989 0.294088 0.297124 0.300125 0.30304 0.305895 0.308642 0.311306 0.313842 0.316273 0.318558 0.320718 0.322716 0.324571 0.326251 0.327771 0.329105 0.330267 0.331236 0.33202 0.332608 0.333003 0.3332 0.3332 0.333003 0.332608 0.33202 0.331236 0.330267 0.329105 0.327771 0.326251 0.324571 0.322716 0.320718 0.318558 0.316273 0.313842 0.311306 0.308642 0.305895 0.30304 0.300125 0.297124 0.294088 0.290989 0.287879 0.28473 0.281595 0.278446 0.275336 0.272236 0.2692 0.266199 0.263285 0.26043 0.257683 0.255019 0.252482 0.250051 0.247766 0.245606 0.243608 0.241753 0.240074 0.238554 0.237219 0.236057 0.235089 0.234304 0.233717 0.233321 0.233124 
0.234582 0.234781 0.235177 0.235772 0.236556 0.237537 0.238699 0.24005 0.24157 0.243271 0.245125 0.247149 0.249309 0.251622 0.254054 0.256621 0.259285 0.262067 0.264922 0.267873 0.270874 0.273948 0.277047 0.280197 0.283345 0.28652 0.289669 0.292818 0.295917 0.298991 0.301992 0.304943 0.307798 0.31058 0.313244 0.315811 0.318243 0.320556 0.322716 0.32474 0.326594 0.328295 0.329815 0.331166 0.332328 0.333309 0.334093 0.334688 0.335084 0.335283 0.335283 0.335084 0.334688 0.334093 0.333309 0.332328 0.331166 0.329815 0.328295 0.326594 0.32474 0.322716 0.320556 0.318243 0.315811 0.313244 0.31058 0.307798 0.304943 0.301992 0.298991 0.295917 0.292818 0.289669 0.28652 0.283345 0.280197 0.277047 0.273948 0.270874 0.267873 0.264922 0.262067 0.259285 0.256621 0.254054 0.251622 0.249309 0.247149 0.245125 0.243271 0.24157 0.24005 0.238699 0.237537 0.236556 0.235772 0.235177 0.234781 0.234582 
0.235927 0.236126 0.236526 0.237121 0.237915 0.238895 0.24007 0.241422 0.242959 0.24466 0.246536 0.248559 0.250744 0.253058 0.255517 0.258084 0.260779 0.263561 0.266448 0.269399 0.272435 0.275509 0.278644 0.281793 0.284978 0.288152 0.291337 0.294486 0.297621 0.300695 0.303731 0.306682 0.309569 0.312351 0.315046 0.317613 0.320072 0.322386 0.324571 0.326594 0.32847 0.330171 0.331708 0.33306 0.334234 0.335215 0.336009 0.336604 0.337004 0.337203 0.337203 0.337004 0.336604 0.336009 0.335215 0.334234 0.33306 0.331708 0.330171 0.32847 0.326594 0.324571 0.322386 0.320072 0.317613 0.315046 0.312351 0.309569 0.306682 0.303731 0.300695 0.297621 0.294486 0.291337 0.288152 0.284978 0.281793 0.278644 0.275509 0.272435 0.269399 0.266448 0.263561 0.260779 0.258084 0.255517 0.253058 0.250744 0.248559 0.246536 0.24466 0.242959 0.241422 0.24007 0.238895 0.237915 0.237121 0.236526 0.236126 0.235927 
0.237152 0.237354 0.237754 0.238355 0.239148 0.240139 0.241314 0.24268 0.244217 0.245936 0.247811 0.249856 0.25204 0.254378 0.256837 0.259432 0.262126 0.264937 0.267824 0.270806 0.273842 0.276948 0.280083 0.283265 0.28645 0.289657 0.292842 0.296024 0.299158 0.302265 0.3053 0.308282 0.31117 0.31398 0.316674 0.319269 0.321728 0.324066 0.326251 0.328295 0.330171 0.331889 0.333427 0.334792 0.335967 0.336958 0.337752 0.338353 0.338753 0.338954 0.338954 0.338753 0.338353 0.337752 0.336958 0.335967 0.334792 0.333427 0.331889 0.330171 0.328295 0.326251 0.324066 0.321728 0.319269 0.316674 0.31398 0.31117 0.308282 0.3053 0.302265 0.299158 0.296024 0.292842 0.289657 0.28645 0.283265 0.280083 0.276948 0.273842 0.270806 0.267824 0.264937 0.262126 0.259432 0.256837 0.254378 0.25204 0.249856 0.247811 0.245936 0.244217 0.24268 0.241314 0.240139 0.239148 0.238355 0.237754 0.237354 0.237152 
0.238254 0.238456 0.23886 0.239461 0.240262 0.241253 0.242438 0.243804 0.245356 0.247074 0.248967 0.251012 0.253217 0.255554 0.258036 0.260631 0.263351 0.266161 0.269075 0.272057 0.275121 0.278227 0.281391 0.284573 0.287788 0.290995 0.294209 0.297391 0.300555 0.303662 0.306725 0.309707 0.312621 0.315432 0.318151 0.320746 0.323228 0.325566 0.327771 0.329815 0.331708 0.333427 0.334978 0.336344 0.33753 0.338521 0.339322 0.339923 0.340326 0.340528 0.340528 0.340326 0.339923 0.339322 0.338521 0.33753 0.336344 0.334978 0.333427 0.331708 0.329815 0.327771 0.325566 0.323228 0.320746 0.318151 0.315432 0.312621 0.309707 0.306725 0.303662 0.300555 0.297391 0.294209 0.290995 0.287788 0.284573 0.281391 0.278227 0.275121 0.272057 0.269075 0.266161 0.263351 0.260631 0.258036 0.255554 0.253217 0.251012 0.248967 0.247074 0.245356 0.243804 0.242438 0.241253 0.240262 0.239461 0.23886 0.238456 0.238254 
0.239228 0.239431 0.239835 0.240441 0.241242 0.242241 0.243427 0.244803 0.246355 0.248088 0.249981 0.252042 0.254247 0.256604 0.259086 0.261702 0.264421 0.267255 0.270169 0.273175 0.276239 0.27937 0.282534 0.285742 0.288957 0.29219 0.295405 0.298613 0.301777 0.304909 0.307972 0.310978 0.313893 0.316726 0.319446 0.322062 0.324543 0.3269 0.329105 0.331166 0.33306 0.334792 0.336344 0.337721 0.338906 0.339905 0.340707 0.341312 0.341716 0.341919 0.341919 0.341716 0.341312 0.340707 0.339905 0.338906 0.337721 0.336344 0.334792 0.33306 0.331166 0.329105 0.3269 0.324543 0.322062 0.319446 0.316726 0.313893 0.310978 0.307972 0.304909 0.301777 0.298613 0.295405 0.29219 0.288957 0.285742 0.282534 0.27937 0.276239 0.273175 0.270169 0.267255 0.264421 0.261702 0.259086 0.256604 0.254247 0.252042 0.249981 0.248088 0.246355 0.244803 0.243427 0.242241 0.241242 0.240441 0.239835 0.239431 0.239228 
