0.202101 0.202662 0.20378 0.205453 0.207675 0.210436 0.213727 0.217536 0.221849 0.22665 0.23192 0.237641 0.243791 0.250346 0.257282 0.264572 0.272188 0.2801 0.288279 0.296691 0.305304 0.314085 0.322998 0.332008 0.341079 0.350174 0.359259 0.368295 0.377247 0.386079 0.394755 0.403241 0.411502 0.419504 0.427217 0.434608 0.441649 0.44831 0.454566 0.460392 0.465764 0.470662 0.475065 0.478956 0.48232 0.485144 0.487417 0.489129 0.490274 0.490848 0.490848 0.490274 0.489129 0.487417 0.485144 0.48232 0.478956 0.475065 0.470662 0.465764 0.460392 0.454566 0.44831 0.441649 0.434608 0.427217 0.419504 0.411502 0.403241 0.394755 0.386079 0.377247 0.368295 0.359259 0.350174 0.341079 0.332008 0.322998 0.314085 0.305304 0.296691 0.288279 0.2801 0.272188 0.264572 0.257282 0.250346 0.243791 0.237641 0.23192 0.22665 0.221849 0.217536 0.213727 0.210436 0.207675 0.205453 0.20378 0.202662 0.202101 
0.202662 0.203222 0.204341 0.206014 0.208235 0.210996 0.214287 0.218096 0.222409 0.22721 0.232481 0.238202 0.244351 0.250907 0.257842 0.265132 0.272748 0.28066 0.288839 0.297251 0.305865 0.314645 0.323558 0.332568 0.341639 0.350735 0.359819 0.368856 0.377808 0.38664 0.395316 0.403801 0.412062 0.420065 0.427777 0.435168 0.442209 0.448871 0.455127 0.460953 0.466325 0.471222 0.475625 0.479516 0.482881 0.485705 0.487977 0.48969 0.490835 0.491409 0.491409 0.490835 0.48969 0.487977 0.485705 0.482881 0.479516 0.475625 0.471222 0.466325 0.460953 0.455127 0.448871 0.442209 0.435168 0.427777 0.420065 0.412062 0.403801 0.395316 0.38664 0.377808 0.368856 0.359819 0.350735 0.341639 0.332568 0.323558 0.314645 0.305865 0.297251 0.288839 0.28066 0.272748 0.265132 0.257842 0.250907 0.244351 0.238202 0.232481 0.22721 0.222409 0.218096 0.214287 0.210996 0.208235 0.206014 0.204341 0.203222 0.202662 
0.20378 0.204341 0.205459 0.207132 0.209354 0.212115 0.215406 0.219215 0.223528 0.228329 0.2336 0.23932 0.24547 0.252025 0.258961 0.266251 0.273867 0.281779 0.289958 0.29837 0.306983 0.315764 0.324677 0.333687 0.342758 0.351854 0.360938 0.369974 0.378926 0.387758 0.396435 0.40492 0.413181 0.421183 0.428896 0.436287 0.443328 0.449989 0.456246 0.462071 0.467443 0.472341 0.476744 0.480635 0.483999 0.486823 0.489096 0.490808 0.491954 0.492527 0.492527 0.491954 0.490808 0.489096 0.486823 0.483999 0.480635 0.476744 0.472341 0.467443 0.462071 0.456246 0.449989 0.443328 0.436287 0.428896 0.421183 0.413181 0.40492 0.396435 0.387758 0.378926 0.369974 0.360938 0.351854 0.342758 0.333687 0.324677 0.315764 0.306983 0.29837 0.289958 0.281779 0.273867 0.266251 0.258961 0.252025 0.24547 0.23932 0.2336 0.228329 0.223528 0.219215 0.215406 0.212115 0.209354 0.207132 0.205459 0.204341 0.20378 
0.205453 0.206014 0.207132 0.208805 0.211027 0.213788 0.217079 0.220888 0.225201 0.230002 0.235273 0.240994 0.247143 0.253698 0.260634 0.267924 0.27554 0.283452 0.291631 0.300043 0.308656 0.317437 0.32635 0.33536 0.344431 0.353527 0.362611 0.371647 0.380599 0.389431 0.398108 0.406593 0.414854 0.422856 0.430569 0.43796 0.445001 0.451662 0.457919 0.463744 0.469116 0.474014 0.478417 0.482308 0.485672 0.488496 0.490769 0.492481 0.493627 0.4942 0.4942 0.493627 0.492481 0.490769 0.488496 0.485672 0.482308 0.478417 0.474014 0.469116 0.463744 0.457919 0.451662 0.445001 0.43796 0.430569 0.422856 0.414854 0.406593 0.398108 0.389431 0.380599 0.371647 0.362611 0.353527 0.344431 0.33536 0.32635 0.317437 0.308656 0.300043 0.291631 0.283452 0.27554 0.267924 0.260634 0.253698 0.247143 0.240994 0.235273 0.230002 0.225201 0.220888 0.217079 0.213788 0.211027 0.208805 0.207132 0.206014 0.205453 
0.207675 0.208235 0.209354 0.211027 0.213248 0.216009 0.2193 0.223109 0.227422 0.232223 0.237494 0.243215 0.249364 0.25592 0.262855 0.270145 0.277761 0.285673 0.293852 0.302264 0.310878 0.319658 0.328571 0.337581 0.346652 0.355748 0.364832 0.373868 0.382821 0.391653 0.400329 0.408814 0.417075 0.425078 0.43279 0.440181 0.447222 0.453884 0.46014 0.465966 0.471338 0.476235 0.480638 0.484529 0.487894 0.490718 0.49299 0.494702 0.495848 0.496421 0.496421 0.495848 0.494702 0.49299 0.490718 0.487894 0.484529 0.480638 0.476235 0.471338 0.465966 0.46014 0.453884 0.447222 0.440181 0.43279 0.425078 0.417075 0.408814 0.400329 0.391653 0.382821 0.373868 0.364832 0.355748 0.346652 0.337581 0.328571 0.319658 0.310878 0.302264 0.293852 0.285673 0.277761 0.270145 0.262855 0.25592 0.249364 0.243215 0.237494 0.232223 0.227422 0.223109 0.2193 0.216009 0.213248 0.211027 0.209354 0.208235 0.207675 
0.210436 0.210996 0.212115 0.213788 0.216009 0.21877 0.222062 0.225871 0.230184 0.234984 0.240255 0.245976 0.252126 0.258681 0.265617 0.272906 0.280522 0.288435 0.296613 0.305026 0.313639 0.322419 0.331332 0.340342 0.349413 0.358509 0.367593 0.37663 0.385582 0.394414 0.40309 0.411575 0.419836 0.427839 0.435551 0.442943 0.449983 0.456645 0.462901 0.468727 0.474099 0.478996 0.483399 0.487291 0.490655 0.493479 0.495751 0.497464 0.498609 0.499183 0.499183 0.498609 0.497464 0.495751 0.493479 0.490655 0.487291 0.483399 0.478996 0.474099 0.468727 0.462901 0.456645 0.449983 0.442943 0.435551 0.427839 0.419836 0.411575 0.40309 0.394414 0.385582 0.37663 0.367593 0.358509 0.349413 0.340342 0.331332 0.322419 0.313639 0.305026 0.296613 0.288435 0.280522 0.272906 0.265617 0.258681 0.252126 0.245976 0.240255 0.234984 0.230184 0.225871 0.222062 0.21877 0.216009 0.213788 0.212115 0.210996 0.210436 
0.213727 0.214287 0.215406 0.217079 0.2193 0.222062 0.225353 0.229162 0.233475 0.238276 0.243546 0.249267 0.255417 0.261972 0.268908 0.276198 0.283813 0.291726 0.299904 0.308317 0.31693 0.325711 0.334624 0.343633 0.352704 0.3618 0.370885 0.379921 0.388873 0.397705 0.406381 0.414867 0.423127 0.43113 0.438842 0.446234 0.453274 0.459936 0.466192 0.472018 0.47739 0.482287 0.48669 0.490582 0.493946 0.49677 0.499043 0.500755 0.5019 0.502474 0.502474 0.5019 0.500755 0.499043 0.49677 0.493946 0.490582 0.48669 0.482287 0.47739 0.472018 0.466192 0.459936 0.453274 0.446234 0.438842 0.43113 0.423127 0.414867 0.406381 0.397705 0.388873 0.379921 0.370885 0.3618 0.352704 0.343633 0.334624 0.325711 0.31693 0.308317 0.299904 0.291726 0.283813 0.276198 0.268908 0.261972 0.255417 0.249267 0.243546 0.238276 0.233475 0.229162 0.225353 0.222062 0.2193 0.217079 0.215406 0.214287 0.213727 
0.217536 0.218096 0.219215 0.220888 0.223109 0.225871 0.229162 0.232971 0.237284 0.242085 0.247355 0.253076 0.259226 0.265781 0.272717 0.280007 0.287623 0.295535 0.303713 0.312126 0.320739 0.32952 0.338433 0.347442 0.356513 0.365609 0.374694 0.38373 0.392682 0.401514 0.41019 0.418676 0.426936 0.434939 0.442652 0.450043 0.457083 0.463745 0.470001 0.475827 0.481199 0.486097 0.4905 0.494391 0.497755 0.500579 0.502852 0.504564 0.505709 0.506283 0.506283 0.505709 0.504564 0.502852 0.500579 0.497755 0.494391 0.4905 0.486097 0.481199 0.475827 0.470001 0.463745 0.457083 0.450043 0.442652 0.434939 0.426936 0.418676 0.41019 0.401514 0.392682 0.38373 0.374694 0.365609 0.356513 0.347442 0.338433 0.32952 0.320739 0.312126 0.303713 0.295535 0.287623 0.280007 0.272717 0.265781 0.259226 0.253076 0.247355 0.242085 0.237284 0.232971 0.229162 0.225871 0.223109 0.220888 0.219215 0.218096 0.217536 
0.221849 0.222409 0.223528 0.225201 0.227422 0.230184 0.233475 0.237284 0.241597 0.246398 0.251668 0.257389 0.263539 0.270094 0.27703 0.28432 0.291935 0.299848 0.308026 0.316439 0.325052 0.333833 0.342746 0.351755 0.360826 0.369922 0.379007 0.388043 0.396995 0.405827 0.414503 0.422989 0.431249 0.439252 0.446964 0.454356 0.461396 0.468058 0.474314 0.48014 0.485512 0.490409 0.494812 0.498704 0.502068 0.504892 0.507165 0.508877 0.510022 0.510596 0.510596 0.510022 0.508877 0.507165 0.504892 0.502068 0.498704 0.494812 0.490409 0.485512 0.48014 0.474314 0.468058 0.461396 0.454356 0.446964 0.439252 0.431249 0.422989 0.414503 0.405827 0.396995 0.388043 0.379007 0.369922 0.360826 0.351755 0.342746 0.333833 0.325052 0.316439 0.308026 0.299848 0.291935 0.28432 0.27703 0.270094 0.263539 0.257389 0.251668 0.246398 0.241597 0.237284 0.233475 0.230184 0.227422 0.225201 0.223528 0.222409 0.221849 
0.22665 0.22721 0.228329 0.230002 0.232223 0.234984 0.238276 0.242085 0.246398 0.251198 0.256469 0.26219 0.26834 0.274895 0.281831 0.28912 0.296736 0.304649 0.312827 0.321239 0.329853 0.338633 0.347546 0.356556 0.365627 0.374723 0.383807 0.392844 0.401796 0.410628 0.419304 0.427789 0.43605 0.444053 0.451765 0.459156 0.466197 0.472859 0.479115 0.484941 0.490313 0.49521 0.499613 0.503505 0.506869 0.509693 0.511965 0.513678 0.514823 0.515397 0.515397 0.514823 0.513678 0.511965 0.509693 0.506869 0.503505 0.499613 0.49521 0.490313 0.484941 0.479115 0.472859 0.466197 0.459156 0.451765 0.444053 0.43605 0.427789 0.419304 0.410628 0.401796 0.392844 0.383807 0.374723 0.365627 0.356556 0.347546 0.338633 0.329853 0.321239 0.312827 0.304649 0.296736 0.28912 0.281831 0.274895 0.26834 0.26219 0.256469 0.251198 0.246398 0.242085 0.238276 0.234984 0.232223 0.230002 0.228329 0.22721 0.22665 
0.23192 0.232481 0.2336 0.235273 0.237494 0.240255 0.243546 0.247355 0.251668 0.256469 0.26174 0.267461 0.27361 0.280165 0.287101 0.294391 0.302007 0.309919 0.318098 0.32651 0.335124 0.343904 0.352817 0.361827 0.370898 0.379994 0.389078 0.398114 0.407067 0.415898 0.424575 0.43306 0.441321 0.449323 0.457036 0.464427 0.471468 0.478129 0.484386 0.490211 0.495584 0.500481 0.504884 0.508775 0.512139 0.514963 0.517236 0.518948 0.520094 0.520667 0.520667 0.520094 0.518948 0.517236 0.514963 0.512139 0.508775 0.504884 0.500481 0.495584 0.490211 0.484386 0.478129 0.471468 0.464427 0.457036 0.449323 0.441321 0.43306 0.424575 0.415898 0.407067 0.398114 0.389078 0.379994 0.370898 0.361827 0.352817 0.343904 0.335124 0.32651 0.318098 0.309919 0.302007 0.294391 0.287101 0.280165 0.27361 0.267461 0.26174 0.256469 0.251668 0.247355 0.243546 0.240255 0.237494 0.235273 0.2336 0.232481 0.23192 
0.237641 0.238202 0.23932 0.240994 0.243215 0.245976 0.249267 0.253076 0.257389 0.26219 0.267461 0.273182 0.279331 0.285886 0.292822 0.300112 0.307728 0.31564 0.323819 0.332231 0.340845 0.349625 0.358538 0.367548 0.376619 0.385715 0.394799 0.403835 0.412787 0.421619 0.430296 0.438781 0.447042 0.455044 0.462757 0.470148 0.477189 0.48385 0.490107 0.495932 0.501305 0.506202 0.510605 0.514496 0.51786 0.520684 0.522957 0.524669 0.525815 0.526388 0.526388 0.525815 0.524669 0.522957 0.520684 0.51786 0.514496 0.510605 0.506202 0.501305 0.495932 0.490107 0.48385 0.477189 0.470148 0.462757 0.455044 0.447042 0.438781 0.430296 0.421619 0.412787 0.403835 0.394799 0.385715 0.376619 0.367548 0.358538 0.349625 0.340845 0.332231 0.323819 0.31564 0.307728 0.300112 0.292822 0.285886 0.279331 0.273182 0.267461 0.26219 0.257389 0.253076 0.249267 0.245976 0.243215 0.240994 0.23932 0.238202 0.237641 
0.243791 0.244351 0.24547 0.247143 0.249364 0.252126 0.255417 0.259226 0.263539 0.26834 0.27361 0.279331 0.285481 0.292036 0.298972 0.306262 0.313877 0.32179 0.329968 0.338381 0.346994 0.355775 0.364688 0.373697 0.382768 0.391864 0.400949 0.409985 0.418937 0.427769 0.436445 0.444931 0.453191 0.461194 0.468906 0.476298 0.483338 0.49 0.496256 0.502082 0.507454 0.512352 0.516755 0.520646 0.52401 0.526834 0.529107 0.530819 0.531964 0.532538 0.532538 0.531964 0.530819 0.529107 0.526834 0.52401 0.520646 0.516755 0.512352 0.507454 0.502082 0.496256 0.49 0.483338 0.476298 0.468906 0.461194 0.453191 0.444931 0.436445 0.427769 0.418937 0.409985 0.400949 0.391864 0.382768 0.373697 0.364688 0.355775 0.346994 0.338381 0.329968 0.32179 0.313877 0.306262 0.298972 0.292036 0.285481 0.279331 0.27361 0.26834 0.263539 0.259226 0.255417 0.252126 0.249364 0.247143 0.24547 0.244351 0.243791 
0.250346 0.250907 0.252025 0.253698 0.25592 0.258681 0.261972 0.265781 0.270094 0.274895 0.280165 0.285886 0.292036 0.298591 0.305527 0.312817 0.320433 0.328345 0.336524 0.344936 0.353549 0.36233 0.371243 0.380253 0.389324 0.398419 0.407504 0.41654 0.425492 0.434324 0.443 0.451486 0.459747 0.467749 0.475462 0.482853 0.489894 0.496555 0.502811 0.508637 0.514009 0.518907 0.52331 0.527201 0.530565 0.533389 0.535662 0.537374 0.538519 0.539093 0.539093 0.538519 0.537374 0.535662 0.533389 0.530565 0.527201 0.52331 0.518907 0.514009 0.508637 0.502811 0.496555 0.489894 0.482853 0.475462 0.467749 0.459747 0.451486 0.443 0.434324 0.425492 0.41654 0.407504 0.398419 0.389324 0.380253 0.371243 0.36233 0.353549 0.344936 0.336524 0.328345 0.320433 0.312817 0.305527 0.298591 0.292036 0.285886 0.280165 0.274895 0.270094 0.265781 0.261972 0.258681 0.25592 0.253698 0.252025 0.250907 0.250346 
0.257282 0.257842 0.258961 0.260634 0.262855 0.265617 0.268908 0.272717 0.27703 0.281831 0.287101 0.292822 0.298972 0.305527 0.312463 0.319753 0.327368 0.335281 0.343459 0.351872 0.360485 0.369266 0.378178 0.387188 0.396259 0.405355 0.414439 0.423476 0.432428 0.44126 0.449936 0.458422 0.466682 0.474685 0.482397 0.489789 0.496829 0.503491 0.509747 0.515573 0.520945 0.525842 0.530245 0.534137 0.537501 0.540325 0.542598 0.54431 0.545455 0.546029 0.546029 0.545455 0.54431 0.542598 0.540325 0.537501 0.534137 0.530245 0.525842 0.520945 0.515573 0.509747 0.503491 0.496829 0.489789 0.482397 0.474685 0.466682 0.458422 0.449936 0.44126 0.432428 0.423476 0.414439 0.405355 0.396259 0.387188 0.378178 0.369266 0.360485 0.351872 0.343459 0.335281 0.327368 0.319753 0.312463 0.305527 0.298972 0.292822 0.287101 0.281831 0.27703 0.272717 0.268908 0.265617 0.262855 0.260634 0.258961 0.257842 0.257282 
0.264572 0.265132 0.266251 0.267924 0.270145 0.272906 0.276198 0.280007 0.28432 0.28912 0.294391 0.300112 0.306262 0.312817 0.319753 0.327042 0.334658 0.342571 0.350749 0.359161 0.367775 0.376555 0.385468 0.394478 0.403549 0.412645 0.421729 0.430766 0.439718 0.44855 0.457226 0.465711 0.473972 0.481975 0.489687 0.497079 0.504119 0.510781 0.517037 0.522863 0.528235 0.533132 0.537535 0.541427 0.544791 0.547615 0.549887 0.5516 0.552745 0.553319 0.553319 0.552745 0.5516 0.549887 0.547615 0.544791 0.541427 0.537535 0.533132 0.528235 0.522863 0.517037 0.510781 0.504119 0.497079 0.489687 0.481975 0.473972 0.465711 0.457226 0.44855 0.439718 0.430766 0.421729 0.412645 0.403549 0.394478 0.385468 0.376555 0.367775 0.359161 0.350749 0.342571 0.334658 0.327042 0.319753 0.312817 0.306262 0.300112 0.294391 0.28912 0.28432 0.280007 0.276198 0.272906 0.270145 0.267924 0.266251 0.265132 0.264572 
0.272188 0.272748 0.273867 0.27554 0.277761 0.280522 0.283813 0.287623 0.291935 0.296736 0.302007 0.307728 0.313877 0.320433 0.327368 0.334658 0.342274 0.350187 0.358365 0.366777 0.375391 0.384171 0.393084 0.402094 0.411165 0.420261 0.429345 0.438382 0.447334 0.456166 0.464842 0.473327 0.481588 0.489591 0.497303 0.504694 0.511735 0.518397 0.524653 0.530479 0.535851 0.540748 0.545151 0.549042 0.552407 0.555231 0.557503 0.559216 0.560361 0.560935 0.560935 0.560361 0.559216 0.557503 0.555231 0.552407 0.549042 0.545151 0.540748 0.535851 0.530479 0.524653 0.518397 0.511735 0.504694 0.497303 0.489591 0.481588 0.473327 0.464842 0.456166 0.447334 0.438382 0.429345 0.420261 0.411165 0.402094 0.393084 0.384171 0.375391 0.366777 0.358365 0.350187 0.342274 0.334658 0.327368 0.320433 0.313877 0.307728 0.302007 0.296736 0.291935 0.287623 0.283813 0.280522 0.277761 0.27554 0.273867 0.272748 0.272188 
0.2801 0.28066 0.281779 0.283452 0.285673 0.288435 0.291726 0.295535 0.299848 0.304649 0.309919 0.31564 0.32179 0.328345 0.335281 0.342571 0.350187 0.358099 0.366277 0.37469 0.383303 0.392084 0.400997 0.410006 0.419077 0.428173 0.437258 0.446294 0.455246 0.464078 0.472754 0.48124 0.4895 0.497503 0.505216 0.512607 0.519647 0.526309 0.532565 0.538391 0.543763 0.548661 0.553064 0.556955 0.560319 0.563143 0.565416 0.567128 0.568273 0.568847 0.568847 0.568273 0.567128 0.565416 0.563143 0.560319 0.556955 0.553064 0.548661 0.543763 0.538391 0.532565 0.526309 0.519647 0.512607 0.505216 0.497503 0.4895 0.48124 0.472754 0.464078 0.455246 0.446294 0.437258 0.428173 0.419077 0.410006 0.400997 0.392084 0.383303 0.37469 0.366277 0.358099 0.350187 0.342571 0.335281 0.328345 0.32179 0.31564 0.309919 0.304649 0.299848 0.295535 0.291726 0.288435 0.285673 0.283452 0.281779 0.28066 0.2801 
0.288279 0.288839 0.289958 0.291631 0.293852 0.296613 0.299904 0.303713 0.308026 0.312827 0.318098 0.323819 0.329968 0.336524 0.343459 0.350749 0.358365 0.366277 0.374456 0.382868 0.391482 0.400262 0.409175 0.418185 0.427256 0.436352 0.445436 0.454472 0.463425 0.472257 0.480933 0.489418 0.497679 0.505682 0.513394 0.520785 0.527826 0.534488 0.540744 0.54657 0.551942 0.556839 0.561242 0.565133 0.568498 0.571322 0.573594 0.575306 0.576452 0.577026 0.577026 0.576452 0.575306 0.573594 0.571322 0.568498 0.565133 0.561242 0.556839 0.551942 0.54657 0.540744 0.534488 0.527826 0.520785 0.513394 0.505682 0.497679 0.489418 0.480933 0.472257 0.463425 0.454472 0.445436 0.436352 0.427256 0.418185 0.409175 0.400262 0.391482 0.382868 0.374456 0.366277 0.358365 0.350749 0.343459 0.336524 0.329968 0.323819 0.318098 0.312827 0.308026 0.303713 0.299904 0.296613 0.293852 0.291631 0.289958 0.288839 0.288279 
0.296691 0.297251 0.29837 0.300043 0.302264 0.305026 0.308317 0.312126 0.316439 0.321239 0.32651 0.332231 0.338381 0.344936 0.351872 0.359161 0.366777 0.37469 0.382868 0.391281 0.399894 0.408675 0.417587 0.426597 0.435668 0.444764 0.453848 0.462885 0.471837 0.480669 0.489345 0.497831 0.506091 0.514094 0.521806 0.529198 0.536238 0.5429 0.549156 0.554982 0.560354 0.565251 0.569654 0.573546 0.57691 0.579734 0.582007 0.583719 0.584864 0.585438 0.585438 0.584864 0.583719 0.582007 0.579734 0.57691 0.573546 0.569654 0.565251 0.560354 0.554982 0.549156 0.5429 0.536238 0.529198 0.521806 0.514094 0.506091 0.497831 0.489345 0.480669 0.471837 0.462885 0.453848 0.444764 0.435668 0.426597 0.417587 0.408675 0.399894 0.391281 0.382868 0.37469 0.366777 0.359161 0.351872 0.344936 0.338381 0.332231 0.32651 0.321239 0.316439 0.312126 0.308317 0.305026 0.302264 0.300043 0.29837 0.297251 0.296691 
0.305304 0.305865 0.306983 0.308656 0.310878 0.313639 0.31693 0.320739 0.325052 0.329853 0.335124 0.340845 0.346994 0.353549 0.360485 0.367775 0.375391 0.383303 0.391482 0.399894 0.408507 0.417288 0.426201 0.435211 0.444282 0.453378 0.462462 0.471498 0.48045 0.489282 0.497959 0.506444 0.514705 0.522707 0.53042 0.537811 0.544852 0.551513 0.55777 0.563595 0.568968 0.573865 0.578268 0.582159 0.585523 0.588347 0.59062 0.592332 0.593478 0.594051 0.594051 0.593478 0.592332 0.59062 0.588347 0.585523 0.582159 0.578268 0.573865 0.568968 0.563595 0.55777 0.551513 0.544852 0.537811 0.53042 0.522707 0.514705 0.506444 0.497959 0.489282 0.48045 0.471498 0.462462 0.453378 0.444282 0.435211 0.426201 0.417288 0.408507 0.399894 0.391482 0.383303 0.375391 0.367775 0.360485 0.353549 0.346994 0.340845 0.335124 0.329853 0.325052 0.320739 0.31693 0.313639 0.310878 0.308656 0.306983 0.305865 0.305304 
0.314085 0.314645 0.315764 0.317437 0.319658 0.322419 0.325711 0.32952 0.333833 0.338633 0.343904 0.349625 0.355775 0.36233 0.369266 0.376555 0.384171 0.392084 0.400262 0.408675 0.417288 0.426068 0.434981 0.443991 0.453062 0.462158 0.471242 0.480279 0.489231 0.498063 0.506739 0.515225 0.523485 0.531488 0.5392 0.546592 0.553632 0.560294 0.56655 0.572376 0.577748 0.582645 0.587048 0.59094 0.594304 0.597128 0.5994 0.601113 0.602258 0.602832 0.602832 0.602258 0.601113 0.5994 0.597128 0.594304 0.59094 0.587048 0.582645 0.577748 0.572376 0.56655 0.560294 0.553632 0.546592 0.5392 0.531488 0.523485 0.515225 0.506739 0.498063 0.489231 0.480279 0.471242 0.462158 0.453062 0.443991 0.434981 0.426068 0.417288 0.408675 0.400262 0.392084 0.384171 0.376555 0.369266 0.36233 0.355775 0.349625 0.343904 0.338633 0.333833 0.32952 0.325711 0.322419 0.319658 0.317437 0.315764 0.314645 0.314085 
0.322998 0.323558 0.324677 0.32635 0.328571 0.331332 0.334624 0.338433 0.342746 0.347546 0.352817 0.358538 0.364688 0.371243 0.378178 0.385468 0.393084 0.400997 0.409175 0.417587 0.426201 0.434981 0.443894 0.452904 0.461975 0.471071 0.480155 0.489192 0.498144 0.506976 0.515652 0.524137 0.532398 0.540401 0.548113 0.555504 0.562545 0.569207 0.575463 0.581289 0.586661 0.591558 0.595961 0.599852 0.603217 0.606041 0.608313 0.610026 0.611171 0.611745 0.611745 0.611171 0.610026 0.608313 0.606041 0.603217 0.599852 0.595961 0.591558 0.586661 0.581289 0.575463 0.569207 0.562545 0.555504 0.548113 0.540401 0.532398 0.524137 0.515652 0.506976 0.498144 0.489192 0.480155 0.471071 0.461975 0.452904 0.443894 0.434981 0.426201 0.417587 0.409175 0.400997 0.393084 0.385468 0.378178 0.371243 0.364688 0.358538 0.352817 0.347546 0.342746 0.338433 0.334624 0.331332 0.328571 0.32635 0.324677 0.323558 0.322998 
0.332008 0.332568 0.333687 0.33536 0.337581 0.340342 0.343633 0.347442 0.351755 0.356556 0.361827 0.367548 0.373697 0.380253 0.387188 0.394478 0.402094 0.410006 0.418185 0.426597 0.435211 0.443991 0.452904 0.461914 0.470985 0.480081 0.489165 0.498202 0.507154 0.515986 0.524662 0.533147 0.541408 0.549411 0.557123 0.564514 0.571555 0.578217 0.584473 0.590299 0.595671 0.600568 0.604971 0.608862 0.612227 0.615051 0.617323 0.619035 0.620181 0.620755 0.620755 0.620181 0.619035 0.617323 0.615051 0.612227 0.608862 0.604971 0.600568 0.595671 0.590299 0.584473 0.578217 0.571555 0.564514 0.557123 0.549411 0.541408 0.533147 0.524662 0.515986 0.507154 0.498202 0.489165 0.480081 0.470985 0.461914 0.452904 0.443991 0.435211 0.426597 0.418185 0.410006 0.402094 0.394478 0.387188 0.380253 0.373697 0.367548 0.361827 0.356556 0.351755 0.347442 0.343633 0.340342 0.337581 0.33536 0.333687 0.332568 0.332008 
0.341079 0.341639 0.342758 0.344431 0.346652 0.349413 0.352704 0.356513 0.360826 0.365627 0.370898 0.376619 0.382768 0.389324 0.396259 0.403549 0.411165 0.419077 0.427256 0.435668 0.444282 0.453062 0.461975 0.470985 0.480056 0.489152 0.498236 0.507272 0.516225 0.525057 0.533733 0.542218 0.550479 0.558482 0.566194 0.573585 0.580626 0.587288 0.593544 0.59937 0.604742 0.609639 0.614042 0.617933 0.621298 0.624122 0.626394 0.628106 0.629252 0.629825 0.629825 0.629252 0.628106 0.626394 0.624122 0.621298 0.617933 0.614042 0.609639 0.604742 0.59937 0.593544 0.587288 0.580626 0.573585 0.566194 0.558482 0.550479 0.542218 0.533733 0.525057 0.516225 0.507272 0.498236 0.489152 0.480056 0.470985 0.461975 0.453062 0.444282 0.435668 0.427256 0.419077 0.411165 0.403549 0.396259 0.389324 0.382768 0.376619 0.370898 0.365627 0.360826 0.356513 0.352704 0.349413 0.346652 0.344431 0.342758 0.341639 0.341079 
0.350174 0.350735 0.351854 0.353527 0.355748 0.358509 0.3618 0.365609 0.369922 0.374723 0.379994 0.385715 0.391864 0.398419 0.405355 0.412645 0.420261 0.428173 0.436352 0.444764 0.453378 0.462158 0.471071 0.480081 0.489152 0.498248 0.507332 0.516368 0.525321 0.534152 0.542829 0.551314 0.559575 0.567577 0.57529 0.582681 0.589722 0.596383 0.60264 0.608465 0.613838 0.618735 0.623138 0.627029 0.630393 0.633217 0.63549 0.637202 0.638348 0.638921 0.638921 0.638348 0.637202 0.63549 0.633217 0.630393 0.627029 0.623138 0.618735 0.613838 0.608465 0.60264 0.596383 0.589722 0.582681 0.57529 0.567577 0.559575 0.551314 0.542829 0.534152 0.525321 0.516368 0.507332 0.498248 0.489152 0.480081 0.471071 0.462158 0.453378 0.444764 0.436352 0.428173 0.420261 0.412645 0.405355 0.398419 0.391864 0.385715 0.379994 0.374723 0.369922 0.365609 0.3618 0.358509 0.355748 0.353527 0.351854 0.350735 0.350174 
0.359259 0.359819 0.360938 0.362611 0.364832 0.367593 0.370885 0.374694 0.379007 0.383807 0.389078 0.394799 0.400949 0.407504 0.414439 0.421729 0.429345 0.437258 0.445436 0.453848 0.462462 0.471242 0.480155 0.489165 0.498236 0.507332 0.516416 0.525453 0.534405 0.543237 0.551913 0.560398 0.568659 0.576662 0.584374 0.591765 0.598806 0.605468 0.611724 0.61755 0.622922 0.627819 0.632222 0.636114 0.639478 0.642302 0.644574 0.646287 0.647432 0.648006 0.648006 0.647432 0.646287 0.644574 0.642302 0.639478 0.636114 0.632222 0.627819 0.622922 0.61755 0.611724 0.605468 0.598806 0.591765 0.584374 0.576662 0.568659 0.560398 0.551913 0.543237 0.534405 0.525453 0.516416 0.507332 0.498236 0.489165 0.480155 0.471242 0.462462 0.453848 0.445436 0.437258 0.429345 0.421729 0.414439 0.407504 0.400949 0.394799 0.389078 0.383807 0.379007 0.374694 0.370885 0.367593 0.364832 0.362611 0.360938 0.359819 0.359259 
0.368295 0.368856 0.369974 0.371647 0.373868 0.37663 0.379921 0.38373 0.388043 0.392844 0.398114 0.403835 0.409985 0.41654 0.423476 0.430766 0.438382 0.446294 0.454472 0.462885 0.471498 0.480279 0.489192 0.498202 0.507272 0.516368 0.525453 0.534489 0.543441 0.552273 0.560949 0.569435 0.577695 0.585698 0.593411 0.600802 0.607842 0.614504 0.62076 0.626586 0.631958 0.636856 0.641259 0.64515 0.648514 0.651338 0.653611 0.655323 0.656468 0.657042 0.657042 0.656468 0.655323 0.653611 0.651338 0.648514 0.64515 0.641259 0.636856 0.631958 0.626586 0.62076 0.614504 0.607842 0.600802 0.593411 0.585698 0.577695 0.569435 0.560949 0.552273 0.543441 0.534489 0.525453 0.516368 0.507272 0.498202 0.489192 0.480279 0.471498 0.462885 0.454472 0.446294 0.438382 0.430766 0.423476 0.41654 0.409985 0.403835 0.398114 0.392844 0.388043 0.38373 0.379921 0.37663 0.373868 0.371647 0.369974 0.368856 0.368295 
0.377247 0.377808 0.378926 0.380599 0.382821 0.385582 0.388873 0.392682 0.396995 0.401796 0.407067 0.412787 0.418937 0.425492 0.432428 0.439718 0.447334 0.455246 0.463425 0.471837 0.48045 0.489231 0.498144 0.507154 0.516225 0.525321 0.534405 0.543441 0.552393 0.561225 0.569902 0.578387 0.586648 0.59465 0.602363 0.609754 0.616795 0.623456 0.629713 0.635538 0.64091 0.645808 0.650211 0.654102 0.657466 0.66029 0.662563 0.664275 0.665421 0.665994 0.665994 0.665421 0.664275 0.662563 0.66029 0.657466 0.654102 0.650211 0.645808 0.64091 0.635538 0.629713 0.623456 0.616795 0.609754 0.602363 0.59465 0.586648 0.578387 0.569902 0.561225 0.552393 0.543441 0.534405 0.525321 0.516225 0.507154 0.498144 0.489231 0.48045 0.471837 0.463425 0.455246 0.447334 0.439718 0.432428 0.425492 0.418937 0.412787 0.407067 0.401796 0.396995 0.392682 0.388873 0.385582 0.382821 0.380599 0.378926 0.377808 0.377247 
0.386079 0.38664 0.387758 0.389431 0.391653 0.394414 0.397705 0.401514 0.405827 0.410628 0.415898 0.421619 0.427769 0.434324 0.44126 0.44855 0.456166 0.464078 0.472257 0.480669 0.489282 0.498063 0.506976 0.515986 0.525057 0.534152 0.543237 0.552273 0.561225 0.570057 0.578733 0.587219 0.59548 0.603482 0.611195 0.618586 0.625627 0.632288 0.638544 0.64437 0.649742 0.65464 0.659043 0.662934 0.666298 0.669122 0.671395 0.673107 0.674252 0.674826 0.674826 0.674252 0.673107 0.671395 0.669122 0.666298 0.662934 0.659043 0.65464 0.649742 0.64437 0.638544 0.632288 0.625627 0.618586 0.611195 0.603482 0.59548 0.587219 0.578733 0.570057 0.561225 0.552273 0.543237 0.534152 0.525057 0.515986 0.506976 0.498063 0.489282 0.480669 0.472257 0.464078 0.456166 0.44855 0.44126 0.434324 0.427769 0.421619 0.415898 0.410628 0.405827 0.401514 0.397705 0.394414 0.391653 0.389431 0.387758 0.38664 0.386079 
0.394755 0.395316 0.396435 0.398108 0.400329 0.40309 0.406381 0.41019 0.414503 0.419304 0.424575 0.430296 0.436445 0.443 0.449936 0.457226 0.464842 0.472754 0.480933 0.489345 0.497959 0.506739 0.515652 0.524662 0.533733 0.542829 0.551913 0.560949 0.569902 0.578733 0.58741 0.595895 0.604156 0.612158 0.619871 0.627262 0.634303 0.640964 0.647221 0.653046 0.658419 0.663316 0.667719 0.67161 0.674974 0.677798 0.680071 0.681783 0.682929 0.683502 0.683502 0.682929 0.681783 0.680071 0.677798 0.674974 0.67161 0.667719 0.663316 0.658419 0.653046 0.647221 0.640964 0.634303 0.627262 0.619871 0.612158 0.604156 0.595895 0.58741 0.578733 0.569902 0.560949 0.551913 0.542829 0.533733 0.524662 0.515652 0.506739 0.497959 0.489345 0.480933 0.472754 0.464842 0.457226 0.449936 0.443 0.436445 0.430296 0.424575 0.419304 0.414503 0.41019 0.406381 0.40309 0.400329 0.398108 0.396435 0.395316 0.394755 
0.403241 0.403801 0.40492 0.406593 0.408814 0.411575 0.414867 0.418676 0.422989 0.427789 0.43306 0.438781 0.444931 0.451486 0.458422 0.465711 0.473327 0.48124 0.489418 0.497831 0.506444 0.515225 0.524137 0.533147 0.542218 0.551314 0.560398 0.569435 0.578387 0.587219 0.595895 0.604381 0.612641 0.620644 0.628356 0.635748 0.642788 0.64945 0.655706 0.661532 0.666904 0.671801 0.676204 0.680096 0.68346 0.686284 0.688557 0.690269 0.691414 0.691988 0.691988 0.691414 0.690269 0.688557 0.686284 0.68346 0.680096 0.676204 0.671801 0.666904 0.661532 0.655706 0.64945 0.642788 0.635748 0.628356 0.620644 0.612641 0.604381 0.595895 0.587219 0.578387 0.569435 0.560398 0.551314 0.542218 0.533147 0.524137 0.515225 0.506444 0.497831 0.489418 0.48124 0.473327 0.465711 0.458422 0.451486 0.444931 0.438781 0.43306 0.427789 0.422989 0.418676 0.414867 0.411575 0.408814 0.406593 0.40492 0.403801 0.403241 
0.411502 0.412062 0.413181 0.414854 0.417075 0.419836 0.423127 0.426936 0.431249 0.43605 0.441321 0.447042 0.453191 0.459747 0.466682 0.473972 0.481588 0.4895 0.497679 0.506091 0.514705 0.523485 0.532398 0.541408 0.550479 0.559575 0.568659 0.577695 0.586648 0.59548 0.604156 0.612641 0.620902 0.628905 0.636617 0.644008 0.651049 0.657711 0.663967 0.669793 0.675165 0.680062 0.684465 0.688356 0.691721 0.694545 0.696817 0.698529 0.699675 0.700249 0.700249 0.699675 0.698529 0.696817 0.694545 0.691721 0.688356 0.684465 0.680062 0.675165 0.669793 0.663967 0.657711 0.651049 0.644008 0.636617 0.628905 0.620902 0.612641 0.604156 0.59548 0.586648 0.577695 0.568659 0.559575 0.550479 0.541408 0.532398 0.523485 0.514705 0.506091 0.497679 0.4895 0.481588 0.473972 0.466682 0.459747 0.453191 0.447042 0.441321 0.43605 0.431249 0.426936 0.423127 0.419836 0.417075 0.414854 0.413181 0.412062 0.411502 
0.419504 0.420065 0.421183 0.422856 0.425078 0.427839 0.43113 0.434939 0.439252 0.444053 0.449323 0.455044 0.461194 0.467749 0.474685 0.481975 0.489591 0.497503 0.505682 0.514094 0.522707 0.531488 0.540401 0.549411 0.558482 0.567577 0.576662 0.585698 0.59465 0.603482 0.612158 0.620644 0.628905 0.636907 0.64462 0.652011 0.659051 0.665713 0.671969 0.677795 0.683167 0.688065 0.692468 0.696359 0.699723 0.702547 0.70482 0.706532 0.707677 0.708251 0.708251 0.707677 0.706532 0.70482 0.702547 0.699723 0.696359 0.692468 0.688065 0.683167 0.677795 0.671969 0.665713 0.659051 0.652011 0.64462 0.636907 0.628905 0.620644 0.612158 0.603482 0.59465 0.585698 0.576662 0.567577 0.558482 0.549411 0.540401 0.531488 0.522707 0.514094 0.505682 0.497503 0.489591 0.481975 0.474685 0.467749 0.461194 0.455044 0.449323 0.444053 0.439252 0.434939 0.43113 0.427839 0.425078 0.422856 0.421183 0.420065 0.419504 
0.427217 0.427777 0.428896 0.430569 0.43279 0.435551 0.438842 0.442652 0.446964 0.451765 0.457036 0.462757 0.468906 0.475462 0.482397 0.489687 0.497303 0.505216 0.513394 0.521806 0.53042 0.5392 0.548113 0.557123 0.566194 0.57529 0.584374 0.593411 0.602363 0.611195 0.619871 0.628356 0.636617 0.64462 0.652332 0.659723 0.666764 0.673426 0.679682 0.685508 0.69088 0.695777 0.70018 0.704071 0.707436 0.71026 0.712532 0.714245 0.71539 0.715964 0.715964 0.71539 0.714245 0.712532 0.71026 0.707436 0.704071 0.70018 0.695777 0.69088 0.685508 0.679682 0.673426 0.666764 0.659723 0.652332 0.64462 0.636617 0.628356 0.619871 0.611195 0.602363 0.593411 0.584374 0.57529 0.566194 0.557123 0.548113 0.5392 0.53042 0.521806 0.513394 0.505216 0.497303 0.489687 0.482397 0.475462 0.468906 0.462757 0.457036 0.451765 0.446964 0.442652 0.438842 0.435551 0.43279 0.430569 0.428896 0.427777 0.427217 
0.434608 0.435168 0.436287 0.43796 0.440181 0.442943 0.446234 0.450043 0.454356 0.459156 0.464427 0.470148 0.476298 0.482853 0.489789 0.497079 0.504694 0.512607 0.520785 0.529198 0.537811 0.546592 0.555504 0.564514 0.573585 0.582681 0.591765 0.600802 0.609754 0.618586 0.627262 0.635748 0.644008 0.652011 0.659723 0.667115 0.674155 0.680817 0.687073 0.692899 0.698271 0.703168 0.707571 0.711463 0.714827 0.717651 0.719924 0.721636 0.722781 0.723355 0.723355 0.722781 0.721636 0.719924 0.717651 0.714827 0.711463 0.707571 0.703168 0.698271 0.692899 0.687073 0.680817 0.674155 0.667115 0.659723 0.652011 0.644008 0.635748 0.627262 0.618586 0.609754 0.600802 0.591765 0.582681 0.573585 0.564514 0.555504 0.546592 0.537811 0.529198 0.520785 0.512607 0.504694 0.497079 0.489789 0.482853 0.476298 0.470148 0.464427 0.459156 0.454356 0.450043 0.446234 0.442943 0.440181 0.43796 0.436287 0.435168 0.434608 
0.441649 0.442209 0.443328 0.445001 0.447222 0.449983 0.453274 0.457083 0.461396 0.466197 0.471468 0.477189 0.483338 0.489894 0.496829 0.504119 0.511735 0.519647 0.527826 0.536238 0.544852 0.553632 0.562545 0.571555 0.580626 0.589722 0.598806 0.607842 0.616795 0.625627 0.634303 0.642788 0.651049 0.659051 0.666764 0.674155 0.681196 0.687858 0.694114 0.699939 0.705312 0.710209 0.714612 0.718503 0.721868 0.724692 0.726964 0.728676 0.729822 0.730395 0.730395 0.729822 0.728676 0.726964 0.724692 0.721868 0.718503 0.714612 0.710209 0.705312 0.699939 0.694114 0.687858 0.681196 0.674155 0.666764 0.659051 0.651049 0.642788 0.634303 0.625627 0.616795 0.607842 0.598806 0.589722 0.580626 0.571555 0.562545 0.553632 0.544852 0.536238 0.527826 0.519647 0.511735 0.504119 0.496829 0.489894 0.483338 0.477189 0.471468 0.466197 0.461396 0.457083 0.453274 0.449983 0.447222 0.445001 0.443328 0.442209 0.441649 
0.44831 0.448871 0.449989 0.451662 0.453884 0.456645 0.459936 0.463745 0.468058 0.472859 0.478129 0.48385 0.49 0.496555 0.503491 0.510781 0.518397 0.526309 0.534488 0.5429 0.551513 0.560294 0.569207 0.578217 0.587288 0.596383 0.605468 0.614504 0.623456 0.632288 0.640964 0.64945 0.657711 0.665713 0.673426 0.680817 0.687858 0.694519 0.700775 0.706601 0.711973 0.716871 0.721274 0.725165 0.728529 0.731353 0.733626 0.735338 0.736483 0.737057 0.737057 0.736483 0.735338 0.733626 0.731353 0.728529 0.725165 0.721274 0.716871 0.711973 0.706601 0.700775 0.694519 0.687858 0.680817 0.673426 0.665713 0.657711 0.64945 0.640964 0.632288 0.623456 0.614504 0.605468 0.596383 0.587288 0.578217 0.569207 0.560294 0.551513 0.5429 0.534488 0.526309 0.518397 0.510781 0.503491 0.496555 0.49 0.48385 0.478129 0.472859 0.468058 0.463745 0.459936 0.456645 0.453884 0.451662 0.449989 0.448871 0.44831 
0.454566 0.455127 0.456246 0.457919 0.46014 0.462901 0.466192 0.470001 0.474314 0.479115 0.484386 0.490107 0.496256 0.502811 0.509747 0.517037 0.524653 0.532565 0.540744 0.549156 0.55777 0.56655 0.575463 0.584473 0.593544 0.60264 0.611724 0.62076 0.629713 0.638544 0.647221 0.655706 0.663967 0.671969 0.679682 0.687073 0.694114 0.700775 0.707032 0.712857 0.71823 0.723127 0.72753 0.731421 0.734785 0.737609 0.739882 0.741594 0.74274 0.743313 0.743313 0.74274 0.741594 0.739882 0.737609 0.734785 0.731421 0.72753 0.723127 0.71823 0.712857 0.707032 0.700775 0.694114 0.687073 0.679682 0.671969 0.663967 0.655706 0.647221 0.638544 0.629713 0.62076 0.611724 0.60264 0.593544 0.584473 0.575463 0.56655 0.55777 0.549156 0.540744 0.532565 0.524653 0.517037 0.509747 0.502811 0.496256 0.490107 0.484386 0.479115 0.474314 0.470001 0.466192 0.462901 0.46014 0.457919 0.456246 0.455127 0.454566 
0.460392 0.460953 0.462071 0.463744 0.465966 0.468727 0.472018 0.475827 0.48014 0.484941 0.490211 0.495932 0.502082 0.508637 0.515573 0.522863 0.530479 0.538391 0.54657 0.554982 0.563595 0.572376 0.581289 0.590299 0.59937 0.608465 0.61755 0.626586 0.635538 0.64437 0.653046 0.661532 0.669793 0.677795 0.685508 0.692899 0.699939 0.706601 0.712857 0.718683 0.724055 0.728953 0.733356 0.737247 0.740611 0.743435 0.745708 0.74742 0.748565 0.749139 0.749139 0.748565 0.74742 0.745708 0.743435 0.740611 0.737247 0.733356 0.728953 0.724055 0.718683 0.712857 0.706601 0.699939 0.692899 0.685508 0.677795 0.669793 0.661532 0.653046 0.64437 0.635538 0.626586 0.61755 0.608465 0.59937 0.590299 0.581289 0.572376 0.563595 0.554982 0.54657 0.538391 0.530479 0.522863 0.515573 0.508637 0.502082 0.495932 0.490211 0.484941 0.48014 0.475827 0.472018 0.468727 0.465966 0.463744 0.462071 0.460953 0.460392 
0.465764 0.466325 0.467443 0.469116 0.471338 0.474099 0.47739 0.481199 0.485512 0.490313 0.495584 0.501305 0.507454 0.514009 0.520945 0.528235 0.535851 0.543763 0.551942 0.560354 0.568968 0.577748 0.586661 0.595671 0.604742 0.613838 0.622922 0.631958 0.64091 0.649742 0.658419 0.666904 0.675165 0.683167 0.69088 0.698271 0.705312 0.711973 0.71823 0.724055 0.729428 0.734325 0.738728 0.742619 0.745983 0.748807 0.75108 0.752792 0.753938 0.754511 0.754511 0.753938 0.752792 0.75108 0.748807 0.745983 0.742619 0.738728 0.734325 0.729428 0.724055 0.71823 0.711973 0.705312 0.698271 0.69088 0.683167 0.675165 0.666904 0.658419 0.649742 0.64091 0.631958 0.622922 0.613838 0.604742 0.595671 0.586661 0.577748 0.568968 0.560354 0.551942 0.543763 0.535851 0.528235 0.520945 0.514009 0.507454 0.501305 0.495584 0.490313 0.485512 0.481199 0.47739 0.474099 0.471338 0.469116 0.467443 0.466325 0.465764 
0.470662 0.471222 0.472341 0.474014 0.476235 0.478996 0.482287 0.486097 0.490409 0.49521 0.500481 0.506202 0.512352 0.518907 0.525842 0.533132 0.540748 0.548661 0.556839 0.565251 0.573865 0.582645 0.591558 0.600568 0.609639 0.618735 0.627819 0.636856 0.645808 0.65464 0.663316 0.671801 0.680062 0.688065 0.695777 0.703168 0.710209 0.716871 0.723127 0.728953 0.734325 0.739222 0.743625 0.747516 0.750881 0.753705 0.755977 0.75769 0.758835 0.759409 0.759409 0.758835 0.75769 0.755977 0.753705 0.750881 0.747516 0.743625 0.739222 0.734325 0.728953 0.723127 0.716871 0.710209 0.703168 0.695777 0.688065 0.680062 0.671801 0.663316 0.65464 0.645808 0.636856 0.627819 0.618735 0.609639 0.600568 0.591558 0.582645 0.573865 0.565251 0.556839 0.548661 0.540748 0.533132 0.525842 0.518907 0.512352 0.506202 0.500481 0.49521 0.490409 0.486097 0.482287 0.478996 0.476235 0.474014 0.472341 0.471222 0.470662 
0.475065 0.475625 0.476744 0.478417 0.480638 0.483399 0.48669 0.4905 0.494812 0.499613 0.504884 0.510605 0.516755 0.52331 0.530245 0.537535 0.545151 0.553064 0.561242 0.569654 0.578268 0.587048 0.595961 0.604971 0.614042 0.623138 0.632222 0.641259 0.650211 0.659043 0.667719 0.676204 0.684465 0.692468 0.70018 0.707571 0.714612 0.721274 0.72753 0.733356 0.738728 0.743625 0.748028 0.751919 0.755284 0.758108 0.76038 0.762093 0.763238 0.763812 0.763812 0.763238 0.762093 0.76038 0.758108 0.755284 0.751919 0.748028 0.743625 0.738728 0.733356 0.72753 0.721274 0.714612 0.707571 0.70018 0.692468 0.684465 0.676204 0.667719 0.659043 0.650211 0.641259 0.632222 0.623138 0.614042 0.604971 0.595961 0.587048 0.578268 0.569654 0.561242 0.553064 0.545151 0.537535 0.530245 0.52331 0.516755 0.510605 0.504884 0.499613 0.494812 0.4905 0.48669 0.483399 0.480638 0.478417 0.476744 0.475625 0.475065 
0.478956 0.479516 0.480635 0.482308 0.484529 0.487291 0.490582 0.494391 0.498704 0.503505 0.508775 0.514496 0.520646 0.527201 0.534137 0.541427 0.549042 0.556955 0.565133 0.573546 0.582159 0.59094 0.599852 0.608862 0.617933 0.627029 0.636114 0.64515 0.654102 0.662934 0.67161 0.680096 0.688356 0.696359 0.704071 0.711463 0.718503 0.725165 0.731421 0.737247 0.742619 0.747516 0.751919 0.755811 0.759175 0.761999 0.764272 0.765984 0.767129 0.767703 0.767703 0.767129 0.765984 0.764272 0.761999 0.759175 0.755811 0.751919 0.747516 0.742619 0.737247 0.731421 0.725165 0.718503 0.711463 0.704071 0.696359 0.688356 0.680096 0.67161 0.662934 0.654102 0.64515 0.636114 0.627029 0.617933 0.608862 0.599852 0.59094 0.582159 0.573546 0.565133 0.556955 0.549042 0.541427 0.534137 0.527201 0.520646 0.514496 0.508775 0.503505 0.498704 0.494391 0.490582 0.487291 0.484529 0.482308 0.480635 0.479516 0.478956 
