0.237878 0.237901 0.237948 0.238019 0.238112 0.238229 0.238367 0.238527 0.238709 0.23891 0.239131 0.239371 0.239629 0.239903 0.240193 0.240497 0.240815 0.241145 0.241485 0.241835 0.242193 0.242557 0.242927 0.2433 0.243676 0.244052 0.244427 0.244801 0.24517 0.245535 0.245893 0.246242 0.246583 0.246913 0.24723 0.247535 0.247824 0.248099 0.248356 0.248596 0.248817 0.249019 0.2492 0.24936 0.249499 0.249615 0.249709 0.249779 0.249826 0.24985 0.24985 0.249826 0.249779 0.249709 0.249615 0.249499 0.24936 0.2492 0.249019 0.248817 0.248596 0.248356 0.248099 0.247824 0.247535 0.24723 0.246913 0.246583 0.246242 0.245893 0.245535 0.24517 0.244801 0.244427 0.244052 0.243676 0.2433 0.242927 0.242557 0.242193 0.241835 0.241485 0.241145 0.240815 0.240497 0.240193 0.239903 0.239629 0.239371 0.239131 0.23891 0.238709 0.238527 0.238367 0.238229 0.238112 0.238019 0.237948 0.237901 0.237878 
0.237901 0.237925 0.237972 0.238043 0.238136 0.238252 0.238391 0.238551 0.238732 0.238934 0.239155 0.239395 0.239653 0.239927 0.240217 0.240521 0.240839 0.241169 0.241509 0.241859 0.242217 0.242581 0.242951 0.243324 0.2437 0.244076 0.244452 0.244825 0.245195 0.245559 0.245917 0.246267 0.246607 0.246937 0.247255 0.247559 0.247849 0.248123 0.248381 0.248621 0.248842 0.249044 0.249225 0.249385 0.249524 0.24964 0.249733 0.249804 0.249851 0.249875 0.249875 0.249851 0.249804 0.249733 0.24964 0.249524 0.249385 0.249225 0.249044 0.248842 0.248621 0.248381 0.248123 0.247849 0.247559 0.247255 0.246937 0.246607 0.246267 0.245917 0.245559 0.245195 0.244825 0.244452 0.244076 0.2437 0.243324 0.242951 0.242581 0.242217 0.241859 0.241509 0.241169 0.240839 0.240521 0.240217 0.239927 0.239653 0.239395 0.239155 0.238934 0.238732 0.238551 0.238391 0.238252 0.238136 0.238043 0.237972 0.237925 0.237901 
0.237948 0.237972 0.238019 0.23809 0.238183 0.2383 0.238438 0.238598 0.23878 0.238981 0.239203 0.239443 0.2397 0.239974 0.240265 0.240569 0.240887 0.241217 0.241557 0.241907 0.242265 0.242629 0.242999 0.243373 0.243748 0.244125 0.2445 0.244874 0.245243 0.245608 0.245966 0.246316 0.246656 0.246986 0.247304 0.247608 0.247898 0.248173 0.24843 0.24867 0.248891 0.249093 0.249274 0.249435 0.249573 0.249689 0.249783 0.249853 0.249901 0.249924 0.249924 0.249901 0.249853 0.249783 0.249689 0.249573 0.249435 0.249274 0.249093 0.248891 0.24867 0.24843 0.248173 0.247898 0.247608 0.247304 0.246986 0.246656 0.246316 0.245966 0.245608 0.245243 0.244874 0.2445 0.244125 0.243748 0.243373 0.242999 0.242629 0.242265 0.241907 0.241557 0.241217 0.240887 0.240569 0.240265 0.239974 0.2397 0.239443 0.239203 0.238981 0.23878 0.238598 0.238438 0.2383 0.238183 0.23809 0.238019 0.237972 0.237948 
0.238019 0.238043 0.23809 0.23816 0.238254 0.23837 0.238509 0.238669 0.23885 0.239052 0.239273 0.239513 0.239771 0.240046 0.240336 0.24064 0.240958 0.241288 0.241629 0.241979 0.242337 0.242701 0.243071 0.243445 0.24382 0.244197 0.244573 0.244946 0.245316 0.245681 0.246039 0.246389 0.246729 0.247059 0.247377 0.247682 0.247972 0.248246 0.248504 0.248744 0.248965 0.249167 0.249348 0.249508 0.249647 0.249763 0.249857 0.249928 0.249975 0.249998 0.249998 0.249975 0.249928 0.249857 0.249763 0.249647 0.249508 0.249348 0.249167 0.248965 0.248744 0.248504 0.248246 0.247972 0.247682 0.247377 0.247059 0.246729 0.246389 0.246039 0.245681 0.245316 0.244946 0.244573 0.244197 0.24382 0.243445 0.243071 0.242701 0.242337 0.241979 0.241629 0.241288 0.240958 0.24064 0.240336 0.240046 0.239771 0.239513 0.239273 0.239052 0.23885 0.238669 0.238509 0.23837 0.238254 0.23816 0.23809 0.238043 0.238019 
0.238112 0.238136 0.238183 0.238254 0.238348 0.238464 0.238603 0.238763 0.238944 0.239146 0.239368 0.239608 0.239865 0.24014 0.24043 0.240735 0.241053 0.241383 0.241724 0.242074 0.242432 0.242797 0.243167 0.24354 0.243916 0.244293 0.244669 0.245042 0.245412 0.245777 0.246135 0.246485 0.246826 0.247156 0.247474 0.247779 0.248069 0.248344 0.248601 0.248842 0.249063 0.249265 0.249446 0.249606 0.249745 0.249862 0.249955 0.250026 0.250073 0.250097 0.250097 0.250073 0.250026 0.249955 0.249862 0.249745 0.249606 0.249446 0.249265 0.249063 0.248842 0.248601 0.248344 0.248069 0.247779 0.247474 0.247156 0.246826 0.246485 0.246135 0.245777 0.245412 0.245042 0.244669 0.244293 0.243916 0.24354 0.243167 0.242797 0.242432 0.242074 0.241724 0.241383 0.241053 0.240735 0.24043 0.24014 0.239865 0.239608 0.239368 0.239146 0.238944 0.238763 0.238603 0.238464 0.238348 0.238254 0.238183 0.238136 0.238112 
0.238229 0.238252 0.2383 0.23837 0.238464 0.23858 0.238719 0.23888 0.239061 0.239263 0.239484 0.239725 0.239983 0.240257 0.240548 0.240852 0.24117 0.241501 0.241842 0.242192 0.24255 0.242915 0.243285 0.243659 0.244035 0.244412 0.244788 0.245162 0.245532 0.245897 0.246255 0.246606 0.246947 0.247277 0.247595 0.2479 0.24819 0.248465 0.248723 0.248963 0.249184 0.249386 0.249568 0.249728 0.249867 0.249984 0.250077 0.250148 0.250195 0.250219 0.250219 0.250195 0.250148 0.250077 0.249984 0.249867 0.249728 0.249568 0.249386 0.249184 0.248963 0.248723 0.248465 0.24819 0.2479 0.247595 0.247277 0.246947 0.246606 0.246255 0.245897 0.245532 0.245162 0.244788 0.244412 0.244035 0.243659 0.243285 0.242915 0.24255 0.242192 0.241842 0.241501 0.24117 0.240852 0.240548 0.240257 0.239983 0.239725 0.239484 0.239263 0.239061 0.23888 0.238719 0.23858 0.238464 0.23837 0.2383 0.238252 0.238229 
0.238367 0.238391 0.238438 0.238509 0.238603 0.238719 0.238858 0.239018 0.2392 0.239402 0.239624 0.239864 0.240122 0.240397 0.240687 0.240992 0.241311 0.241641 0.241982 0.242333 0.242691 0.243056 0.243427 0.243801 0.244177 0.244554 0.244931 0.245304 0.245675 0.24604 0.246399 0.246749 0.24709 0.247421 0.247739 0.248044 0.248335 0.248609 0.248867 0.249108 0.249329 0.249531 0.249713 0.249873 0.250012 0.250129 0.250223 0.250293 0.25034 0.250364 0.250364 0.25034 0.250293 0.250223 0.250129 0.250012 0.249873 0.249713 0.249531 0.249329 0.249108 0.248867 0.248609 0.248335 0.248044 0.247739 0.247421 0.24709 0.246749 0.246399 0.24604 0.245675 0.245304 0.244931 0.244554 0.244177 0.243801 0.243427 0.243056 0.242691 0.242333 0.241982 0.241641 0.241311 0.240992 0.240687 0.240397 0.240122 0.239864 0.239624 0.239402 0.2392 0.239018 0.238858 0.238719 0.238603 0.238509 0.238438 0.238391 0.238367 
0.238527 0.238551 0.238598 0.238669 0.238763 0.23888 0.239018 0.239179 0.239361 0.239563 0.239785 0.240025 0.240283 0.240559 0.240849 0.241154 0.241473 0.241804 0.242145 0.242496 0.242854 0.24322 0.24359 0.243965 0.244341 0.244719 0.245095 0.245469 0.24584 0.246205 0.246564 0.246915 0.247256 0.247587 0.247905 0.248211 0.248501 0.248776 0.249035 0.249275 0.249497 0.249699 0.249881 0.250041 0.25018 0.250297 0.250391 0.250461 0.250509 0.250532 0.250532 0.250509 0.250461 0.250391 0.250297 0.25018 0.250041 0.249881 0.249699 0.249497 0.249275 0.249035 0.248776 0.248501 0.248211 0.247905 0.247587 0.247256 0.246915 0.246564 0.246205 0.24584 0.245469 0.245095 0.244719 0.244341 0.243965 0.24359 0.24322 0.242854 0.242496 0.242145 0.241804 0.241473 0.241154 0.240849 0.240559 0.240283 0.240025 0.239785 0.239563 0.239361 0.239179 0.239018 0.23888 0.238763 0.238669 0.238598 0.238551 0.238527 
0.238709 0.238732 0.23878 0.23885 0.238944 0.239061 0.2392 0.239361 0.239543 0.239745 0.239967 0.240208 0.240466 0.240741 0.241032 0.241338 0.241656 0.241987 0.242329 0.24268 0.243039 0.243405 0.243776 0.24415 0.244527 0.244904 0.245281 0.245656 0.246027 0.246392 0.246752 0.247102 0.247444 0.247775 0.248094 0.248399 0.24869 0.248965 0.249224 0.249464 0.249686 0.249889 0.250071 0.250231 0.25037 0.250487 0.250581 0.250652 0.250699 0.250723 0.250723 0.250699 0.250652 0.250581 0.250487 0.25037 0.250231 0.250071 0.249889 0.249686 0.249464 0.249224 0.248965 0.24869 0.248399 0.248094 0.247775 0.247444 0.247102 0.246752 0.246392 0.246027 0.245656 0.245281 0.244904 0.244527 0.24415 0.243776 0.243405 0.243039 0.24268 0.242329 0.241987 0.241656 0.241338 0.241032 0.240741 0.240466 0.240208 0.239967 0.239745 0.239543 0.239361 0.2392 0.239061 0.238944 0.23885 0.23878 0.238732 0.238709 
0.23891 0.238934 0.238981 0.239052 0.239146 0.239263 0.239402 0.239563 0.239745 0.239948 0.24017 0.24041 0.240669 0.240945 0.241236 0.241541 0.24186 0.242192 0.242533 0.242885 0.243244 0.24361 0.243981 0.244356 0.244733 0.245111 0.245488 0.245863 0.246234 0.246601 0.24696 0.247311 0.247653 0.247984 0.248303 0.248609 0.2489 0.249176 0.249434 0.249675 0.249897 0.2501 0.250282 0.250443 0.250582 0.250699 0.250793 0.250863 0.250911 0.250934 0.250934 0.250911 0.250863 0.250793 0.250699 0.250582 0.250443 0.250282 0.2501 0.249897 0.249675 0.249434 0.249176 0.2489 0.248609 0.248303 0.247984 0.247653 0.247311 0.24696 0.246601 0.246234 0.245863 0.245488 0.245111 0.244733 0.244356 0.243981 0.24361 0.243244 0.242885 0.242533 0.242192 0.24186 0.241541 0.241236 0.240945 0.240669 0.24041 0.24017 0.239948 0.239745 0.239563 0.239402 0.239263 0.239146 0.239052 0.238981 0.238934 0.23891 
0.239131 0.239155 0.239203 0.239273 0.239368 0.239484 0.239624 0.239785 0.239967 0.24017 0.240392 0.240633 0.240892 0.241168 0.241459 0.241765 0.242084 0.242416 0.242758 0.24311 0.243469 0.243836 0.244207 0.244582 0.24496 0.245338 0.245716 0.246091 0.246462 0.246829 0.247189 0.24754 0.247882 0.248214 0.248533 0.248839 0.249131 0.249406 0.249665 0.249906 0.250129 0.250331 0.250513 0.250674 0.250814 0.250931 0.251025 0.251095 0.251143 0.251167 0.251167 0.251143 0.251095 0.251025 0.250931 0.250814 0.250674 0.250513 0.250331 0.250129 0.249906 0.249665 0.249406 0.249131 0.248839 0.248533 0.248214 0.247882 0.24754 0.247189 0.246829 0.246462 0.246091 0.245716 0.245338 0.24496 0.244582 0.244207 0.243836 0.243469 0.24311 0.242758 0.242416 0.242084 0.241765 0.241459 0.241168 0.240892 0.240633 0.240392 0.24017 0.239967 0.239785 0.239624 0.239484 0.239368 0.239273 0.239203 0.239155 0.239131 
0.239371 0.239395 0.239443 0.239513 0.239608 0.239725 0.239864 0.240025 0.240208 0.24041 0.240633 0.240874 0.241133 0.24141 0.241701 0.242008 0.242327 0.242659 0.243001 0.243354 0.243713 0.24408 0.244452 0.244828 0.245206 0.245584 0.245962 0.246338 0.246709 0.247076 0.247436 0.247788 0.248131 0.248463 0.248782 0.249089 0.24938 0.249656 0.249915 0.250157 0.250379 0.250582 0.250765 0.250926 0.251065 0.251182 0.251276 0.251347 0.251395 0.251419 0.251419 0.251395 0.251347 0.251276 0.251182 0.251065 0.250926 0.250765 0.250582 0.250379 0.250157 0.249915 0.249656 0.24938 0.249089 0.248782 0.248463 0.248131 0.247788 0.247436 0.247076 0.246709 0.246338 0.245962 0.245584 0.245206 0.244828 0.244452 0.24408 0.243713 0.243354 0.243001 0.242659 0.242327 0.242008 0.241701 0.24141 0.241133 0.240874 0.240633 0.24041 0.240208 0.240025 0.239864 0.239725 0.239608 0.239513 0.239443 0.239395 0.239371 
0.239629 0.239653 0.2397 0.239771 0.239865 0.239983 0.240122 0.240283 0.240466 0.240669 0.240892 0.241133 0.241393 0.241669 0.241961 0.242268 0.242588 0.24292 0.243263 0.243615 0.243976 0.244343 0.244715 0.245091 0.24547 0.245848 0.246227 0.246603 0.246975 0.247342 0.247703 0.248055 0.248398 0.24873 0.24905 0.249357 0.249649 0.249925 0.250184 0.250426 0.250649 0.250852 0.251034 0.251196 0.251335 0.251452 0.251547 0.251618 0.251665 0.251689 0.251689 0.251665 0.251618 0.251547 0.251452 0.251335 0.251196 0.251034 0.250852 0.250649 0.250426 0.250184 0.249925 0.249649 0.249357 0.24905 0.24873 0.248398 0.248055 0.247703 0.247342 0.246975 0.246603 0.246227 0.245848 0.24547 0.245091 0.244715 0.244343 0.243976 0.243615 0.243263 0.24292 0.242588 0.242268 0.241961 0.241669 0.241393 0.241133 0.240892 0.240669 0.240466 0.240283 0.240122 0.239983 0.239865 0.239771 0.2397 0.239653 0.239629 
0.239903 0.239927 0.239974 0.240046 0.24014 0.240257 0.240397 0.240559 0.240741 0.240945 0.241168 0.24141 0.241669 0.241946 0.242238 0.242545 0.242865 0.243198 0.243541 0.243894 0.244255 0.244623 0.244995 0.245372 0.24575 0.24613 0.246508 0.246885 0.247258 0.247625 0.247986 0.248339 0.248682 0.249015 0.249335 0.249642 0.249934 0.250211 0.250471 0.250713 0.250935 0.251139 0.251322 0.251483 0.251623 0.25174 0.251834 0.251906 0.251953 0.251977 0.251977 0.251953 0.251906 0.251834 0.25174 0.251623 0.251483 0.251322 0.251139 0.250935 0.250713 0.250471 0.250211 0.249934 0.249642 0.249335 0.249015 0.248682 0.248339 0.247986 0.247625 0.247258 0.246885 0.246508 0.24613 0.24575 0.245372 0.244995 0.244623 0.244255 0.243894 0.243541 0.243198 0.242865 0.242545 0.242238 0.241946 0.241669 0.24141 0.241168 0.240945 0.240741 0.240559 0.240397 0.240257 0.24014 0.240046 0.239974 0.239927 0.239903 
0.240193 0.240217 0.240265 0.240336 0.24043 0.240548 0.240687 0.240849 0.241032 0.241236 0.241459 0.241701 0.241961 0.242238 0.242531 0.242838 0.243159 0.243492 0.243836 0.244189 0.24455 0.244918 0.245291 0.245668 0.246047 0.246427 0.246806 0.247183 0.247556 0.247924 0.248286 0.248639 0.248983 0.249315 0.249636 0.249943 0.250236 0.250513 0.250773 0.251015 0.251239 0.251442 0.251625 0.251787 0.251927 0.252044 0.252139 0.25221 0.252258 0.252281 0.252281 0.252258 0.25221 0.252139 0.252044 0.251927 0.251787 0.251625 0.251442 0.251239 0.251015 0.250773 0.250513 0.250236 0.249943 0.249636 0.249315 0.248983 0.248639 0.248286 0.247924 0.247556 0.247183 0.246806 0.246427 0.246047 0.245668 0.245291 0.244918 0.24455 0.244189 0.243836 0.243492 0.243159 0.242838 0.242531 0.242238 0.241961 0.241701 0.241459 0.241236 0.241032 0.240849 0.240687 0.240548 0.24043 0.240336 0.240265 0.240217 0.240193 
0.240497 0.240521 0.240569 0.24064 0.240735 0.240852 0.240992 0.241154 0.241338 0.241541 0.241765 0.242008 0.242268 0.242545 0.242838 0.243146 0.243467 0.243801 0.244144 0.244498 0.24486 0.245229 0.245602 0.24598 0.246359 0.24674 0.247119 0.247497 0.24787 0.248239 0.2486 0.248954 0.249298 0.249632 0.249952 0.25026 0.250553 0.250831 0.251091 0.251334 0.251557 0.251761 0.251944 0.252106 0.252246 0.252364 0.252458 0.25253 0.252577 0.252601 0.252601 0.252577 0.25253 0.252458 0.252364 0.252246 0.252106 0.251944 0.251761 0.251557 0.251334 0.251091 0.250831 0.250553 0.25026 0.249952 0.249632 0.249298 0.248954 0.2486 0.248239 0.24787 0.247497 0.247119 0.24674 0.246359 0.24598 0.245602 0.245229 0.24486 0.244498 0.244144 0.243801 0.243467 0.243146 0.242838 0.242545 0.242268 0.242008 0.241765 0.241541 0.241338 0.241154 0.240992 0.240852 0.240735 0.24064 0.240569 0.240521 0.240497 
0.240815 0.240839 0.240887 0.240958 0.241053 0.24117 0.241311 0.241473 0.241656 0.24186 0.242084 0.242327 0.242588 0.242865 0.243159 0.243467 0.243789 0.244122 0.244467 0.244821 0.245184 0.245552 0.245927 0.246304 0.246685 0.247065 0.247446 0.247823 0.248198 0.248566 0.248929 0.249283 0.249627 0.249961 0.250283 0.250591 0.250884 0.251162 0.251423 0.251665 0.251889 0.252093 0.252277 0.252439 0.252579 0.252697 0.252792 0.252863 0.252911 0.252935 0.252935 0.252911 0.252863 0.252792 0.252697 0.252579 0.252439 0.252277 0.252093 0.251889 0.251665 0.251423 0.251162 0.250884 0.250591 0.250283 0.249961 0.249627 0.249283 0.248929 0.248566 0.248198 0.247823 0.247446 0.247065 0.246685 0.246304 0.245927 0.245552 0.245184 0.244821 0.244467 0.244122 0.243789 0.243467 0.243159 0.242865 0.242588 0.242327 0.242084 0.24186 0.241656 0.241473 0.241311 0.24117 0.241053 0.240958 0.240887 0.240839 0.240815 
0.241145 0.241169 0.241217 0.241288 0.241383 0.241501 0.241641 0.241804 0.241987 0.242192 0.242416 0.242659 0.24292 0.243198 0.243492 0.243801 0.244122 0.244457 0.244802 0.245156 0.245519 0.245889 0.246263 0.246642 0.247022 0.247404 0.247784 0.248163 0.248537 0.248907 0.249269 0.249624 0.249969 0.250303 0.250625 0.250934 0.251228 0.251506 0.251767 0.25201 0.252234 0.252439 0.252622 0.252785 0.252925 0.253043 0.253138 0.253209 0.253257 0.253281 0.253281 0.253257 0.253209 0.253138 0.253043 0.252925 0.252785 0.252622 0.252439 0.252234 0.25201 0.251767 0.251506 0.251228 0.250934 0.250625 0.250303 0.249969 0.249624 0.249269 0.248907 0.248537 0.248163 0.247784 0.247404 0.247022 0.246642 0.246263 0.245889 0.245519 0.245156 0.244802 0.244457 0.244122 0.243801 0.243492 0.243198 0.24292 0.242659 0.242416 0.242192 0.241987 0.241804 0.241641 0.241501 0.241383 0.241288 0.241217 0.241169 0.241145 
0.241485 0.241509 0.241557 0.241629 0.241724 0.241842 0.241982 0.242145 0.242329 0.242533 0.242758 0.243001 0.243263 0.243541 0.243836 0.244144 0.244467 0.244802 0.245147 0.245502 0.245866 0.246235 0.246611 0.24699 0.247371 0.247753 0.248134 0.248513 0.248888 0.249258 0.249621 0.249976 0.250322 0.250656 0.250979 0.251288 0.251582 0.251861 0.252122 0.252366 0.25259 0.252795 0.252979 0.253141 0.253282 0.2534 0.253495 0.253567 0.253614 0.253638 0.253638 0.253614 0.253567 0.253495 0.2534 0.253282 0.253141 0.252979 0.252795 0.25259 0.252366 0.252122 0.251861 0.251582 0.251288 0.250979 0.250656 0.250322 0.249976 0.249621 0.249258 0.248888 0.248513 0.248134 0.247753 0.247371 0.24699 0.246611 0.246235 0.245866 0.245502 0.245147 0.244802 0.244467 0.244144 0.243836 0.243541 0.243263 0.243001 0.242758 0.242533 0.242329 0.242145 0.241982 0.241842 0.241724 0.241629 0.241557 0.241509 0.241485 
0.241835 0.241859 0.241907 0.241979 0.242074 0.242192 0.242333 0.242496 0.24268 0.242885 0.24311 0.243354 0.243615 0.243894 0.244189 0.244498 0.244821 0.245156 0.245502 0.245858 0.246222 0.246592 0.246968 0.247348 0.247729 0.248112 0.248493 0.248873 0.249248 0.249619 0.249983 0.250339 0.250684 0.25102 0.251342 0.251652 0.251947 0.252226 0.252487 0.252731 0.252956 0.253161 0.253345 0.253508 0.253649 0.253767 0.253862 0.253934 0.253982 0.254006 0.254006 0.253982 0.253934 0.253862 0.253767 0.253649 0.253508 0.253345 0.253161 0.252956 0.252731 0.252487 0.252226 0.251947 0.251652 0.251342 0.25102 0.250684 0.250339 0.249983 0.249619 0.249248 0.248873 0.248493 0.248112 0.247729 0.247348 0.246968 0.246592 0.246222 0.245858 0.245502 0.245156 0.244821 0.244498 0.244189 0.243894 0.243615 0.243354 0.24311 0.242885 0.24268 0.242496 0.242333 0.242192 0.242074 0.241979 0.241907 0.241859 0.241835 
0.242193 0.242217 0.242265 0.242337 0.242432 0.24255 0.242691 0.242854 0.243039 0.243244 0.243469 0.243713 0.243976 0.244255 0.24455 0.24486 0.245184 0.245519 0.245866 0.246222 0.246586 0.246957 0.247334 0.247713 0.248096 0.248479 0.248861 0.249241 0.249617 0.249988 0.250353 0.250709 0.251055 0.251391 0.251715 0.252024 0.25232 0.252599 0.252861 0.253105 0.25333 0.253535 0.25372 0.253883 0.254024 0.254142 0.254238 0.254309 0.254357 0.254382 0.254382 0.254357 0.254309 0.254238 0.254142 0.254024 0.253883 0.25372 0.253535 0.25333 0.253105 0.252861 0.252599 0.25232 0.252024 0.251715 0.251391 0.251055 0.250709 0.250353 0.249988 0.249617 0.249241 0.248861 0.248479 0.248096 0.247713 0.247334 0.246957 0.246586 0.246222 0.245866 0.245519 0.245184 0.24486 0.24455 0.244255 0.243976 0.243713 0.243469 0.243244 0.243039 0.242854 0.242691 0.24255 0.242432 0.242337 0.242265 0.242217 0.242193 
0.242557 0.242581 0.242629 0.242701 0.242797 0.242915 0.243056 0.24322 0.243405 0.24361 0.243836 0.24408 0.244343 0.244623 0.244918 0.245229 0.245552 0.245889 0.246235 0.246592 0.246957 0.247329 0.247705 0.248086 0.248469 0.248853 0.249235 0.249616 0.249993 0.250365 0.250729 0.251086 0.251433 0.251769 0.252093 0.252404 0.252699 0.252979 0.253241 0.253486 0.253711 0.253917 0.254102 0.254265 0.254406 0.254525 0.25462 0.254692 0.25474 0.254764 0.254764 0.25474 0.254692 0.25462 0.254525 0.254406 0.254265 0.254102 0.253917 0.253711 0.253486 0.253241 0.252979 0.252699 0.252404 0.252093 0.251769 0.251433 0.251086 0.250729 0.250365 0.249993 0.249616 0.249235 0.248853 0.248469 0.248086 0.247705 0.247329 0.246957 0.246592 0.246235 0.245889 0.245552 0.245229 0.244918 0.244623 0.244343 0.24408 0.243836 0.24361 0.243405 0.24322 0.243056 0.242915 0.242797 0.242701 0.242629 0.242581 0.242557 
0.242927 0.242951 0.242999 0.243071 0.243167 0.243285 0.243427 0.24359 0.243776 0.243981 0.244207 0.244452 0.244715 0.244995 0.245291 0.245602 0.245927 0.246263 0.246611 0.246968 0.247334 0.247705 0.248083 0.248464 0.248848 0.249232 0.249615 0.249996 0.250374 0.250746 0.251111 0.251468 0.251816 0.252153 0.252477 0.252788 0.253084 0.253364 0.253627 0.253872 0.254098 0.254304 0.254489 0.254652 0.254794 0.254912 0.255008 0.25508 0.255128 0.255152 0.255152 0.255128 0.25508 0.255008 0.254912 0.254794 0.254652 0.254489 0.254304 0.254098 0.253872 0.253627 0.253364 0.253084 0.252788 0.252477 0.252153 0.251816 0.251468 0.251111 0.250746 0.250374 0.249996 0.249615 0.249232 0.248848 0.248464 0.248083 0.247705 0.247334 0.246968 0.246611 0.246263 0.245927 0.245602 0.245291 0.244995 0.244715 0.244452 0.244207 0.243981 0.243776 0.24359 0.243427 0.243285 0.243167 0.243071 0.242999 0.242951 0.242927 
0.2433 0.243324 0.243373 0.243445 0.24354 0.243659 0.243801 0.243965 0.24415 0.244356 0.244582 0.244828 0.245091 0.245372 0.245668 0.24598 0.246304 0.246642 0.24699 0.247348 0.247713 0.248086 0.248464 0.248846 0.24923 0.249615 0.249999 0.250381 0.250758 0.251131 0.251497 0.251855 0.252203 0.25254 0.252865 0.253176 0.253473 0.253753 0.254017 0.254262 0.254488 0.254694 0.25488 0.255044 0.255185 0.255304 0.2554 0.255472 0.25552 0.255544 0.255544 0.25552 0.255472 0.2554 0.255304 0.255185 0.255044 0.25488 0.254694 0.254488 0.254262 0.254017 0.253753 0.253473 0.253176 0.252865 0.25254 0.252203 0.251855 0.251497 0.251131 0.250758 0.250381 0.249999 0.249615 0.24923 0.248846 0.248464 0.248086 0.247713 0.247348 0.24699 0.246642 0.246304 0.24598 0.245668 0.245372 0.245091 0.244828 0.244582 0.244356 0.24415 0.243965 0.243801 0.243659 0.24354 0.243445 0.243373 0.243324 0.2433 
0.243676 0.2437 0.243748 0.24382 0.243916 0.244035 0.244177 0.244341 0.244527 0.244733 0.24496 0.245206 0.24547 0.24575 0.246047 0.246359 0.246685 0.247022 0.247371 0.247729 0.248096 0.248469 0.248848 0.24923 0.249615 0.25 0.250385 0.250767 0.251146 0.251518 0.251885 0.252243 0.252592 0.25293 0.253255 0.253567 0.253864 0.254145 0.254409 0.254654 0.254881 0.255087 0.255273 0.255437 0.255579 0.255698 0.255794 0.255866 0.255914 0.255939 0.255939 0.255914 0.255866 0.255794 0.255698 0.255579 0.255437 0.255273 0.255087 0.254881 0.254654 0.254409 0.254145 0.253864 0.253567 0.253255 0.25293 0.252592 0.252243 0.251885 0.251518 0.251146 0.250767 0.250385 0.25 0.249615 0.24923 0.248848 0.248469 0.248096 0.247729 0.247371 0.247022 0.246685 0.246359 0.246047 0.24575 0.24547 0.245206 0.24496 0.244733 0.244527 0.244341 0.244177 0.244035 0.243916 0.24382 0.243748 0.2437 0.243676 
0.244052 0.244076 0.244125 0.244197 0.244293 0.244412 0.244554 0.244719 0.244904 0.245111 0.245338 0.245584 0.245848 0.24613 0.246427 0.24674 0.247065 0.247404 0.247753 0.248112 0.248479 0.248853 0.249232 0.249615 0.25 0.250386 0.250771 0.251154 0.251533 0.251907 0.252274 0.252633 0.252982 0.25332 0.253646 0.253959 0.254256 0.254537 0.254801 0.255048 0.255274 0.255481 0.255667 0.255832 0.255974 0.256093 0.256189 0.256261 0.256309 0.256334 0.256334 0.256309 0.256261 0.256189 0.256093 0.255974 0.255832 0.255667 0.255481 0.255274 0.255048 0.254801 0.254537 0.254256 0.253959 0.253646 0.25332 0.252982 0.252633 0.252274 0.251907 0.251533 0.251154 0.250771 0.250386 0.25 0.249615 0.249232 0.248853 0.248479 0.248112 0.247753 0.247404 0.247065 0.24674 0.246427 0.24613 0.245848 0.245584 0.245338 0.245111 0.244904 0.244719 0.244554 0.244412 0.244293 0.244197 0.244125 0.244076 0.244052 
0.244427 0.244452 0.2445 0.244573 0.244669 0.244788 0.244931 0.245095 0.245281 0.245488 0.245716 0.245962 0.246227 0.246508 0.246806 0.247119 0.247446 0.247784 0.248134 0.248493 0.248861 0.249235 0.249615 0.249999 0.250385 0.250771 0.251157 0.25154 0.25192 0.252294 0.252662 0.253021 0.253371 0.25371 0.254037 0.254349 0.254647 0.254929 0.255194 0.25544 0.255667 0.255874 0.256061 0.256225 0.256367 0.256487 0.256583 0.256655 0.256704 0.256728 0.256728 0.256704 0.256655 0.256583 0.256487 0.256367 0.256225 0.256061 0.255874 0.255667 0.25544 0.255194 0.254929 0.254647 0.254349 0.254037 0.25371 0.253371 0.253021 0.252662 0.252294 0.25192 0.25154 0.251157 0.250771 0.250385 0.249999 0.249615 0.249235 0.248861 0.248493 0.248134 0.247784 0.247446 0.247119 0.246806 0.246508 0.246227 0.245962 0.245716 0.245488 0.245281 0.245095 0.244931 0.244788 0.244669 0.244573 0.2445 0.244452 0.244427 
0.244801 0.244825 0.244874 0.244946 0.245042 0.245162 0.245304 0.245469 0.245656 0.245863 0.246091 0.246338 0.246603 0.246885 0.247183 0.247497 0.247823 0.248163 0.248513 0.248873 0.249241 0.249616 0.249996 0.250381 0.250767 0.251154 0.25154 0.251925 0.252305 0.25268 0.253048 0.253408 0.253758 0.254098 0.254424 0.254738 0.255036 0.255318 0.255583 0.25583 0.256057 0.256265 0.256451 0.256616 0.256759 0.256878 0.256975 0.257047 0.257096 0.25712 0.25712 0.257096 0.257047 0.256975 0.256878 0.256759 0.256616 0.256451 0.256265 0.256057 0.25583 0.255583 0.255318 0.255036 0.254738 0.254424 0.254098 0.253758 0.253408 0.253048 0.25268 0.252305 0.251925 0.25154 0.251154 0.250767 0.250381 0.249996 0.249616 0.249241 0.248873 0.248513 0.248163 0.247823 0.247497 0.247183 0.246885 0.246603 0.246338 0.246091 0.245863 0.245656 0.245469 0.245304 0.245162 0.245042 0.244946 0.244874 0.244825 0.244801 
0.24517 0.245195 0.245243 0.245316 0.245412 0.245532 0.245675 0.24584 0.246027 0.246234 0.246462 0.246709 0.246975 0.247258 0.247556 0.24787 0.248198 0.248537 0.248888 0.249248 0.249617 0.249993 0.250374 0.250758 0.251146 0.251533 0.25192 0.252305 0.252686 0.253061 0.25343 0.25379 0.254141 0.254481 0.254809 0.255122 0.255421 0.255703 0.255969 0.256216 0.256444 0.256652 0.256839 0.257004 0.257146 0.257266 0.257363 0.257435 0.257484 0.257508 0.257508 0.257484 0.257435 0.257363 0.257266 0.257146 0.257004 0.256839 0.256652 0.256444 0.256216 0.255969 0.255703 0.255421 0.255122 0.254809 0.254481 0.254141 0.25379 0.25343 0.253061 0.252686 0.252305 0.25192 0.251533 0.251146 0.250758 0.250374 0.249993 0.249617 0.249248 0.248888 0.248537 0.248198 0.24787 0.247556 0.247258 0.246975 0.246709 0.246462 0.246234 0.246027 0.24584 0.245675 0.245532 0.245412 0.245316 0.245243 0.245195 0.24517 
0.245535 0.245559 0.245608 0.245681 0.245777 0.245897 0.24604 0.246205 0.246392 0.246601 0.246829 0.247076 0.247342 0.247625 0.247924 0.248239 0.248566 0.248907 0.249258 0.249619 0.249988 0.250365 0.250746 0.251131 0.251518 0.251907 0.252294 0.25268 0.253061 0.253437 0.253806 0.254168 0.254519 0.254859 0.255187 0.255501 0.2558 0.256084 0.256349 0.256597 0.256825 0.257033 0.25722 0.257386 0.257528 0.257649 0.257745 0.257818 0.257866 0.257891 0.257891 0.257866 0.257818 0.257745 0.257649 0.257528 0.257386 0.25722 0.257033 0.256825 0.256597 0.256349 0.256084 0.2558 0.255501 0.255187 0.254859 0.254519 0.254168 0.253806 0.253437 0.253061 0.25268 0.252294 0.251907 0.251518 0.251131 0.250746 0.250365 0.249988 0.249619 0.249258 0.248907 0.248566 0.248239 0.247924 0.247625 0.247342 0.247076 0.246829 0.246601 0.246392 0.246205 0.24604 0.245897 0.245777 0.245681 0.245608 0.245559 0.245535 
0.245893 0.245917 0.245966 0.246039 0.246135 0.246255 0.246399 0.246564 0.246752 0.24696 0.247189 0.247436 0.247703 0.247986 0.248286 0.2486 0.248929 0.249269 0.249621 0.249983 0.250353 0.250729 0.251111 0.251497 0.251885 0.252274 0.252662 0.253048 0.25343 0.253806 0.254177 0.254538 0.25489 0.25523 0.255559 0.255873 0.256173 0.256457 0.256723 0.256971 0.257199 0.257408 0.257595 0.257761 0.257904 0.258024 0.258121 0.258193 0.258242 0.258267 0.258267 0.258242 0.258193 0.258121 0.258024 0.257904 0.257761 0.257595 0.257408 0.257199 0.256971 0.256723 0.256457 0.256173 0.255873 0.255559 0.25523 0.25489 0.254538 0.254177 0.253806 0.25343 0.253048 0.252662 0.252274 0.251885 0.251497 0.251111 0.250729 0.250353 0.249983 0.249621 0.249269 0.248929 0.2486 0.248286 0.247986 0.247703 0.247436 0.247189 0.24696 0.246752 0.246564 0.246399 0.246255 0.246135 0.246039 0.245966 0.245917 0.245893 
0.246242 0.246267 0.246316 0.246389 0.246485 0.246606 0.246749 0.246915 0.247102 0.247311 0.24754 0.247788 0.248055 0.248339 0.248639 0.248954 0.249283 0.249624 0.249976 0.250339 0.250709 0.251086 0.251468 0.251855 0.252243 0.252633 0.253021 0.253408 0.25379 0.254168 0.254538 0.2549 0.255252 0.255594 0.255922 0.256238 0.256537 0.256822 0.257088 0.257336 0.257565 0.257774 0.257961 0.258127 0.258271 0.258391 0.258488 0.258561 0.25861 0.258634 0.258634 0.25861 0.258561 0.258488 0.258391 0.258271 0.258127 0.257961 0.257774 0.257565 0.257336 0.257088 0.256822 0.256537 0.256238 0.255922 0.255594 0.255252 0.2549 0.254538 0.254168 0.25379 0.253408 0.253021 0.252633 0.252243 0.251855 0.251468 0.251086 0.250709 0.250339 0.249976 0.249624 0.249283 0.248954 0.248639 0.248339 0.248055 0.247788 0.24754 0.247311 0.247102 0.246915 0.246749 0.246606 0.246485 0.246389 0.246316 0.246267 0.246242 
0.246583 0.246607 0.246656 0.246729 0.246826 0.246947 0.24709 0.247256 0.247444 0.247653 0.247882 0.248131 0.248398 0.248682 0.248983 0.249298 0.249627 0.249969 0.250322 0.250684 0.251055 0.251433 0.251816 0.252203 0.252592 0.252982 0.253371 0.253758 0.254141 0.254519 0.25489 0.255252 0.255605 0.255947 0.256276 0.256592 0.256892 0.257176 0.257443 0.257692 0.257921 0.25813 0.258318 0.258484 0.258628 0.258748 0.258845 0.258918 0.258967 0.258991 0.258991 0.258967 0.258918 0.258845 0.258748 0.258628 0.258484 0.258318 0.25813 0.257921 0.257692 0.257443 0.257176 0.256892 0.256592 0.256276 0.255947 0.255605 0.255252 0.25489 0.254519 0.254141 0.253758 0.253371 0.252982 0.252592 0.252203 0.251816 0.251433 0.251055 0.250684 0.250322 0.249969 0.249627 0.249298 0.248983 0.248682 0.248398 0.248131 0.247882 0.247653 0.247444 0.247256 0.24709 0.246947 0.246826 0.246729 0.246656 0.246607 0.246583 
0.246913 0.246937 0.246986 0.247059 0.247156 0.247277 0.247421 0.247587 0.247775 0.247984 0.248214 0.248463 0.24873 0.249015 0.249315 0.249632 0.249961 0.250303 0.250656 0.25102 0.251391 0.251769 0.252153 0.25254 0.25293 0.25332 0.25371 0.254098 0.254481 0.254859 0.25523 0.255594 0.255947 0.256289 0.256619 0.256935 0.257236 0.25752 0.257787 0.258037 0.258266 0.258475 0.258663 0.25883 0.258973 0.259094 0.259191 0.259264 0.259313 0.259338 0.259338 0.259313 0.259264 0.259191 0.259094 0.258973 0.25883 0.258663 0.258475 0.258266 0.258037 0.257787 0.25752 0.257236 0.256935 0.256619 0.256289 0.255947 0.255594 0.25523 0.254859 0.254481 0.254098 0.25371 0.25332 0.25293 0.25254 0.252153 0.251769 0.251391 0.25102 0.250656 0.250303 0.249961 0.249632 0.249315 0.249015 0.24873 0.248463 0.248214 0.247984 0.247775 0.247587 0.247421 0.247277 0.247156 0.247059 0.246986 0.246937 0.246913 
0.24723 0.247255 0.247304 0.247377 0.247474 0.247595 0.247739 0.247905 0.248094 0.248303 0.248533 0.248782 0.24905 0.249335 0.249636 0.249952 0.250283 0.250625 0.250979 0.251342 0.251715 0.252093 0.252477 0.252865 0.253255 0.253646 0.254037 0.254424 0.254809 0.255187 0.255559 0.255922 0.256276 0.256619 0.256949 0.257265 0.257567 0.257851 0.258119 0.258368 0.258598 0.258808 0.258996 0.259162 0.259306 0.259427 0.259525 0.259598 0.259647 0.259671 0.259671 0.259647 0.259598 0.259525 0.259427 0.259306 0.259162 0.258996 0.258808 0.258598 0.258368 0.258119 0.257851 0.257567 0.257265 0.256949 0.256619 0.256276 0.255922 0.255559 0.255187 0.254809 0.254424 0.254037 0.253646 0.253255 0.252865 0.252477 0.252093 0.251715 0.251342 0.250979 0.250625 0.250283 0.249952 0.249636 0.249335 0.24905 0.248782 0.248533 0.248303 0.248094 0.247905 0.247739 0.247595 0.247474 0.247377 0.247304 0.247255 0.24723 
0.247535 0.247559 0.247608 0.247682 0.247779 0.2479 0.248044 0.248211 0.248399 0.248609 0.248839 0.249089 0.249357 0.249642 0.249943 0.25026 0.250591 0.250934 0.251288 0.251652 0.252024 0.252404 0.252788 0.253176 0.253567 0.253959 0.254349 0.254738 0.255122 0.255501 0.255873 0.256238 0.256592 0.256935 0.257265 0.257582 0.257883 0.258169 0.258437 0.258687 0.258916 0.259126 0.259315 0.259482 0.259626 0.259747 0.259844 0.259917 0.259966 0.259991 0.259991 0.259966 0.259917 0.259844 0.259747 0.259626 0.259482 0.259315 0.259126 0.258916 0.258687 0.258437 0.258169 0.257883 0.257582 0.257265 0.256935 0.256592 0.256238 0.255873 0.255501 0.255122 0.254738 0.254349 0.253959 0.253567 0.253176 0.252788 0.252404 0.252024 0.251652 0.251288 0.250934 0.250591 0.25026 0.249943 0.249642 0.249357 0.249089 0.248839 0.248609 0.248399 0.248211 0.248044 0.2479 0.247779 0.247682 0.247608 0.247559 0.247535 
0.247824 0.247849 0.247898 0.247972 0.248069 0.24819 0.248335 0.248501 0.24869 0.2489 0.249131 0.24938 0.249649 0.249934 0.250236 0.250553 0.250884 0.251228 0.251582 0.251947 0.25232 0.252699 0.253084 0.253473 0.253864 0.254256 0.254647 0.255036 0.255421 0.2558 0.256173 0.256537 0.256892 0.257236 0.257567 0.257883 0.258186 0.258471 0.25874 0.258989 0.25922 0.25943 0.259619 0.259785 0.25993 0.260051 0.260148 0.260222 0.260271 0.260295 0.260295 0.260271 0.260222 0.260148 0.260051 0.25993 0.259785 0.259619 0.25943 0.25922 0.258989 0.25874 0.258471 0.258186 0.257883 0.257567 0.257236 0.256892 0.256537 0.256173 0.2558 0.255421 0.255036 0.254647 0.254256 0.253864 0.253473 0.253084 0.252699 0.25232 0.251947 0.251582 0.251228 0.250884 0.250553 0.250236 0.249934 0.249649 0.24938 0.249131 0.2489 0.24869 0.248501 0.248335 0.24819 0.248069 0.247972 0.247898 0.247849 0.247824 
0.248099 0.248123 0.248173 0.248246 0.248344 0.248465 0.248609 0.248776 0.248965 0.249176 0.249406 0.249656 0.249925 0.250211 0.250513 0.250831 0.251162 0.251506 0.251861 0.252226 0.252599 0.252979 0.253364 0.253753 0.254145 0.254537 0.254929 0.255318 0.255703 0.256084 0.256457 0.256822 0.257176 0.25752 0.257851 0.258169 0.258471 0.258757 0.259026 0.259276 0.259506 0.259717 0.259906 0.260073 0.260217 0.260339 0.260436 0.26051 0.260559 0.260583 0.260583 0.260559 0.26051 0.260436 0.260339 0.260217 0.260073 0.259906 0.259717 0.259506 0.259276 0.259026 0.258757 0.258471 0.258169 0.257851 0.25752 0.257176 0.256822 0.256457 0.256084 0.255703 0.255318 0.254929 0.254537 0.254145 0.253753 0.253364 0.252979 0.252599 0.252226 0.251861 0.251506 0.251162 0.250831 0.250513 0.250211 0.249925 0.249656 0.249406 0.249176 0.248965 0.248776 0.248609 0.248465 0.248344 0.248246 0.248173 0.248123 0.248099 
0.248356 0.248381 0.24843 0.248504 0.248601 0.248723 0.248867 0.249035 0.249224 0.249434 0.249665 0.249915 0.250184 0.250471 0.250773 0.251091 0.251423 0.251767 0.252122 0.252487 0.252861 0.253241 0.253627 0.254017 0.254409 0.254801 0.255194 0.255583 0.255969 0.256349 0.256723 0.257088 0.257443 0.257787 0.258119 0.258437 0.25874 0.259026 0.259295 0.259545 0.259776 0.259986 0.260176 0.260343 0.260487 0.260609 0.260706 0.26078 0.260829 0.260854 0.260854 0.260829 0.26078 0.260706 0.260609 0.260487 0.260343 0.260176 0.259986 0.259776 0.259545 0.259295 0.259026 0.25874 0.258437 0.258119 0.257787 0.257443 0.257088 0.256723 0.256349 0.255969 0.255583 0.255194 0.254801 0.254409 0.254017 0.253627 0.253241 0.252861 0.252487 0.252122 0.251767 0.251423 0.251091 0.250773 0.250471 0.250184 0.249915 0.249665 0.249434 0.249224 0.249035 0.248867 0.248723 0.248601 0.248504 0.24843 0.248381 0.248356 
0.248596 0.248621 0.24867 0.248744 0.248842 0.248963 0.249108 0.249275 0.249464 0.249675 0.249906 0.250157 0.250426 0.250713 0.251015 0.251334 0.251665 0.25201 0.252366 0.252731 0.253105 0.253486 0.253872 0.254262 0.254654 0.255048 0.25544 0.25583 0.256216 0.256597 0.256971 0.257336 0.257692 0.258037 0.258368 0.258687 0.258989 0.259276 0.259545 0.259796 0.260027 0.260237 0.260427 0.260594 0.260739 0.26086 0.260958 0.261032 0.261081 0.261106 0.261106 0.261081 0.261032 0.260958 0.26086 0.260739 0.260594 0.260427 0.260237 0.260027 0.259796 0.259545 0.259276 0.258989 0.258687 0.258368 0.258037 0.257692 0.257336 0.256971 0.256597 0.256216 0.25583 0.25544 0.255048 0.254654 0.254262 0.253872 0.253486 0.253105 0.252731 0.252366 0.25201 0.251665 0.251334 0.251015 0.250713 0.250426 0.250157 0.249906 0.249675 0.249464 0.249275 0.249108 0.248963 0.248842 0.248744 0.24867 0.248621 0.248596 
0.248817 0.248842 0.248891 0.248965 0.249063 0.249184 0.249329 0.249497 0.249686 0.249897 0.250129 0.250379 0.250649 0.250935 0.251239 0.251557 0.251889 0.252234 0.25259 0.252956 0.25333 0.253711 0.254098 0.254488 0.254881 0.255274 0.255667 0.256057 0.256444 0.256825 0.257199 0.257565 0.257921 0.258266 0.258598 0.258916 0.25922 0.259506 0.259776 0.260027 0.260258 0.260469 0.260658 0.260826 0.260971 0.261092 0.26119 0.261264 0.261313 0.261338 0.261338 0.261313 0.261264 0.26119 0.261092 0.260971 0.260826 0.260658 0.260469 0.260258 0.260027 0.259776 0.259506 0.25922 0.258916 0.258598 0.258266 0.257921 0.257565 0.257199 0.256825 0.256444 0.256057 0.255667 0.255274 0.254881 0.254488 0.254098 0.253711 0.25333 0.252956 0.25259 0.252234 0.251889 0.251557 0.251239 0.250935 0.250649 0.250379 0.250129 0.249897 0.249686 0.249497 0.249329 0.249184 0.249063 0.248965 0.248891 0.248842 0.248817 
0.249019 0.249044 0.249093 0.249167 0.249265 0.249386 0.249531 0.249699 0.249889 0.2501 0.250331 0.250582 0.250852 0.251139 0.251442 0.251761 0.252093 0.252439 0.252795 0.253161 0.253535 0.253917 0.254304 0.254694 0.255087 0.255481 0.255874 0.256265 0.256652 0.257033 0.257408 0.257774 0.25813 0.258475 0.258808 0.259126 0.25943 0.259717 0.259986 0.260237 0.260469 0.26068 0.26087 0.261037 0.261182 0.261304 0.261402 0.261476 0.261525 0.26155 0.26155 0.261525 0.261476 0.261402 0.261304 0.261182 0.261037 0.26087 0.26068 0.260469 0.260237 0.259986 0.259717 0.25943 0.259126 0.258808 0.258475 0.25813 0.257774 0.257408 0.257033 0.256652 0.256265 0.255874 0.255481 0.255087 0.254694 0.254304 0.253917 0.253535 0.253161 0.252795 0.252439 0.252093 0.251761 0.251442 0.251139 0.250852 0.250582 0.250331 0.2501 0.249889 0.249699 0.249531 0.249386 0.249265 0.249167 0.249093 0.249044 0.249019 
0.2492 0.249225 0.249274 0.249348 0.249446 0.249568 0.249713 0.249881 0.250071 0.250282 0.250513 0.250765 0.251034 0.251322 0.251625 0.251944 0.252277 0.252622 0.252979 0.253345 0.25372 0.254102 0.254489 0.25488 0.255273 0.255667 0.256061 0.256451 0.256839 0.25722 0.257595 0.257961 0.258318 0.258663 0.258996 0.259315 0.259619 0.259906 0.260176 0.260427 0.260658 0.26087 0.261059 0.261227 0.261372 0.261494 0.261592 0.261666 0.261715 0.26174 0.26174 0.261715 0.261666 0.261592 0.261494 0.261372 0.261227 0.261059 0.26087 0.260658 0.260427 0.260176 0.259906 0.259619 0.259315 0.258996 0.258663 0.258318 0.257961 0.257595 0.25722 0.256839 0.256451 0.256061 0.255667 0.255273 0.25488 0.254489 0.254102 0.25372 0.253345 0.252979 0.252622 0.252277 0.251944 0.251625 0.251322 0.251034 0.250765 0.250513 0.250282 0.250071 0.249881 0.249713 0.249568 0.249446 0.249348 0.249274 0.249225 0.2492 
0.24936 0.249385 0.249435 0.249508 0.249606 0.249728 0.249873 0.250041 0.250231 0.250443 0.250674 0.250926 0.251196 0.251483 0.251787 0.252106 0.252439 0.252785 0.253141 0.253508 0.253883 0.254265 0.254652 0.255044 0.255437 0.255832 0.256225 0.256616 0.257004 0.257386 0.257761 0.258127 0.258484 0.25883 0.259162 0.259482 0.259785 0.260073 0.260343 0.260594 0.260826 0.261037 0.261227 0.261395 0.26154 0.261662 0.26176 0.261834 0.261883 0.261908 0.261908 0.261883 0.261834 0.26176 0.261662 0.26154 0.261395 0.261227 0.261037 0.260826 0.260594 0.260343 0.260073 0.259785 0.259482 0.259162 0.25883 0.258484 0.258127 0.257761 0.257386 0.257004 0.256616 0.256225 0.255832 0.255437 0.255044 0.254652 0.254265 0.253883 0.253508 0.253141 0.252785 0.252439 0.252106 0.251787 0.251483 0.251196 0.250926 0.250674 0.250443 0.250231 0.250041 0.249873 0.249728 0.249606 0.249508 0.249435 0.249385 0.24936 
