0.295511 0.295894 0.296658 0.2978 0.299316 0.301199 0.303444 0.306039 0.308977 0.312245 0.31583 0.319718 0.323894 0.328343 0.333046 0.337984 0.34314 0.348491 0.354018 0.359699 0.365511 0.371432 0.377437 0.383505 0.389609 0.395727 0.401835 0.407908 0.413921 0.419852 0.425677 0.431373 0.436917 0.442288 0.447463 0.452422 0.457147 0.461617 0.465815 0.469725 0.473331 0.476619 0.479575 0.482188 0.484447 0.486343 0.48787 0.48902 0.489789 0.490175 0.490175 0.489789 0.48902 0.48787 0.486343 0.484447 0.482188 0.479575 0.476619 0.473331 0.469725 0.465815 0.461617 0.457147 0.452422 0.447463 0.442288 0.436917 0.431373 0.425677 0.419852 0.413921 0.407908 0.401835 0.395727 0.389609 0.383505 0.377437 0.371432 0.365511 0.359699 0.354018 0.348491 0.34314 0.337984 0.333046 0.328343 0.323894 0.319718 0.31583 0.312245 0.308977 0.306039 0.303444 0.301199 0.299316 0.2978 0.296658 0.295894 0.295511 
0.295894 0.296277 0.297041 0.298183 0.299698 0.301582 0.303826 0.306422 0.30936 0.312627 0.316212 0.320101 0.324277 0.328725 0.333428 0.338367 0.343522 0.348874 0.354401 0.360082 0.365894 0.371814 0.37782 0.383887 0.389992 0.39611 0.402218 0.40829 0.414304 0.420235 0.42606 0.431756 0.4373 0.44267 0.447845 0.452805 0.457529 0.462 0.466198 0.470108 0.473714 0.477002 0.479958 0.48257 0.48483 0.486726 0.488252 0.489403 0.490172 0.490557 0.490557 0.490172 0.489403 0.488252 0.486726 0.48483 0.48257 0.479958 0.477002 0.473714 0.470108 0.466198 0.462 0.457529 0.452805 0.447845 0.44267 0.4373 0.431756 0.42606 0.420235 0.414304 0.40829 0.402218 0.39611 0.389992 0.383887 0.37782 0.371814 0.365894 0.360082 0.354401 0.348874 0.343522 0.338367 0.333428 0.328725 0.324277 0.320101 0.316212 0.312627 0.30936 0.306422 0.303826 0.301582 0.299698 0.298183 0.297041 0.296277 0.295894 
0.296658 0.297041 0.297804 0.298947 0.300462 0.302346 0.30459 0.307186 0.310123 0.313391 0.316976 0.320864 0.325041 0.329489 0.334192 0.339131 0.344286 0.349638 0.355165 0.360846 0.366658 0.372578 0.378584 0.384651 0.390756 0.396874 0.402981 0.409054 0.415068 0.420999 0.426824 0.43252 0.438064 0.443434 0.448609 0.453569 0.458293 0.462764 0.466962 0.470872 0.474478 0.477765 0.480721 0.483334 0.485593 0.48749 0.489016 0.490166 0.490936 0.491321 0.491321 0.490936 0.490166 0.489016 0.48749 0.485593 0.483334 0.480721 0.477765 0.474478 0.470872 0.466962 0.462764 0.458293 0.453569 0.448609 0.443434 0.438064 0.43252 0.426824 0.420999 0.415068 0.409054 0.402981 0.396874 0.390756 0.384651 0.378584 0.372578 0.366658 0.360846 0.355165 0.349638 0.344286 0.339131 0.334192 0.329489 0.325041 0.320864 0.316976 0.313391 0.310123 0.307186 0.30459 0.302346 0.300462 0.298947 0.297804 0.297041 0.296658 
0.2978 0.298183 0.298947 0.300089 0.301604 0.303488 0.305732 0.308328 0.311266 0.314533 0.318118 0.322006 0.326183 0.330631 0.335334 0.340273 0.345428 0.35078 0.356307 0.361988 0.3678 0.37372 0.379726 0.385793 0.391898 0.398016 0.404123 0.410196 0.41621 0.422141 0.427966 0.433662 0.439206 0.444576 0.449751 0.454711 0.459435 0.463906 0.468104 0.472014 0.47562 0.478907 0.481863 0.484476 0.486735 0.488632 0.490158 0.491309 0.492078 0.492463 0.492463 0.492078 0.491309 0.490158 0.488632 0.486735 0.484476 0.481863 0.478907 0.47562 0.472014 0.468104 0.463906 0.459435 0.454711 0.449751 0.444576 0.439206 0.433662 0.427966 0.422141 0.41621 0.410196 0.404123 0.398016 0.391898 0.385793 0.379726 0.37372 0.3678 0.361988 0.356307 0.35078 0.345428 0.340273 0.335334 0.330631 0.326183 0.322006 0.318118 0.314533 0.311266 0.308328 0.305732 0.303488 0.301604 0.300089 0.298947 0.298183 0.2978 
0.299316 0.299698 0.300462 0.301604 0.30312 0.305004 0.307248 0.309844 0.312781 0.316049 0.319634 0.323522 0.327699 0.332147 0.33685 0.341789 0.346944 0.352296 0.357823 0.363504 0.369316 0.375236 0.381242 0.387309 0.393414 0.399532 0.405639 0.411712 0.417726 0.423657 0.429482 0.435178 0.440722 0.446092 0.451267 0.456227 0.460951 0.465421 0.46962 0.47353 0.477136 0.480423 0.483379 0.485992 0.488251 0.490148 0.491674 0.492824 0.493594 0.493979 0.493979 0.493594 0.492824 0.491674 0.490148 0.488251 0.485992 0.483379 0.480423 0.477136 0.47353 0.46962 0.465421 0.460951 0.456227 0.451267 0.446092 0.440722 0.435178 0.429482 0.423657 0.417726 0.411712 0.405639 0.399532 0.393414 0.387309 0.381242 0.375236 0.369316 0.363504 0.357823 0.352296 0.346944 0.341789 0.33685 0.332147 0.327699 0.323522 0.319634 0.316049 0.312781 0.309844 0.307248 0.305004 0.30312 0.301604 0.300462 0.299698 0.299316 
0.301199 0.301582 0.302346 0.303488 0.305004 0.306887 0.309132 0.311727 0.314665 0.317933 0.321518 0.325406 0.329582 0.334031 0.338734 0.343672 0.348828 0.354179 0.359706 0.365387 0.371199 0.37712 0.383125 0.389193 0.395297 0.401415 0.407523 0.413596 0.419609 0.42554 0.431365 0.437061 0.442605 0.447976 0.453151 0.45811 0.462835 0.467305 0.471503 0.475413 0.479019 0.482307 0.485263 0.487876 0.490135 0.492031 0.493558 0.494708 0.495477 0.495863 0.495863 0.495477 0.494708 0.493558 0.492031 0.490135 0.487876 0.485263 0.482307 0.479019 0.475413 0.471503 0.467305 0.462835 0.45811 0.453151 0.447976 0.442605 0.437061 0.431365 0.42554 0.419609 0.413596 0.407523 0.401415 0.395297 0.389193 0.383125 0.37712 0.371199 0.365387 0.359706 0.354179 0.348828 0.343672 0.338734 0.334031 0.329582 0.325406 0.321518 0.317933 0.314665 0.311727 0.309132 0.306887 0.305004 0.303488 0.302346 0.301582 0.301199 
0.303444 0.303826 0.30459 0.305732 0.307248 0.309132 0.311376 0.313972 0.316909 0.320177 0.323762 0.32765 0.331827 0.336275 0.340978 0.345916 0.351072 0.356423 0.361951 0.367631 0.373443 0.379364 0.38537 0.391437 0.397541 0.40366 0.409767 0.41584 0.421853 0.427785 0.43361 0.439305 0.444849 0.45022 0.455395 0.460355 0.465079 0.469549 0.473748 0.477658 0.481263 0.484551 0.487507 0.49012 0.492379 0.494276 0.495802 0.496952 0.497721 0.498107 0.498107 0.497721 0.496952 0.495802 0.494276 0.492379 0.49012 0.487507 0.484551 0.481263 0.477658 0.473748 0.469549 0.465079 0.460355 0.455395 0.45022 0.444849 0.439305 0.43361 0.427785 0.421853 0.41584 0.409767 0.40366 0.397541 0.391437 0.38537 0.379364 0.373443 0.367631 0.361951 0.356423 0.351072 0.345916 0.340978 0.336275 0.331827 0.32765 0.323762 0.320177 0.316909 0.313972 0.311376 0.309132 0.307248 0.305732 0.30459 0.303826 0.303444 
0.306039 0.306422 0.307186 0.308328 0.309844 0.311727 0.313972 0.316567 0.319505 0.322773 0.326358 0.330246 0.334422 0.338871 0.343574 0.348512 0.353668 0.359019 0.364546 0.370227 0.376039 0.38196 0.387965 0.394033 0.400137 0.406255 0.412363 0.418436 0.424449 0.43038 0.436205 0.441901 0.447445 0.452816 0.457991 0.46295 0.467675 0.472145 0.476343 0.480253 0.483859 0.487147 0.490103 0.492716 0.494975 0.496871 0.498398 0.499548 0.500317 0.500703 0.500703 0.500317 0.499548 0.498398 0.496871 0.494975 0.492716 0.490103 0.487147 0.483859 0.480253 0.476343 0.472145 0.467675 0.46295 0.457991 0.452816 0.447445 0.441901 0.436205 0.43038 0.424449 0.418436 0.412363 0.406255 0.400137 0.394033 0.387965 0.38196 0.376039 0.370227 0.364546 0.359019 0.353668 0.348512 0.343574 0.338871 0.334422 0.330246 0.326358 0.322773 0.319505 0.316567 0.313972 0.311727 0.309844 0.308328 0.307186 0.306422 0.306039 
0.308977 0.30936 0.310123 0.311266 0.312781 0.314665 0.316909 0.319505 0.322442 0.32571 0.329295 0.333183 0.33736 0.341808 0.346511 0.35145 0.356605 0.361957 0.367484 0.373165 0.378977 0.384897 0.390903 0.39697 0.403075 0.409193 0.4153 0.421373 0.427387 0.433318 0.439143 0.444839 0.450383 0.455753 0.460928 0.465888 0.470612 0.475082 0.479281 0.483191 0.486797 0.490084 0.49304 0.495653 0.497912 0.499809 0.501335 0.502485 0.503255 0.50364 0.50364 0.503255 0.502485 0.501335 0.499809 0.497912 0.495653 0.49304 0.490084 0.486797 0.483191 0.479281 0.475082 0.470612 0.465888 0.460928 0.455753 0.450383 0.444839 0.439143 0.433318 0.427387 0.421373 0.4153 0.409193 0.403075 0.39697 0.390903 0.384897 0.378977 0.373165 0.367484 0.361957 0.356605 0.35145 0.346511 0.341808 0.33736 0.333183 0.329295 0.32571 0.322442 0.319505 0.316909 0.314665 0.312781 0.311266 0.310123 0.30936 0.308977 
0.312245 0.312627 0.313391 0.314533 0.316049 0.317933 0.320177 0.322773 0.32571 0.328978 0.332563 0.336451 0.340628 0.345076 0.349779 0.354717 0.359873 0.365224 0.370752 0.376432 0.382244 0.388165 0.394171 0.400238 0.406342 0.412461 0.418568 0.424641 0.430654 0.436586 0.442411 0.448106 0.45365 0.459021 0.464196 0.469156 0.47388 0.47835 0.482549 0.486459 0.490064 0.493352 0.496308 0.498921 0.50118 0.503077 0.504603 0.505753 0.506522 0.506908 0.506908 0.506522 0.505753 0.504603 0.503077 0.50118 0.498921 0.496308 0.493352 0.490064 0.486459 0.482549 0.47835 0.47388 0.469156 0.464196 0.459021 0.45365 0.448106 0.442411 0.436586 0.430654 0.424641 0.418568 0.412461 0.406342 0.400238 0.394171 0.388165 0.382244 0.376432 0.370752 0.365224 0.359873 0.354717 0.349779 0.345076 0.340628 0.336451 0.332563 0.328978 0.32571 0.322773 0.320177 0.317933 0.316049 0.314533 0.313391 0.312627 0.312245 
0.31583 0.316212 0.316976 0.318118 0.319634 0.321518 0.323762 0.326358 0.329295 0.332563 0.336148 0.340036 0.344213 0.348661 0.353364 0.358302 0.363458 0.368809 0.374337 0.380017 0.385829 0.39175 0.397756 0.403823 0.409927 0.416046 0.422153 0.428226 0.434239 0.440171 0.445996 0.451691 0.457235 0.462606 0.467781 0.47274 0.477465 0.481935 0.486134 0.490044 0.493649 0.496937 0.499893 0.502506 0.504765 0.506662 0.508188 0.509338 0.510107 0.510493 0.510493 0.510107 0.509338 0.508188 0.506662 0.504765 0.502506 0.499893 0.496937 0.493649 0.490044 0.486134 0.481935 0.477465 0.47274 0.467781 0.462606 0.457235 0.451691 0.445996 0.440171 0.434239 0.428226 0.422153 0.416046 0.409927 0.403823 0.397756 0.39175 0.385829 0.380017 0.374337 0.368809 0.363458 0.358302 0.353364 0.348661 0.344213 0.340036 0.336148 0.332563 0.329295 0.326358 0.323762 0.321518 0.319634 0.318118 0.316976 0.316212 0.31583 
0.319718 0.320101 0.320864 0.322006 0.323522 0.325406 0.32765 0.330246 0.333183 0.336451 0.340036 0.343924 0.348101 0.352549 0.357252 0.362191 0.367346 0.372698 0.378225 0.383906 0.389718 0.395638 0.401644 0.407711 0.413816 0.419934 0.426041 0.432114 0.438128 0.444059 0.449884 0.45558 0.461124 0.466494 0.471669 0.476629 0.481353 0.485823 0.490022 0.493932 0.497538 0.500825 0.503781 0.506394 0.508653 0.51055 0.512076 0.513226 0.513996 0.514381 0.514381 0.513996 0.513226 0.512076 0.51055 0.508653 0.506394 0.503781 0.500825 0.497538 0.493932 0.490022 0.485823 0.481353 0.476629 0.471669 0.466494 0.461124 0.45558 0.449884 0.444059 0.438128 0.432114 0.426041 0.419934 0.413816 0.407711 0.401644 0.395638 0.389718 0.383906 0.378225 0.372698 0.367346 0.362191 0.357252 0.352549 0.348101 0.343924 0.340036 0.336451 0.333183 0.330246 0.32765 0.325406 0.323522 0.322006 0.320864 0.320101 0.319718 
0.323894 0.324277 0.325041 0.326183 0.327699 0.329582 0.331827 0.334422 0.33736 0.340628 0.344213 0.348101 0.352277 0.356726 0.361429 0.366367 0.371523 0.376874 0.382401 0.388082 0.393894 0.399815 0.40582 0.411888 0.417992 0.42411 0.430218 0.436291 0.442304 0.448235 0.45406 0.459756 0.4653 0.470671 0.475846 0.480805 0.48553 0.49 0.494198 0.498108 0.501714 0.505002 0.507958 0.510571 0.51283 0.514726 0.516253 0.517403 0.518172 0.518558 0.518558 0.518172 0.517403 0.516253 0.514726 0.51283 0.510571 0.507958 0.505002 0.501714 0.498108 0.494198 0.49 0.48553 0.480805 0.475846 0.470671 0.4653 0.459756 0.45406 0.448235 0.442304 0.436291 0.430218 0.42411 0.417992 0.411888 0.40582 0.399815 0.393894 0.388082 0.382401 0.376874 0.371523 0.366367 0.361429 0.356726 0.352277 0.348101 0.344213 0.340628 0.33736 0.334422 0.331827 0.329582 0.327699 0.326183 0.325041 0.324277 0.323894 
0.328343 0.328725 0.329489 0.330631 0.332147 0.334031 0.336275 0.338871 0.341808 0.345076 0.348661 0.352549 0.356726 0.361174 0.365877 0.370816 0.375971 0.381323 0.38685 0.392531 0.398343 0.404263 0.410269 0.416336 0.422441 0.428559 0.434666 0.440739 0.446753 0.452684 0.458509 0.464205 0.469749 0.475119 0.480294 0.485254 0.489978 0.494448 0.498647 0.502557 0.506163 0.50945 0.512406 0.515019 0.517278 0.519175 0.520701 0.521851 0.522621 0.523006 0.523006 0.522621 0.521851 0.520701 0.519175 0.517278 0.515019 0.512406 0.50945 0.506163 0.502557 0.498647 0.494448 0.489978 0.485254 0.480294 0.475119 0.469749 0.464205 0.458509 0.452684 0.446753 0.440739 0.434666 0.428559 0.422441 0.416336 0.410269 0.404263 0.398343 0.392531 0.38685 0.381323 0.375971 0.370816 0.365877 0.361174 0.356726 0.352549 0.348661 0.345076 0.341808 0.338871 0.336275 0.334031 0.332147 0.330631 0.329489 0.328725 0.328343 
0.333046 0.333428 0.334192 0.335334 0.33685 0.338734 0.340978 0.343574 0.346511 0.349779 0.353364 0.357252 0.361429 0.365877 0.37058 0.375518 0.380674 0.386025 0.391552 0.397233 0.403045 0.408966 0.414972 0.421039 0.427143 0.433262 0.439369 0.445442 0.451455 0.457386 0.463211 0.468907 0.474451 0.479822 0.484997 0.489956 0.494681 0.499151 0.50335 0.50726 0.510865 0.514153 0.517109 0.519722 0.521981 0.523877 0.525404 0.526554 0.527323 0.527709 0.527709 0.527323 0.526554 0.525404 0.523877 0.521981 0.519722 0.517109 0.514153 0.510865 0.50726 0.50335 0.499151 0.494681 0.489956 0.484997 0.479822 0.474451 0.468907 0.463211 0.457386 0.451455 0.445442 0.439369 0.433262 0.427143 0.421039 0.414972 0.408966 0.403045 0.397233 0.391552 0.386025 0.380674 0.375518 0.37058 0.365877 0.361429 0.357252 0.353364 0.349779 0.346511 0.343574 0.340978 0.338734 0.33685 0.335334 0.334192 0.333428 0.333046 
0.337984 0.338367 0.339131 0.340273 0.341789 0.343672 0.345916 0.348512 0.35145 0.354717 0.358302 0.362191 0.366367 0.370816 0.375518 0.380457 0.385612 0.390964 0.396491 0.402172 0.407984 0.413905 0.41991 0.425977 0.432082 0.4382 0.444308 0.45038 0.456394 0.462325 0.46815 0.473846 0.47939 0.48476 0.489936 0.494895 0.49962 0.50409 0.508288 0.512198 0.515804 0.519092 0.522048 0.52466 0.52692 0.528816 0.530343 0.531493 0.532262 0.532647 0.532647 0.532262 0.531493 0.530343 0.528816 0.52692 0.52466 0.522048 0.519092 0.515804 0.512198 0.508288 0.50409 0.49962 0.494895 0.489936 0.48476 0.47939 0.473846 0.46815 0.462325 0.456394 0.45038 0.444308 0.4382 0.432082 0.425977 0.41991 0.413905 0.407984 0.402172 0.396491 0.390964 0.385612 0.380457 0.375518 0.370816 0.366367 0.362191 0.358302 0.354717 0.35145 0.348512 0.345916 0.343672 0.341789 0.340273 0.339131 0.338367 0.337984 
0.34314 0.343522 0.344286 0.345428 0.346944 0.348828 0.351072 0.353668 0.356605 0.359873 0.363458 0.367346 0.371523 0.375971 0.380674 0.385612 0.390768 0.396119 0.401647 0.407327 0.413139 0.41906 0.425066 0.431133 0.437237 0.443356 0.449463 0.455536 0.461549 0.467481 0.473306 0.479001 0.484545 0.489916 0.495091 0.500051 0.504775 0.509245 0.513444 0.517354 0.520959 0.524247 0.527203 0.529816 0.532075 0.533972 0.535498 0.536648 0.537417 0.537803 0.537803 0.537417 0.536648 0.535498 0.533972 0.532075 0.529816 0.527203 0.524247 0.520959 0.517354 0.513444 0.509245 0.504775 0.500051 0.495091 0.489916 0.484545 0.479001 0.473306 0.467481 0.461549 0.455536 0.449463 0.443356 0.437237 0.431133 0.425066 0.41906 0.413139 0.407327 0.401647 0.396119 0.390768 0.385612 0.380674 0.375971 0.371523 0.367346 0.363458 0.359873 0.356605 0.353668 0.351072 0.348828 0.346944 0.345428 0.344286 0.343522 0.34314 
0.348491 0.348874 0.349638 0.35078 0.352296 0.354179 0.356423 0.359019 0.361957 0.365224 0.368809 0.372698 0.376874 0.381323 0.386025 0.390964 0.396119 0.401471 0.406998 0.412679 0.418491 0.424412 0.430417 0.436484 0.442589 0.448707 0.454815 0.460887 0.466901 0.472832 0.478657 0.484353 0.489897 0.495267 0.500443 0.505402 0.510127 0.514597 0.518795 0.522705 0.526311 0.529599 0.532555 0.535168 0.537427 0.539323 0.54085 0.542 0.542769 0.543155 0.543155 0.542769 0.542 0.54085 0.539323 0.537427 0.535168 0.532555 0.529599 0.526311 0.522705 0.518795 0.514597 0.510127 0.505402 0.500443 0.495267 0.489897 0.484353 0.478657 0.472832 0.466901 0.460887 0.454815 0.448707 0.442589 0.436484 0.430417 0.424412 0.418491 0.412679 0.406998 0.401471 0.396119 0.390964 0.386025 0.381323 0.376874 0.372698 0.368809 0.365224 0.361957 0.359019 0.356423 0.354179 0.352296 0.35078 0.349638 0.348874 0.348491 
0.354018 0.354401 0.355165 0.356307 0.357823 0.359706 0.361951 0.364546 0.367484 0.370752 0.374337 0.378225 0.382401 0.38685 0.391552 0.396491 0.401647 0.406998 0.412525 0.418206 0.424018 0.429939 0.435944 0.442012 0.448116 0.454234 0.460342 0.466414 0.472428 0.478359 0.484184 0.48988 0.495424 0.500795 0.50597 0.510929 0.515654 0.520124 0.524322 0.528232 0.531838 0.535126 0.538082 0.540695 0.542954 0.54485 0.546377 0.547527 0.548296 0.548682 0.548682 0.548296 0.547527 0.546377 0.54485 0.542954 0.540695 0.538082 0.535126 0.531838 0.528232 0.524322 0.520124 0.515654 0.510929 0.50597 0.500795 0.495424 0.48988 0.484184 0.478359 0.472428 0.466414 0.460342 0.454234 0.448116 0.442012 0.435944 0.429939 0.424018 0.418206 0.412525 0.406998 0.401647 0.396491 0.391552 0.38685 0.382401 0.378225 0.374337 0.370752 0.367484 0.364546 0.361951 0.359706 0.357823 0.356307 0.355165 0.354401 0.354018 
0.359699 0.360082 0.360846 0.361988 0.363504 0.365387 0.367631 0.370227 0.373165 0.376432 0.380017 0.383906 0.388082 0.392531 0.397233 0.402172 0.407327 0.412679 0.418206 0.423887 0.429699 0.43562 0.441625 0.447692 0.453797 0.459915 0.466023 0.472095 0.478109 0.48404 0.489865 0.495561 0.501105 0.506475 0.51165 0.51661 0.521334 0.525805 0.530003 0.533913 0.537519 0.540807 0.543763 0.546375 0.548635 0.550531 0.552058 0.553208 0.553977 0.554362 0.554362 0.553977 0.553208 0.552058 0.550531 0.548635 0.546375 0.543763 0.540807 0.537519 0.533913 0.530003 0.525805 0.521334 0.51661 0.51165 0.506475 0.501105 0.495561 0.489865 0.48404 0.478109 0.472095 0.466023 0.459915 0.453797 0.447692 0.441625 0.43562 0.429699 0.423887 0.418206 0.412679 0.407327 0.402172 0.397233 0.392531 0.388082 0.383906 0.380017 0.376432 0.373165 0.370227 0.367631 0.365387 0.363504 0.361988 0.360846 0.360082 0.359699 
0.365511 0.365894 0.366658 0.3678 0.369316 0.371199 0.373443 0.376039 0.378977 0.382244 0.385829 0.389718 0.393894 0.398343 0.403045 0.407984 0.413139 0.418491 0.424018 0.429699 0.435511 0.441432 0.447437 0.453504 0.459609 0.465727 0.471835 0.477907 0.483921 0.489852 0.495677 0.501373 0.506917 0.512287 0.517463 0.522422 0.527147 0.531617 0.535815 0.539725 0.543331 0.546619 0.549575 0.552187 0.554447 0.556343 0.55787 0.55902 0.559789 0.560174 0.560174 0.559789 0.55902 0.55787 0.556343 0.554447 0.552187 0.549575 0.546619 0.543331 0.539725 0.535815 0.531617 0.527147 0.522422 0.517463 0.512287 0.506917 0.501373 0.495677 0.489852 0.483921 0.477907 0.471835 0.465727 0.459609 0.453504 0.447437 0.441432 0.435511 0.429699 0.424018 0.418491 0.413139 0.407984 0.403045 0.398343 0.393894 0.389718 0.385829 0.382244 0.378977 0.376039 0.373443 0.371199 0.369316 0.3678 0.366658 0.365894 0.365511 
0.371432 0.371814 0.372578 0.37372 0.375236 0.37712 0.379364 0.38196 0.384897 0.388165 0.39175 0.395638 0.399815 0.404263 0.408966 0.413905 0.41906 0.424412 0.429939 0.43562 0.441432 0.447352 0.453358 0.459425 0.46553 0.471648 0.477755 0.483828 0.489842 0.495773 0.501598 0.507294 0.512838 0.518208 0.523383 0.528343 0.533067 0.537537 0.541736 0.545646 0.549252 0.552539 0.555495 0.558108 0.560367 0.562264 0.56379 0.56494 0.56571 0.566095 0.566095 0.56571 0.56494 0.56379 0.562264 0.560367 0.558108 0.555495 0.552539 0.549252 0.545646 0.541736 0.537537 0.533067 0.528343 0.523383 0.518208 0.512838 0.507294 0.501598 0.495773 0.489842 0.483828 0.477755 0.471648 0.46553 0.459425 0.453358 0.447352 0.441432 0.43562 0.429939 0.424412 0.41906 0.413905 0.408966 0.404263 0.399815 0.395638 0.39175 0.388165 0.384897 0.38196 0.379364 0.37712 0.375236 0.37372 0.372578 0.371814 0.371432 
0.377437 0.37782 0.378584 0.379726 0.381242 0.383125 0.38537 0.387965 0.390903 0.394171 0.397756 0.401644 0.40582 0.410269 0.414972 0.41991 0.425066 0.430417 0.435944 0.441625 0.447437 0.453358 0.459363 0.465431 0.471535 0.477653 0.483761 0.489834 0.495847 0.501778 0.507603 0.513299 0.518843 0.524214 0.529389 0.534348 0.539073 0.543543 0.547741 0.551651 0.555257 0.558545 0.561501 0.564114 0.566373 0.568269 0.569796 0.570946 0.571715 0.572101 0.572101 0.571715 0.570946 0.569796 0.568269 0.566373 0.564114 0.561501 0.558545 0.555257 0.551651 0.547741 0.543543 0.539073 0.534348 0.529389 0.524214 0.518843 0.513299 0.507603 0.501778 0.495847 0.489834 0.483761 0.477653 0.471535 0.465431 0.459363 0.453358 0.447437 0.441625 0.435944 0.430417 0.425066 0.41991 0.414972 0.410269 0.40582 0.401644 0.397756 0.394171 0.390903 0.387965 0.38537 0.383125 0.381242 0.379726 0.378584 0.37782 0.377437 
0.383505 0.383887 0.384651 0.385793 0.387309 0.389193 0.391437 0.394033 0.39697 0.400238 0.403823 0.407711 0.411888 0.416336 0.421039 0.425977 0.431133 0.436484 0.442012 0.447692 0.453504 0.459425 0.465431 0.471498 0.477602 0.483721 0.489828 0.495901 0.501914 0.507846 0.513671 0.519366 0.52491 0.530281 0.535456 0.540416 0.54514 0.54961 0.553809 0.557719 0.561324 0.564612 0.567568 0.570181 0.57244 0.574337 0.575863 0.577013 0.577782 0.578168 0.578168 0.577782 0.577013 0.575863 0.574337 0.57244 0.570181 0.567568 0.564612 0.561324 0.557719 0.553809 0.54961 0.54514 0.540416 0.535456 0.530281 0.52491 0.519366 0.513671 0.507846 0.501914 0.495901 0.489828 0.483721 0.477602 0.471498 0.465431 0.459425 0.453504 0.447692 0.442012 0.436484 0.431133 0.425977 0.421039 0.416336 0.411888 0.407711 0.403823 0.400238 0.39697 0.394033 0.391437 0.389193 0.387309 0.385793 0.384651 0.383887 0.383505 
0.389609 0.389992 0.390756 0.391898 0.393414 0.395297 0.397541 0.400137 0.403075 0.406342 0.409927 0.413816 0.417992 0.422441 0.427143 0.432082 0.437237 0.442589 0.448116 0.453797 0.459609 0.46553 0.471535 0.477602 0.483707 0.489825 0.495933 0.502005 0.508019 0.51395 0.519775 0.525471 0.531015 0.536385 0.541561 0.54652 0.551245 0.555715 0.559913 0.563823 0.567429 0.570717 0.573673 0.576286 0.578545 0.580441 0.581968 0.583118 0.583887 0.584273 0.584273 0.583887 0.583118 0.581968 0.580441 0.578545 0.576286 0.573673 0.570717 0.567429 0.563823 0.559913 0.555715 0.551245 0.54652 0.541561 0.536385 0.531015 0.525471 0.519775 0.51395 0.508019 0.502005 0.495933 0.489825 0.483707 0.477602 0.471535 0.46553 0.459609 0.453797 0.448116 0.442589 0.437237 0.432082 0.427143 0.422441 0.417992 0.413816 0.409927 0.406342 0.403075 0.400137 0.397541 0.395297 0.393414 0.391898 0.390756 0.389992 0.389609 
0.395727 0.39611 0.396874 0.398016 0.399532 0.401415 0.40366 0.406255 0.409193 0.412461 0.416046 0.419934 0.42411 0.428559 0.433262 0.4382 0.443356 0.448707 0.454234 0.459915 0.465727 0.471648 0.477653 0.483721 0.489825 0.495943 0.502051 0.508124 0.514137 0.520068 0.525893 0.531589 0.537133 0.542504 0.547679 0.552638 0.557363 0.561833 0.566031 0.569941 0.573547 0.576835 0.579791 0.582404 0.584663 0.586559 0.588086 0.589236 0.590005 0.590391 0.590391 0.590005 0.589236 0.588086 0.586559 0.584663 0.582404 0.579791 0.576835 0.573547 0.569941 0.566031 0.561833 0.557363 0.552638 0.547679 0.542504 0.537133 0.531589 0.525893 0.520068 0.514137 0.508124 0.502051 0.495943 0.489825 0.483721 0.477653 0.471648 0.465727 0.459915 0.454234 0.448707 0.443356 0.4382 0.433262 0.428559 0.42411 0.419934 0.416046 0.412461 0.409193 0.406255 0.40366 0.401415 0.399532 0.398016 0.396874 0.39611 0.395727 
0.401835 0.402218 0.402981 0.404123 0.405639 0.407523 0.409767 0.412363 0.4153 0.418568 0.422153 0.426041 0.430218 0.434666 0.439369 0.444308 0.449463 0.454815 0.460342 0.466023 0.471835 0.477755 0.483761 0.489828 0.495933 0.502051 0.508158 0.514231 0.520245 0.526176 0.532001 0.537697 0.543241 0.548611 0.553786 0.558746 0.56347 0.56794 0.572139 0.576049 0.579655 0.582942 0.585898 0.588511 0.59077 0.592667 0.594193 0.595343 0.596113 0.596498 0.596498 0.596113 0.595343 0.594193 0.592667 0.59077 0.588511 0.585898 0.582942 0.579655 0.576049 0.572139 0.56794 0.56347 0.558746 0.553786 0.548611 0.543241 0.537697 0.532001 0.526176 0.520245 0.514231 0.508158 0.502051 0.495933 0.489828 0.483761 0.477755 0.471835 0.466023 0.460342 0.454815 0.449463 0.444308 0.439369 0.434666 0.430218 0.426041 0.422153 0.418568 0.4153 0.412363 0.409767 0.407523 0.405639 0.404123 0.402981 0.402218 0.401835 
0.407908 0.40829 0.409054 0.410196 0.411712 0.413596 0.41584 0.418436 0.421373 0.424641 0.428226 0.432114 0.436291 0.440739 0.445442 0.45038 0.455536 0.460887 0.466414 0.472095 0.477907 0.483828 0.489834 0.495901 0.502005 0.508124 0.514231 0.520304 0.526317 0.532248 0.538074 0.543769 0.549313 0.554684 0.559859 0.564818 0.569543 0.574013 0.578212 0.582122 0.585727 0.589015 0.591971 0.594584 0.596843 0.598739 0.600266 0.601416 0.602185 0.602571 0.602571 0.602185 0.601416 0.600266 0.598739 0.596843 0.594584 0.591971 0.589015 0.585727 0.582122 0.578212 0.574013 0.569543 0.564818 0.559859 0.554684 0.549313 0.543769 0.538074 0.532248 0.526317 0.520304 0.514231 0.508124 0.502005 0.495901 0.489834 0.483828 0.477907 0.472095 0.466414 0.460887 0.455536 0.45038 0.445442 0.440739 0.436291 0.432114 0.428226 0.424641 0.421373 0.418436 0.41584 0.413596 0.411712 0.410196 0.409054 0.40829 0.407908 
0.413921 0.414304 0.415068 0.41621 0.417726 0.419609 0.421853 0.424449 0.427387 0.430654 0.434239 0.438128 0.442304 0.446753 0.451455 0.456394 0.461549 0.466901 0.472428 0.478109 0.483921 0.489842 0.495847 0.501914 0.508019 0.514137 0.520245 0.526317 0.532331 0.538262 0.544087 0.549783 0.555327 0.560697 0.565873 0.570832 0.575557 0.580027 0.584225 0.588135 0.591741 0.595029 0.597985 0.600598 0.602857 0.604753 0.60628 0.60743 0.608199 0.608585 0.608585 0.608199 0.60743 0.60628 0.604753 0.602857 0.600598 0.597985 0.595029 0.591741 0.588135 0.584225 0.580027 0.575557 0.570832 0.565873 0.560697 0.555327 0.549783 0.544087 0.538262 0.532331 0.526317 0.520245 0.514137 0.508019 0.501914 0.495847 0.489842 0.483921 0.478109 0.472428 0.466901 0.461549 0.456394 0.451455 0.446753 0.442304 0.438128 0.434239 0.430654 0.427387 0.424449 0.421853 0.419609 0.417726 0.41621 0.415068 0.414304 0.413921 
0.419852 0.420235 0.420999 0.422141 0.423657 0.42554 0.427785 0.43038 0.433318 0.436586 0.440171 0.444059 0.448235 0.452684 0.457386 0.462325 0.467481 0.472832 0.478359 0.48404 0.489852 0.495773 0.501778 0.507846 0.51395 0.520068 0.526176 0.532248 0.538262 0.544193 0.550018 0.555714 0.561258 0.566629 0.571804 0.576763 0.581488 0.585958 0.590156 0.594066 0.597672 0.60096 0.603916 0.606529 0.608788 0.610684 0.612211 0.613361 0.61413 0.614516 0.614516 0.61413 0.613361 0.612211 0.610684 0.608788 0.606529 0.603916 0.60096 0.597672 0.594066 0.590156 0.585958 0.581488 0.576763 0.571804 0.566629 0.561258 0.555714 0.550018 0.544193 0.538262 0.532248 0.526176 0.520068 0.51395 0.507846 0.501778 0.495773 0.489852 0.48404 0.478359 0.472832 0.467481 0.462325 0.457386 0.452684 0.448235 0.444059 0.440171 0.436586 0.433318 0.43038 0.427785 0.42554 0.423657 0.422141 0.420999 0.420235 0.419852 
0.425677 0.42606 0.426824 0.427966 0.429482 0.431365 0.43361 0.436205 0.439143 0.442411 0.445996 0.449884 0.45406 0.458509 0.463211 0.46815 0.473306 0.478657 0.484184 0.489865 0.495677 0.501598 0.507603 0.513671 0.519775 0.525893 0.532001 0.538074 0.544087 0.550018 0.555843 0.561539 0.567083 0.572454 0.577629 0.582588 0.587313 0.591783 0.595981 0.599891 0.603497 0.606785 0.609741 0.612354 0.614613 0.616509 0.618036 0.619186 0.619955 0.620341 0.620341 0.619955 0.619186 0.618036 0.616509 0.614613 0.612354 0.609741 0.606785 0.603497 0.599891 0.595981 0.591783 0.587313 0.582588 0.577629 0.572454 0.567083 0.561539 0.555843 0.550018 0.544087 0.538074 0.532001 0.525893 0.519775 0.513671 0.507603 0.501598 0.495677 0.489865 0.484184 0.478657 0.473306 0.46815 0.463211 0.458509 0.45406 0.449884 0.445996 0.442411 0.439143 0.436205 0.43361 0.431365 0.429482 0.427966 0.426824 0.42606 0.425677 
0.431373 0.431756 0.43252 0.433662 0.435178 0.437061 0.439305 0.441901 0.444839 0.448106 0.451691 0.45558 0.459756 0.464205 0.468907 0.473846 0.479001 0.484353 0.48988 0.495561 0.501373 0.507294 0.513299 0.519366 0.525471 0.531589 0.537697 0.543769 0.549783 0.555714 0.561539 0.567235 0.572779 0.578149 0.583325 0.588284 0.593009 0.597479 0.601677 0.605587 0.609193 0.612481 0.615437 0.618049 0.620309 0.622205 0.623732 0.624882 0.625651 0.626036 0.626036 0.625651 0.624882 0.623732 0.622205 0.620309 0.618049 0.615437 0.612481 0.609193 0.605587 0.601677 0.597479 0.593009 0.588284 0.583325 0.578149 0.572779 0.567235 0.561539 0.555714 0.549783 0.543769 0.537697 0.531589 0.525471 0.519366 0.513299 0.507294 0.501373 0.495561 0.48988 0.484353 0.479001 0.473846 0.468907 0.464205 0.459756 0.45558 0.451691 0.448106 0.444839 0.441901 0.439305 0.437061 0.435178 0.433662 0.43252 0.431756 0.431373 
0.436917 0.4373 0.438064 0.439206 0.440722 0.442605 0.444849 0.447445 0.450383 0.45365 0.457235 0.461124 0.4653 0.469749 0.474451 0.47939 0.484545 0.489897 0.495424 0.501105 0.506917 0.512838 0.518843 0.52491 0.531015 0.537133 0.543241 0.549313 0.555327 0.561258 0.567083 0.572779 0.578323 0.583693 0.588869 0.593828 0.598553 0.603023 0.607221 0.611131 0.614737 0.618025 0.620981 0.623593 0.625853 0.627749 0.629276 0.630426 0.631195 0.63158 0.63158 0.631195 0.630426 0.629276 0.627749 0.625853 0.623593 0.620981 0.618025 0.614737 0.611131 0.607221 0.603023 0.598553 0.593828 0.588869 0.583693 0.578323 0.572779 0.567083 0.561258 0.555327 0.549313 0.543241 0.537133 0.531015 0.52491 0.518843 0.512838 0.506917 0.501105 0.495424 0.489897 0.484545 0.47939 0.474451 0.469749 0.4653 0.461124 0.457235 0.45365 0.450383 0.447445 0.444849 0.442605 0.440722 0.439206 0.438064 0.4373 0.436917 
0.442288 0.44267 0.443434 0.444576 0.446092 0.447976 0.45022 0.452816 0.455753 0.459021 0.462606 0.466494 0.470671 0.475119 0.479822 0.48476 0.489916 0.495267 0.500795 0.506475 0.512287 0.518208 0.524214 0.530281 0.536385 0.542504 0.548611 0.554684 0.560697 0.566629 0.572454 0.578149 0.583693 0.589064 0.594239 0.599198 0.603923 0.608393 0.612592 0.616502 0.620107 0.623395 0.626351 0.628964 0.631223 0.63312 0.634646 0.635796 0.636565 0.636951 0.636951 0.636565 0.635796 0.634646 0.63312 0.631223 0.628964 0.626351 0.623395 0.620107 0.616502 0.612592 0.608393 0.603923 0.599198 0.594239 0.589064 0.583693 0.578149 0.572454 0.566629 0.560697 0.554684 0.548611 0.542504 0.536385 0.530281 0.524214 0.518208 0.512287 0.506475 0.500795 0.495267 0.489916 0.48476 0.479822 0.475119 0.470671 0.466494 0.462606 0.459021 0.455753 0.452816 0.45022 0.447976 0.446092 0.444576 0.443434 0.44267 0.442288 
0.447463 0.447845 0.448609 0.449751 0.451267 0.453151 0.455395 0.457991 0.460928 0.464196 0.467781 0.471669 0.475846 0.480294 0.484997 0.489936 0.495091 0.500443 0.50597 0.51165 0.517463 0.523383 0.529389 0.535456 0.541561 0.547679 0.553786 0.559859 0.565873 0.571804 0.577629 0.583325 0.588869 0.594239 0.599414 0.604374 0.609098 0.613568 0.617767 0.621677 0.625283 0.62857 0.631526 0.634139 0.636398 0.638295 0.639821 0.640971 0.641741 0.642126 0.642126 0.641741 0.640971 0.639821 0.638295 0.636398 0.634139 0.631526 0.62857 0.625283 0.621677 0.617767 0.613568 0.609098 0.604374 0.599414 0.594239 0.588869 0.583325 0.577629 0.571804 0.565873 0.559859 0.553786 0.547679 0.541561 0.535456 0.529389 0.523383 0.517463 0.51165 0.50597 0.500443 0.495091 0.489936 0.484997 0.480294 0.475846 0.471669 0.467781 0.464196 0.460928 0.457991 0.455395 0.453151 0.451267 0.449751 0.448609 0.447845 0.447463 
0.452422 0.452805 0.453569 0.454711 0.456227 0.45811 0.460355 0.46295 0.465888 0.469156 0.47274 0.476629 0.480805 0.485254 0.489956 0.494895 0.500051 0.505402 0.510929 0.51661 0.522422 0.528343 0.534348 0.540416 0.54652 0.552638 0.558746 0.564818 0.570832 0.576763 0.582588 0.588284 0.593828 0.599198 0.604374 0.609333 0.614058 0.618528 0.622726 0.626636 0.630242 0.63353 0.636486 0.639099 0.641358 0.643254 0.644781 0.645931 0.6467 0.647086 0.647086 0.6467 0.645931 0.644781 0.643254 0.641358 0.639099 0.636486 0.63353 0.630242 0.626636 0.622726 0.618528 0.614058 0.609333 0.604374 0.599198 0.593828 0.588284 0.582588 0.576763 0.570832 0.564818 0.558746 0.552638 0.54652 0.540416 0.534348 0.528343 0.522422 0.51661 0.510929 0.505402 0.500051 0.494895 0.489956 0.485254 0.480805 0.476629 0.47274 0.469156 0.465888 0.46295 0.460355 0.45811 0.456227 0.454711 0.453569 0.452805 0.452422 
0.457147 0.457529 0.458293 0.459435 0.460951 0.462835 0.465079 0.467675 0.470612 0.47388 0.477465 0.481353 0.48553 0.489978 0.494681 0.49962 0.504775 0.510127 0.515654 0.521334 0.527147 0.533067 0.539073 0.54514 0.551245 0.557363 0.56347 0.569543 0.575557 0.581488 0.587313 0.593009 0.598553 0.603923 0.609098 0.614058 0.618782 0.623252 0.627451 0.631361 0.634967 0.638254 0.64121 0.643823 0.646082 0.647979 0.649505 0.650655 0.651425 0.65181 0.65181 0.651425 0.650655 0.649505 0.647979 0.646082 0.643823 0.64121 0.638254 0.634967 0.631361 0.627451 0.623252 0.618782 0.614058 0.609098 0.603923 0.598553 0.593009 0.587313 0.581488 0.575557 0.569543 0.56347 0.557363 0.551245 0.54514 0.539073 0.533067 0.527147 0.521334 0.515654 0.510127 0.504775 0.49962 0.494681 0.489978 0.48553 0.481353 0.477465 0.47388 0.470612 0.467675 0.465079 0.462835 0.460951 0.459435 0.458293 0.457529 0.457147 
0.461617 0.462 0.462764 0.463906 0.465421 0.467305 0.469549 0.472145 0.475082 0.47835 0.481935 0.485823 0.49 0.494448 0.499151 0.50409 0.509245 0.514597 0.520124 0.525805 0.531617 0.537537 0.543543 0.54961 0.555715 0.561833 0.56794 0.574013 0.580027 0.585958 0.591783 0.597479 0.603023 0.608393 0.613568 0.618528 0.623252 0.627723 0.631921 0.635831 0.639437 0.642724 0.64568 0.648293 0.650552 0.652449 0.653975 0.655125 0.655895 0.65628 0.65628 0.655895 0.655125 0.653975 0.652449 0.650552 0.648293 0.64568 0.642724 0.639437 0.635831 0.631921 0.627723 0.623252 0.618528 0.613568 0.608393 0.603023 0.597479 0.591783 0.585958 0.580027 0.574013 0.56794 0.561833 0.555715 0.54961 0.543543 0.537537 0.531617 0.525805 0.520124 0.514597 0.509245 0.50409 0.499151 0.494448 0.49 0.485823 0.481935 0.47835 0.475082 0.472145 0.469549 0.467305 0.465421 0.463906 0.462764 0.462 0.461617 
0.465815 0.466198 0.466962 0.468104 0.46962 0.471503 0.473748 0.476343 0.479281 0.482549 0.486134 0.490022 0.494198 0.498647 0.50335 0.508288 0.513444 0.518795 0.524322 0.530003 0.535815 0.541736 0.547741 0.553809 0.559913 0.566031 0.572139 0.578212 0.584225 0.590156 0.595981 0.601677 0.607221 0.612592 0.617767 0.622726 0.627451 0.631921 0.636119 0.640029 0.643635 0.646923 0.649879 0.652492 0.654751 0.656647 0.658174 0.659324 0.660093 0.660479 0.660479 0.660093 0.659324 0.658174 0.656647 0.654751 0.652492 0.649879 0.646923 0.643635 0.640029 0.636119 0.631921 0.627451 0.622726 0.617767 0.612592 0.607221 0.601677 0.595981 0.590156 0.584225 0.578212 0.572139 0.566031 0.559913 0.553809 0.547741 0.541736 0.535815 0.530003 0.524322 0.518795 0.513444 0.508288 0.50335 0.498647 0.494198 0.490022 0.486134 0.482549 0.479281 0.476343 0.473748 0.471503 0.46962 0.468104 0.466962 0.466198 0.465815 
0.469725 0.470108 0.470872 0.472014 0.47353 0.475413 0.477658 0.480253 0.483191 0.486459 0.490044 0.493932 0.498108 0.502557 0.50726 0.512198 0.517354 0.522705 0.528232 0.533913 0.539725 0.545646 0.551651 0.557719 0.563823 0.569941 0.576049 0.582122 0.588135 0.594066 0.599891 0.605587 0.611131 0.616502 0.621677 0.626636 0.631361 0.635831 0.640029 0.643939 0.647545 0.650833 0.653789 0.656402 0.658661 0.660557 0.662084 0.663234 0.664003 0.664389 0.664389 0.664003 0.663234 0.662084 0.660557 0.658661 0.656402 0.653789 0.650833 0.647545 0.643939 0.640029 0.635831 0.631361 0.626636 0.621677 0.616502 0.611131 0.605587 0.599891 0.594066 0.588135 0.582122 0.576049 0.569941 0.563823 0.557719 0.551651 0.545646 0.539725 0.533913 0.528232 0.522705 0.517354 0.512198 0.50726 0.502557 0.498108 0.493932 0.490044 0.486459 0.483191 0.480253 0.477658 0.475413 0.47353 0.472014 0.470872 0.470108 0.469725 
0.473331 0.473714 0.474478 0.47562 0.477136 0.479019 0.481263 0.483859 0.486797 0.490064 0.493649 0.497538 0.501714 0.506163 0.510865 0.515804 0.520959 0.526311 0.531838 0.537519 0.543331 0.549252 0.555257 0.561324 0.567429 0.573547 0.579655 0.585727 0.591741 0.597672 0.603497 0.609193 0.614737 0.620107 0.625283 0.630242 0.634967 0.639437 0.643635 0.647545 0.651151 0.654439 0.657395 0.660008 0.662267 0.664163 0.66569 0.66684 0.667609 0.667995 0.667995 0.667609 0.66684 0.66569 0.664163 0.662267 0.660008 0.657395 0.654439 0.651151 0.647545 0.643635 0.639437 0.634967 0.630242 0.625283 0.620107 0.614737 0.609193 0.603497 0.597672 0.591741 0.585727 0.579655 0.573547 0.567429 0.561324 0.555257 0.549252 0.543331 0.537519 0.531838 0.526311 0.520959 0.515804 0.510865 0.506163 0.501714 0.497538 0.493649 0.490064 0.486797 0.483859 0.481263 0.479019 0.477136 0.47562 0.474478 0.473714 0.473331 
0.476619 0.477002 0.477765 0.478907 0.480423 0.482307 0.484551 0.487147 0.490084 0.493352 0.496937 0.500825 0.505002 0.50945 0.514153 0.519092 0.524247 0.529599 0.535126 0.540807 0.546619 0.552539 0.558545 0.564612 0.570717 0.576835 0.582942 0.589015 0.595029 0.60096 0.606785 0.612481 0.618025 0.623395 0.62857 0.63353 0.638254 0.642724 0.646923 0.650833 0.654439 0.657726 0.660682 0.663295 0.665554 0.667451 0.668977 0.670127 0.670897 0.671282 0.671282 0.670897 0.670127 0.668977 0.667451 0.665554 0.663295 0.660682 0.657726 0.654439 0.650833 0.646923 0.642724 0.638254 0.63353 0.62857 0.623395 0.618025 0.612481 0.606785 0.60096 0.595029 0.589015 0.582942 0.576835 0.570717 0.564612 0.558545 0.552539 0.546619 0.540807 0.535126 0.529599 0.524247 0.519092 0.514153 0.50945 0.505002 0.500825 0.496937 0.493352 0.490084 0.487147 0.484551 0.482307 0.480423 0.478907 0.477765 0.477002 0.476619 
0.479575 0.479958 0.480721 0.481863 0.483379 0.485263 0.487507 0.490103 0.49304 0.496308 0.499893 0.503781 0.507958 0.512406 0.517109 0.522048 0.527203 0.532555 0.538082 0.543763 0.549575 0.555495 0.561501 0.567568 0.573673 0.579791 0.585898 0.591971 0.597985 0.603916 0.609741 0.615437 0.620981 0.626351 0.631526 0.636486 0.64121 0.64568 0.649879 0.653789 0.657395 0.660682 0.663638 0.666251 0.66851 0.670407 0.671933 0.673083 0.673853 0.674238 0.674238 0.673853 0.673083 0.671933 0.670407 0.66851 0.666251 0.663638 0.660682 0.657395 0.653789 0.649879 0.64568 0.64121 0.636486 0.631526 0.626351 0.620981 0.615437 0.609741 0.603916 0.597985 0.591971 0.585898 0.579791 0.573673 0.567568 0.561501 0.555495 0.549575 0.543763 0.538082 0.532555 0.527203 0.522048 0.517109 0.512406 0.507958 0.503781 0.499893 0.496308 0.49304 0.490103 0.487507 0.485263 0.483379 0.481863 0.480721 0.479958 0.479575 
0.482188 0.48257 0.483334 0.484476 0.485992 0.487876 0.49012 0.492716 0.495653 0.498921 0.502506 0.506394 0.510571 0.515019 0.519722 0.52466 0.529816 0.535168 0.540695 0.546375 0.552187 0.558108 0.564114 0.570181 0.576286 0.582404 0.588511 0.594584 0.600598 0.606529 0.612354 0.618049 0.623593 0.628964 0.634139 0.639099 0.643823 0.648293 0.652492 0.656402 0.660008 0.663295 0.666251 0.668864 0.671123 0.67302 0.674546 0.675696 0.676465 0.676851 0.676851 0.676465 0.675696 0.674546 0.67302 0.671123 0.668864 0.666251 0.663295 0.660008 0.656402 0.652492 0.648293 0.643823 0.639099 0.634139 0.628964 0.623593 0.618049 0.612354 0.606529 0.600598 0.594584 0.588511 0.582404 0.576286 0.570181 0.564114 0.558108 0.552187 0.546375 0.540695 0.535168 0.529816 0.52466 0.519722 0.515019 0.510571 0.506394 0.502506 0.498921 0.495653 0.492716 0.49012 0.487876 0.485992 0.484476 0.483334 0.48257 0.482188 
