0.0445635 0.044803 0.0452824 0.0459974 0.0469489 0.0481284 0.0495378 0.051164 0.0530096 0.0550577 0.0573114 0.0597499 0.062377 0.0651683 0.0681279 0.0712284 0.0744743 0.0778355 0.0813167 0.0848854 0.0885467 0.0922664 0.0960495 0.0998608 0.103705 0.107548 0.111392 0.115203 0.118987 0.122706 0.126368 0.129936 0.133418 0.136779 0.140025 0.143125 0.146085 0.148876 0.151503 0.153942 0.156195 0.158243 0.160089 0.161715 0.163125 0.164304 0.165256 0.165971 0.16645 0.16669 0.16669 0.16645 0.165971 0.165256 0.164304 0.163125 0.161715 0.160089 0.158243 0.156195 0.153942 0.151503 0.148876 0.146085 0.143125 0.140025 0.136779 0.133418 0.129936 0.126368 0.122706 0.118987 0.115203 0.111392 0.107548 0.103705 0.0998608 0.0960495 0.0922664 0.0885467 0.0848854 0.0813167 0.0778355 0.0744743 0.0712284 0.0681279 0.0651683 0.062377 0.0597499 0.0573114 0.0550577 0.0530096 0.051164 0.0495378 0.0481284 0.0469489 0.0459974 0.0452824 0.044803 0.0445635 
0.044803 0.0450451 0.0455245 0.0462471 0.0471987 0.0483909 0.0498002 0.0514439 0.0532895 0.0553596 0.0576133 0.060078 0.062705 0.0655262 0.0684858 0.0716197 0.0748656 0.0782628 0.081744 0.0853511 0.0890123 0.0927719 0.0965551 0.100407 0.104252 0.108135 0.11198 0.115832 0.119615 0.123375 0.127036 0.130643 0.134124 0.137522 0.140768 0.143901 0.146861 0.149682 0.152309 0.154774 0.157028 0.159098 0.160943 0.162587 0.163996 0.165188 0.16614 0.166863 0.167342 0.167584 0.167584 0.167342 0.166863 0.16614 0.165188 0.163996 0.162587 0.160943 0.159098 0.157028 0.154774 0.152309 0.149682 0.146861 0.143901 0.140768 0.137522 0.134124 0.130643 0.127036 0.123375 0.119615 0.115832 0.11198 0.108135 0.104252 0.100407 0.0965551 0.0927719 0.0890123 0.0853511 0.081744 0.0782628 0.0748656 0.0716197 0.0684858 0.0655262 0.062705 0.060078 0.0576133 0.0553596 0.0532895 0.0514439 0.0498002 0.0483909 0.0471987 0.0462471 0.0455245 0.0450451 0.044803 
0.0452824 0.0455245 0.0460142 0.0467368 0.0477087 0.0489008 0.0503403 0.051984 0.053869 0.0559391 0.058241 0.0607057 0.0633888 0.0662101 0.0692329 0.0723667 0.075682 0.0790793 0.0826348 0.0862419 0.0899814 0.093741 0.097605 0.101457 0.105384 0.109267 0.113194 0.117046 0.12091 0.12467 0.128409 0.132016 0.135572 0.138969 0.142284 0.145418 0.148441 0.151262 0.153946 0.15641 0.158712 0.160782 0.162667 0.164311 0.16575 0.166943 0.167914 0.168637 0.169127 0.169369 0.169369 0.169127 0.168637 0.167914 0.166943 0.16575 0.164311 0.162667 0.160782 0.158712 0.15641 0.153946 0.151262 0.148441 0.145418 0.142284 0.138969 0.135572 0.132016 0.128409 0.12467 0.12091 0.117046 0.113194 0.109267 0.105384 0.101457 0.097605 0.093741 0.0899814 0.0862419 0.0826348 0.0790793 0.075682 0.0723667 0.0692329 0.0662101 0.0633888 0.0607057 0.058241 0.0559391 0.053869 0.051984 0.0503403 0.0489008 0.0477087 0.0467368 0.0460142 0.0455245 0.0452824 
0.0459974 0.0462471 0.0467368 0.0474823 0.0484542 0.0496841 0.0511236 0.0528193 0.0547044 0.0568401 0.059142 0.0616848 0.064368 0.0672786 0.0703015 0.0735346 0.0768499 0.0803548 0.0839104 0.0876317 0.0913712 0.09525 0.099114 0.103088 0.107015 0.111021 0.114948 0.118923 0.122786 0.126665 0.130405 0.134126 0.137682 0.141187 0.144502 0.147735 0.150758 0.153669 0.156352 0.158895 0.161196 0.163332 0.165217 0.166913 0.168352 0.169582 0.170554 0.1713 0.171789 0.172039 0.172039 0.171789 0.1713 0.170554 0.169582 0.168352 0.166913 0.165217 0.163332 0.161196 0.158895 0.156352 0.153669 0.150758 0.147735 0.144502 0.141187 0.137682 0.134126 0.130405 0.126665 0.122786 0.118923 0.114948 0.111021 0.107015 0.103088 0.099114 0.09525 0.0913712 0.0876317 0.0839104 0.0803548 0.0768499 0.0735346 0.0703015 0.0672786 0.064368 0.0616848 0.059142 0.0568401 0.0547044 0.0528193 0.0511236 0.0496841 0.0484542 0.0474823 0.0467368 0.0462471 0.0459974 
0.0469489 0.0471987 0.0477087 0.0484542 0.0494664 0.0506964 0.0521956 0.0538914 0.0558547 0.0579904 0.0603879 0.0629307 0.0657253 0.0686359 0.0717843 0.0750174 0.0784704 0.0819753 0.0856785 0.0893999 0.0932947 0.0971734 0.101198 0.105172 0.109262 0.113268 0.117358 0.121332 0.125357 0.129236 0.13313 0.136852 0.140555 0.14406 0.147513 0.150746 0.153894 0.156805 0.1596 0.162142 0.16454 0.166676 0.168639 0.170335 0.171834 0.173064 0.174076 0.174822 0.175332 0.175581 0.175581 0.175332 0.174822 0.174076 0.173064 0.171834 0.170335 0.168639 0.166676 0.16454 0.162142 0.1596 0.156805 0.153894 0.150746 0.147513 0.14406 0.140555 0.136852 0.13313 0.129236 0.125357 0.121332 0.117358 0.113268 0.109262 0.105172 0.101198 0.0971734 0.0932947 0.0893999 0.0856785 0.0819753 0.0784704 0.0750174 0.0717843 0.0686359 0.0657253 0.0629307 0.0603879 0.0579904 0.0558547 0.0538914 0.0521956 0.0506964 0.0494664 0.0484542 0.0477087 0.0471987 0.0469489 
0.0481284 0.0483909 0.0489008 0.0496841 0.0506964 0.0519887 0.0534879 0.0552697 0.057233 0.059477 0.0618744 0.0645461 0.0673407 0.0703989 0.0735472 0.0769443 0.0803972 0.0840798 0.087783 0.0916929 0.0955877 0.0996631 0.103688 0.107863 0.111953 0.116162 0.120252 0.124428 0.128452 0.132528 0.136423 0.140333 0.144036 0.147718 0.151171 0.154568 0.157717 0.160775 0.163569 0.166241 0.168639 0.170883 0.172846 0.174628 0.176127 0.177419 0.178431 0.179215 0.179725 0.179987 0.179987 0.179725 0.179215 0.178431 0.177419 0.176127 0.174628 0.172846 0.170883 0.168639 0.166241 0.163569 0.160775 0.157717 0.154568 0.151171 0.147718 0.144036 0.140333 0.136423 0.132528 0.128452 0.124428 0.120252 0.116162 0.111953 0.107863 0.103688 0.0996631 0.0955877 0.0916929 0.087783 0.0840798 0.0803972 0.0769443 0.0735472 0.0703989 0.0673407 0.0645461 0.0618744 0.059477 0.057233 0.0552697 0.0534879 0.0519887 0.0506964 0.0496841 0.0489008 0.0483909 0.0481284 
0.0495378 0.0498002 0.0503403 0.0511236 0.0521956 0.0534879 0.0550757 0.0568574 0.0589367 0.0611806 0.0637196 0.0663913 0.0693509 0.0724091 0.0757434 0.0791404 0.0827972 0.0864798 0.0904016 0.0943116 0.0984364 0.102512 0.106774 0.11095 0.115281 0.11949 0.123822 0.127997 0.132259 0.136335 0.140459 0.144369 0.148291 0.151974 0.155631 0.159028 0.162362 0.16542 0.16838 0.171051 0.17359 0.175834 0.177914 0.179695 0.181283 0.182575 0.183647 0.184431 0.184971 0.185233 0.185233 0.184971 0.184431 0.183647 0.182575 0.181283 0.179695 0.177914 0.175834 0.17359 0.171051 0.16838 0.16542 0.162362 0.159028 0.155631 0.151974 0.148291 0.144369 0.140459 0.136335 0.132259 0.127997 0.123822 0.11949 0.115281 0.11095 0.106774 0.102512 0.0984364 0.0943116 0.0904016 0.0864798 0.0827972 0.0791404 0.0757434 0.0724091 0.0693509 0.0663913 0.0637196 0.0611806 0.0589367 0.0568574 0.0550757 0.0534879 0.0521956 0.0511236 0.0503403 0.0498002 0.0495378 
0.051164 0.0514439 0.051984 0.0528193 0.0538914 0.0552697 0.0568574 0.0587576 0.0608369 0.0632301 0.0657691 0.0686185 0.0715781 0.0748397 0.078174 0.0817969 0.0854537 0.0893812 0.0933031 0.0974731 0.101598 0.105944 0.110206 0.11466 0.118991 0.12348 0.127812 0.132265 0.136527 0.140874 0.144998 0.149168 0.15309 0.157018 0.160675 0.164298 0.167632 0.170893 0.173853 0.176702 0.179241 0.181635 0.183714 0.185614 0.187202 0.18858 0.189652 0.190488 0.191028 0.191307 0.191307 0.191028 0.190488 0.189652 0.18858 0.187202 0.185614 0.183714 0.181635 0.179241 0.176702 0.173853 0.170893 0.167632 0.164298 0.160675 0.157018 0.15309 0.149168 0.144998 0.140874 0.136527 0.132265 0.127812 0.12348 0.118991 0.11466 0.110206 0.105944 0.101598 0.0974731 0.0933031 0.0893812 0.0854537 0.0817969 0.078174 0.0748397 0.0715781 0.0686185 0.0657691 0.0632301 0.0608369 0.0587576 0.0568574 0.0552697 0.0538914 0.0528193 0.051984 0.0514439 0.051164 
0.0530096 0.0532895 0.053869 0.0547044 0.0558547 0.057233 0.0589367 0.0608369 0.063068 0.0654612 0.0681856 0.071035 0.0742107 0.0774723 0.08105 0.0846729 0.0885968 0.0925243 0.0967324 0.100902 0.105328 0.109675 0.114248 0.118701 0.123349 0.127838 0.132486 0.136939 0.141513 0.145859 0.150285 0.154455 0.158663 0.162591 0.166514 0.170137 0.173715 0.176977 0.180152 0.183002 0.185726 0.188119 0.19035 0.192251 0.193954 0.195333 0.196483 0.197318 0.197898 0.198178 0.198178 0.197898 0.197318 0.196483 0.195333 0.193954 0.192251 0.19035 0.188119 0.185726 0.183002 0.180152 0.176977 0.173715 0.170137 0.166514 0.162591 0.158663 0.154455 0.150285 0.145859 0.141513 0.136939 0.132486 0.127838 0.123349 0.118701 0.114248 0.109675 0.105328 0.100902 0.0967324 0.0925243 0.0885968 0.0846729 0.08105 0.0774723 0.0742107 0.071035 0.0681856 0.0654612 0.063068 0.0608369 0.0589367 0.057233 0.0558547 0.0547044 0.053869 0.0532895 0.0530096 
0.0550577 0.0553596 0.0559391 0.0568401 0.0579904 0.059477 0.0611806 0.0632301 0.0654612 0.0680424 0.0707667 0.07384 0.0770156 0.0805334 0.0841111 0.0880186 0.0919424 0.0961784 0.100387 0.104884 0.10931 0.113998 0.118571 0.123374 0.128022 0.132864 0.137511 0.142314 0.146888 0.151575 0.156001 0.160499 0.164707 0.168943 0.172867 0.176774 0.180352 0.18387 0.187045 0.190119 0.192843 0.195424 0.197655 0.199705 0.201408 0.202895 0.204045 0.204946 0.205526 0.205828 0.205828 0.205526 0.204946 0.204045 0.202895 0.201408 0.199705 0.197655 0.195424 0.192843 0.190119 0.187045 0.18387 0.180352 0.176774 0.172867 0.168943 0.164707 0.160499 0.156001 0.151575 0.146888 0.142314 0.137511 0.132864 0.128022 0.123374 0.118571 0.113998 0.10931 0.104884 0.100387 0.0961784 0.0919424 0.0880186 0.0841111 0.0805334 0.0770156 0.07384 0.0707667 0.0680424 0.0654612 0.0632301 0.0611806 0.059477 0.0579904 0.0568401 0.0559391 0.0553596 0.0550577 
0.0573114 0.0576133 0.058241 0.059142 0.0603879 0.0618744 0.0637196 0.0657691 0.0681856 0.0707667 0.0737175 0.0767907 0.0802303 0.083748 0.087623 0.0915305 0.0957803 0.100016 0.104574 0.109072 0.113865 0.118553 0.123506 0.128309 0.133343 0.138185 0.143219 0.148022 0.152975 0.157663 0.162457 0.166954 0.171512 0.175748 0.179998 0.183905 0.18778 0.191298 0.194738 0.197811 0.200762 0.203343 0.205759 0.207809 0.209654 0.21114 0.212386 0.213287 0.213915 0.214217 0.214217 0.213915 0.213287 0.212386 0.21114 0.209654 0.207809 0.205759 0.203343 0.200762 0.197811 0.194738 0.191298 0.18778 0.183905 0.179998 0.175748 0.171512 0.166954 0.162457 0.157663 0.152975 0.148022 0.143219 0.138185 0.133343 0.128309 0.123506 0.118553 0.113865 0.109072 0.104574 0.100016 0.0957803 0.0915305 0.087623 0.083748 0.0802303 0.0767907 0.0737175 0.0707667 0.0681856 0.0657691 0.0637196 0.0618744 0.0603879 0.059142 0.058241 0.0576133 0.0573114 
0.0597499 0.060078 0.0607057 0.0616848 0.0629307 0.0645461 0.0663913 0.0686185 0.071035 0.07384 0.0767907 0.0801304 0.0835699 0.0873927 0.0912677 0.0955139 0.0997638 0.104367 0.108925 0.113812 0.118606 0.1237 0.128653 0.133873 0.138907 0.144168 0.149202 0.154422 0.159375 0.164469 0.169263 0.17415 0.178708 0.183311 0.187561 0.191807 0.195682 0.199505 0.202945 0.206284 0.209235 0.21204 0.214456 0.216684 0.218529 0.220144 0.22139 0.222369 0.222997 0.223325 0.223325 0.222997 0.222369 0.22139 0.220144 0.218529 0.216684 0.214456 0.21204 0.209235 0.206284 0.202945 0.199505 0.195682 0.191807 0.187561 0.183311 0.178708 0.17415 0.169263 0.164469 0.159375 0.154422 0.149202 0.144168 0.138907 0.133873 0.128653 0.1237 0.118606 0.113812 0.108925 0.104367 0.0997638 0.0955139 0.0912677 0.0873927 0.0835699 0.0801304 0.0767907 0.07384 0.071035 0.0686185 0.0663913 0.0645461 0.0629307 0.0616848 0.0607057 0.060078 0.0597499 
0.062377 0.062705 0.0633888 0.064368 0.0657253 0.0673407 0.0693509 0.0715781 0.0742107 0.0770156 0.0802303 0.0835699 0.0873171 0.0911398 0.0953613 0.0996076 0.104237 0.108841 0.113806 0.118694 0.123916 0.12901 0.134406 0.139626 0.14511 0.150371 0.155855 0.161075 0.166471 0.171565 0.176787 0.181675 0.18664 0.191243 0.195873 0.20012 0.204341 0.208164 0.211911 0.215251 0.218465 0.22127 0.223903 0.22613 0.22814 0.229756 0.231113 0.232092 0.232776 0.233104 0.233104 0.232776 0.232092 0.231113 0.229756 0.22814 0.22613 0.223903 0.22127 0.218465 0.215251 0.211911 0.208164 0.204341 0.20012 0.195873 0.191243 0.18664 0.181675 0.176787 0.171565 0.166471 0.161075 0.155855 0.150371 0.14511 0.139626 0.134406 0.12901 0.123916 0.118694 0.113806 0.108841 0.104237 0.0996076 0.0953613 0.0911398 0.0873171 0.0835699 0.0802303 0.0770156 0.0742107 0.0715781 0.0693509 0.0673407 0.0657253 0.064368 0.0633888 0.062705 0.062377 
0.0651683 0.0655262 0.0662101 0.0672786 0.0686359 0.0703989 0.0724091 0.0748397 0.0774723 0.0805334 0.083748 0.0873927 0.0911398 0.0953116 0.0995332 0.104167 0.108797 0.113821 0.118786 0.12412 0.129342 0.134901 0.140298 0.145994 0.151478 0.15722 0.162704 0.1684 0.173796 0.179356 0.184578 0.189912 0.194877 0.199901 0.20453 0.209165 0.213386 0.217558 0.221305 0.22495 0.228164 0.231225 0.233858 0.236289 0.238299 0.240062 0.241419 0.242488 0.243171 0.243529 0.243529 0.243171 0.242488 0.241419 0.240062 0.238299 0.236289 0.233858 0.231225 0.228164 0.22495 0.221305 0.217558 0.213386 0.209165 0.20453 0.199901 0.194877 0.189912 0.184578 0.179356 0.173796 0.1684 0.162704 0.15722 0.151478 0.145994 0.140298 0.134901 0.129342 0.12412 0.118786 0.113821 0.108797 0.104167 0.0995332 0.0953116 0.0911398 0.0873927 0.083748 0.0805334 0.0774723 0.0748397 0.0724091 0.0703989 0.0686359 0.0672786 0.0662101 0.0655262 0.0651683 
0.0681279 0.0684858 0.0692329 0.0703015 0.0717843 0.0735472 0.0757434 0.078174 0.08105 0.0841111 0.087623 0.0912677 0.0953613 0.0995332 0.104145 0.108779 0.113837 0.118861 0.124285 0.129619 0.135324 0.140884 0.146779 0.152475 0.158466 0.164208 0.170199 0.175895 0.18179 0.18735 0.193055 0.198389 0.203813 0.208837 0.213895 0.218529 0.223141 0.227313 0.231406 0.235051 0.238563 0.241624 0.2445 0.246931 0.249127 0.25089 0.252373 0.253441 0.254188 0.254546 0.254546 0.254188 0.253441 0.252373 0.25089 0.249127 0.246931 0.2445 0.241624 0.238563 0.235051 0.231406 0.227313 0.223141 0.218529 0.213895 0.208837 0.203813 0.198389 0.193055 0.18735 0.18179 0.175895 0.170199 0.164208 0.158466 0.152475 0.146779 0.140884 0.135324 0.129619 0.124285 0.118861 0.113837 0.108779 0.104145 0.0995332 0.0953613 0.0912677 0.087623 0.0841111 0.08105 0.078174 0.0757434 0.0735472 0.0717843 0.0703015 0.0692329 0.0684858 0.0681279 
0.0712284 0.0716197 0.0723667 0.0735346 0.0750174 0.0769443 0.0791404 0.0817969 0.0846729 0.0880186 0.0915305 0.0955139 0.0996076 0.104167 0.108779 0.113844 0.118902 0.124392 0.129817 0.135647 0.141352 0.147428 0.153323 0.159549 0.16554 0.171816 0.177806 0.184032 0.189927 0.196003 0.201709 0.207538 0.212963 0.218453 0.223511 0.228576 0.233188 0.237748 0.241841 0.245825 0.249337 0.252682 0.255558 0.258215 0.260411 0.262338 0.263821 0.264988 0.265735 0.266127 0.266127 0.265735 0.264988 0.263821 0.262338 0.260411 0.258215 0.255558 0.252682 0.249337 0.245825 0.241841 0.237748 0.233188 0.228576 0.223511 0.218453 0.212963 0.207538 0.201709 0.196003 0.189927 0.184032 0.177806 0.171816 0.16554 0.159549 0.153323 0.147428 0.141352 0.135647 0.129817 0.124392 0.118902 0.113844 0.108779 0.104167 0.0996076 0.0955139 0.0915305 0.0880186 0.0846729 0.0817969 0.0791404 0.0769443 0.0750174 0.0735346 0.0723667 0.0716197 0.0712284 
0.0744743 0.0748656 0.075682 0.0768499 0.0784704 0.0803972 0.0827972 0.0854537 0.0885968 0.0919424 0.0957803 0.0997638 0.104237 0.108797 0.113837 0.118902 0.124429 0.12992 0.135848 0.141678 0.147913 0.153989 0.160431 0.166657 0.173204 0.17948 0.186027 0.192253 0.198695 0.204771 0.211006 0.216835 0.222763 0.228254 0.233782 0.238846 0.243886 0.248446 0.25292 0.256903 0.260741 0.264087 0.26723 0.269886 0.272286 0.274213 0.275834 0.277001 0.277818 0.278209 0.278209 0.277818 0.277001 0.275834 0.274213 0.272286 0.269886 0.26723 0.264087 0.260741 0.256903 0.25292 0.248446 0.243886 0.238846 0.233782 0.228254 0.222763 0.216835 0.211006 0.204771 0.198695 0.192253 0.186027 0.17948 0.173204 0.166657 0.160431 0.153989 0.147913 0.141678 0.135848 0.12992 0.124429 0.118902 0.113837 0.108797 0.104237 0.0997638 0.0957803 0.0919424 0.0885968 0.0854537 0.0827972 0.0803972 0.0784704 0.0768499 0.075682 0.0748656 0.0744743 
0.0778355 0.0782628 0.0790793 0.0803548 0.0819753 0.0840798 0.0864798 0.0893812 0.0925243 0.0961784 0.100016 0.104367 0.108841 0.113821 0.118861 0.124392 0.12992 0.135917 0.141845 0.148212 0.154447 0.161083 0.167525 0.174325 0.180872 0.187727 0.194274 0.201073 0.207516 0.214152 0.220387 0.226754 0.232682 0.238679 0.244206 0.249738 0.254778 0.259758 0.264232 0.268582 0.27242 0.276074 0.279217 0.282119 0.284519 0.286623 0.288244 0.289519 0.290336 0.290763 0.290763 0.290336 0.289519 0.288244 0.286623 0.284519 0.282119 0.279217 0.276074 0.27242 0.268582 0.264232 0.259758 0.254778 0.249738 0.244206 0.238679 0.232682 0.226754 0.220387 0.214152 0.207516 0.201073 0.194274 0.187727 0.180872 0.174325 0.167525 0.161083 0.154447 0.148212 0.141845 0.135917 0.12992 0.124392 0.118861 0.113821 0.108841 0.104367 0.100016 0.0961784 0.0925243 0.0893812 0.0864798 0.0840798 0.0819753 0.0803548 0.0790793 0.0782628 0.0778355 
0.0813167 0.081744 0.0826348 0.0839104 0.0856785 0.087783 0.0904016 0.0933031 0.0967324 0.100387 0.104574 0.108925 0.113806 0.118786 0.124285 0.129817 0.135848 0.141845 0.148313 0.15468 0.161483 0.168119 0.175148 0.181948 0.189092 0.195946 0.20309 0.209889 0.216919 0.223555 0.230358 0.236725 0.243193 0.24919 0.255221 0.260752 0.266252 0.271232 0.276113 0.280464 0.284651 0.288305 0.291735 0.294636 0.297255 0.299359 0.301127 0.302403 0.303294 0.303721 0.303721 0.303294 0.302403 0.301127 0.299359 0.297255 0.294636 0.291735 0.288305 0.284651 0.280464 0.276113 0.271232 0.266252 0.260752 0.255221 0.24919 0.243193 0.236725 0.230358 0.223555 0.216919 0.209889 0.20309 0.195946 0.189092 0.181948 0.175148 0.168119 0.161483 0.15468 0.148313 0.141845 0.135848 0.129817 0.124285 0.118786 0.113806 0.108925 0.104574 0.100387 0.0967324 0.0933031 0.0904016 0.087783 0.0856785 0.0839104 0.0826348 0.081744 0.0813167 
0.0848854 0.0853511 0.0862419 0.0876317 0.0893999 0.0916929 0.0943116 0.0974731 0.100902 0.104884 0.109072 0.113812 0.118694 0.12412 0.129619 0.135647 0.141678 0.148212 0.15468 0.161618 0.16842 0.175651 0.182681 0.19009 0.197233 0.204702 0.211846 0.219255 0.226284 0.233515 0.240318 0.247256 0.253724 0.260258 0.266289 0.272317 0.277816 0.283242 0.288123 0.292864 0.297051 0.301033 0.304462 0.307624 0.310243 0.312536 0.314304 0.315694 0.316584 0.31705 0.31705 0.316584 0.315694 0.314304 0.312536 0.310243 0.307624 0.304462 0.301033 0.297051 0.292864 0.288123 0.283242 0.277816 0.272317 0.266289 0.260258 0.253724 0.247256 0.240318 0.233515 0.226284 0.219255 0.211846 0.204702 0.197233 0.19009 0.182681 0.175651 0.16842 0.161618 0.15468 0.148212 0.141678 0.135647 0.129619 0.12412 0.118694 0.113812 0.109072 0.104884 0.100902 0.0974731 0.0943116 0.0916929 0.0893999 0.0876317 0.0862419 0.0853511 0.0848854 
0.0885467 0.0890123 0.0899814 0.0913712 0.0932947 0.0955877 0.0984364 0.101598 0.105328 0.10931 0.113865 0.118606 0.123916 0.129342 0.135324 0.141352 0.147913 0.154447 0.161483 0.16842 0.175821 0.183052 0.190698 0.198107 0.205878 0.213347 0.221118 0.228527 0.236173 0.243404 0.250805 0.257742 0.264778 0.271313 0.277873 0.283901 0.289883 0.295309 0.300619 0.30536 0.309915 0.313897 0.317627 0.320789 0.323637 0.32593 0.327854 0.329244 0.330213 0.330678 0.330678 0.330213 0.329244 0.327854 0.32593 0.323637 0.320789 0.317627 0.313897 0.309915 0.30536 0.300619 0.295309 0.289883 0.283901 0.277873 0.271313 0.264778 0.257742 0.250805 0.243404 0.236173 0.228527 0.221118 0.213347 0.205878 0.198107 0.190698 0.183052 0.175821 0.16842 0.161483 0.154447 0.147913 0.141352 0.135324 0.129342 0.123916 0.118606 0.113865 0.10931 0.105328 0.101598 0.0984364 0.0955877 0.0932947 0.0913712 0.0899814 0.0890123 0.0885467 
0.0922664 0.0927719 0.093741 0.09525 0.0971734 0.0996631 0.102512 0.105944 0.109675 0.113998 0.118553 0.1237 0.12901 0.134901 0.140884 0.147428 0.153989 0.161083 0.168119 0.175651 0.183052 0.190903 0.198549 0.206593 0.214364 0.222473 0.230244 0.238288 0.245935 0.253786 0.261186 0.268718 0.275755 0.282849 0.28941 0.295954 0.301936 0.307828 0.313137 0.318284 0.32284 0.327163 0.330893 0.334326 0.337174 0.339664 0.341588 0.343097 0.344066 0.344571 0.344571 0.344066 0.343097 0.341588 0.339664 0.337174 0.334326 0.330893 0.327163 0.32284 0.318284 0.313137 0.307828 0.301936 0.295954 0.28941 0.282849 0.275755 0.268718 0.261186 0.253786 0.245935 0.238288 0.230244 0.222473 0.214364 0.206593 0.198549 0.190903 0.183052 0.175651 0.168119 0.161083 0.153989 0.147428 0.140884 0.134901 0.12901 0.1237 0.118553 0.113998 0.109675 0.105944 0.102512 0.0996631 0.0971734 0.09525 0.093741 0.0927719 0.0922664 
0.0960495 0.0965551 0.097605 0.099114 0.101198 0.103688 0.106774 0.110206 0.114248 0.118571 0.123506 0.128653 0.134406 0.140298 0.146779 0.153323 0.160431 0.167525 0.175148 0.182681 0.190698 0.198549 0.206833 0.214878 0.223297 0.231406 0.239825 0.247869 0.256153 0.264004 0.272022 0.279554 0.287177 0.294272 0.30138 0.307924 0.314405 0.320296 0.326049 0.331196 0.336132 0.340455 0.344496 0.347929 0.351015 0.353505 0.355589 0.357098 0.358147 0.358653 0.358653 0.358147 0.357098 0.355589 0.353505 0.351015 0.347929 0.344496 0.340455 0.336132 0.331196 0.326049 0.320296 0.314405 0.307924 0.30138 0.294272 0.287177 0.279554 0.272022 0.264004 0.256153 0.247869 0.239825 0.231406 0.223297 0.214878 0.206833 0.198549 0.190698 0.182681 0.175148 0.167525 0.160431 0.153323 0.146779 0.140298 0.134406 0.128653 0.123506 0.118571 0.114248 0.110206 0.106774 0.103688 0.101198 0.099114 0.097605 0.0965551 0.0960495 
0.0998608 0.100407 0.101457 0.103088 0.105172 0.107863 0.11095 0.11466 0.118701 0.123374 0.128309 0.133873 0.139626 0.145994 0.152475 0.159549 0.166657 0.174325 0.181948 0.19009 0.198107 0.206593 0.214878 0.223573 0.231992 0.240757 0.249176 0.257871 0.266155 0.274641 0.282659 0.290801 0.298424 0.306092 0.3132 0.320274 0.326755 0.333123 0.338876 0.344439 0.349375 0.354047 0.358089 0.361799 0.364886 0.367577 0.369661 0.371292 0.372342 0.372888 0.372888 0.372342 0.371292 0.369661 0.367577 0.364886 0.361799 0.358089 0.354047 0.349375 0.344439 0.338876 0.333123 0.326755 0.320274 0.3132 0.306092 0.298424 0.290801 0.282659 0.274641 0.266155 0.257871 0.249176 0.240757 0.231992 0.223573 0.214878 0.206593 0.198107 0.19009 0.181948 0.174325 0.166657 0.159549 0.152475 0.145994 0.139626 0.133873 0.128309 0.123374 0.118701 0.11466 0.11095 0.107863 0.105172 0.103088 0.101457 0.100407 0.0998608 
0.103705 0.104252 0.105384 0.107015 0.109262 0.111953 0.115281 0.118991 0.123349 0.128022 0.133343 0.138907 0.14511 0.151478 0.158466 0.16554 0.173204 0.180872 0.189092 0.197233 0.205878 0.214364 0.223297 0.231992 0.241069 0.249835 0.258912 0.267607 0.27654 0.285026 0.293671 0.301813 0.310032 0.3177 0.325365 0.332438 0.339426 0.345795 0.351998 0.357561 0.362882 0.367555 0.371913 0.375623 0.378951 0.381642 0.383889 0.38552 0.386652 0.387199 0.387199 0.386652 0.38552 0.383889 0.381642 0.378951 0.375623 0.371913 0.367555 0.362882 0.357561 0.351998 0.345795 0.339426 0.332438 0.325365 0.3177 0.310032 0.301813 0.293671 0.285026 0.27654 0.267607 0.258912 0.249835 0.241069 0.231992 0.223297 0.214364 0.205878 0.197233 0.189092 0.180872 0.173204 0.16554 0.158466 0.151478 0.14511 0.138907 0.133343 0.128022 0.123349 0.118991 0.115281 0.111953 0.109262 0.107015 0.105384 0.104252 0.103705 
0.107548 0.108135 0.109267 0.111021 0.113268 0.116162 0.11949 0.12348 0.127838 0.132864 0.138185 0.144168 0.150371 0.15722 0.164208 0.171816 0.17948 0.187727 0.195946 0.204702 0.213347 0.222473 0.231406 0.240757 0.249835 0.259261 0.268339 0.27769 0.286623 0.295749 0.304394 0.31315 0.321369 0.329616 0.33728 0.344888 0.351876 0.358725 0.364928 0.370911 0.376232 0.381258 0.385615 0.389606 0.392933 0.395828 0.398074 0.399829 0.400961 0.401548 0.401548 0.400961 0.399829 0.398074 0.395828 0.392933 0.389606 0.385615 0.381258 0.376232 0.370911 0.364928 0.358725 0.351876 0.344888 0.33728 0.329616 0.321369 0.31315 0.304394 0.295749 0.286623 0.27769 0.268339 0.259261 0.249835 0.240757 0.231406 0.222473 0.213347 0.204702 0.195946 0.187727 0.17948 0.171816 0.164208 0.15722 0.150371 0.144168 0.138185 0.132864 0.127838 0.12348 0.11949 0.116162 0.113268 0.111021 0.109267 0.108135 0.107548 
0.111392 0.11198 0.113194 0.114948 0.117358 0.120252 0.123822 0.127812 0.132486 0.137511 0.143219 0.149202 0.155855 0.162704 0.170199 0.177806 0.186027 0.194274 0.20309 0.211846 0.221118 0.230244 0.239825 0.249176 0.258912 0.268339 0.278075 0.287426 0.297007 0.306133 0.315406 0.324162 0.332978 0.341224 0.349445 0.357052 0.364547 0.371396 0.378049 0.384032 0.38974 0.394765 0.399439 0.40343 0.406999 0.409893 0.412303 0.414057 0.415271 0.415859 0.415859 0.415271 0.414057 0.412303 0.409893 0.406999 0.40343 0.399439 0.394765 0.38974 0.384032 0.378049 0.371396 0.364547 0.357052 0.349445 0.341224 0.332978 0.324162 0.315406 0.306133 0.297007 0.287426 0.278075 0.268339 0.258912 0.249176 0.239825 0.230244 0.221118 0.211846 0.20309 0.194274 0.186027 0.177806 0.170199 0.162704 0.155855 0.149202 0.143219 0.137511 0.132486 0.127812 0.123822 0.120252 0.117358 0.114948 0.113194 0.11198 0.111392 
0.115203 0.115832 0.117046 0.118923 0.121332 0.124428 0.127997 0.132265 0.136939 0.142314 0.148022 0.154422 0.161075 0.1684 0.175895 0.184032 0.192253 0.201073 0.209889 0.219255 0.228527 0.238288 0.247869 0.257871 0.267607 0.27769 0.287426 0.297428 0.307009 0.316771 0.326043 0.335408 0.344224 0.353045 0.361265 0.369402 0.376897 0.384223 0.390876 0.397275 0.402983 0.408358 0.413032 0.4173 0.420869 0.423965 0.426375 0.428251 0.429465 0.430094 0.430094 0.429465 0.428251 0.426375 0.423965 0.420869 0.4173 0.413032 0.408358 0.402983 0.397275 0.390876 0.384223 0.376897 0.369402 0.361265 0.353045 0.344224 0.335408 0.326043 0.316771 0.307009 0.297428 0.287426 0.27769 0.267607 0.257871 0.247869 0.238288 0.228527 0.219255 0.209889 0.201073 0.192253 0.184032 0.175895 0.1684 0.161075 0.154422 0.148022 0.142314 0.136939 0.132265 0.127997 0.124428 0.121332 0.118923 0.117046 0.115832 0.115203 
0.118987 0.119615 0.12091 0.122786 0.125357 0.128452 0.132259 0.136527 0.141513 0.146888 0.152975 0.159375 0.166471 0.173796 0.18179 0.189927 0.198695 0.207516 0.216919 0.226284 0.236173 0.245935 0.256153 0.266155 0.27654 0.286623 0.297007 0.307009 0.317228 0.326989 0.336878 0.346244 0.355647 0.364468 0.373235 0.381372 0.389366 0.396692 0.403788 0.410187 0.416275 0.42165 0.426635 0.430903 0.43471 0.437806 0.440376 0.442252 0.443547 0.444176 0.444176 0.443547 0.442252 0.440376 0.437806 0.43471 0.430903 0.426635 0.42165 0.416275 0.410187 0.403788 0.396692 0.389366 0.381372 0.373235 0.364468 0.355647 0.346244 0.336878 0.326989 0.317228 0.307009 0.297007 0.286623 0.27654 0.266155 0.256153 0.245935 0.236173 0.226284 0.216919 0.207516 0.198695 0.189927 0.18179 0.173796 0.166471 0.159375 0.152975 0.146888 0.141513 0.136527 0.132259 0.128452 0.125357 0.122786 0.12091 0.119615 0.118987 
0.122706 0.123375 0.12467 0.126665 0.129236 0.132528 0.136335 0.140874 0.145859 0.151575 0.157663 0.164469 0.171565 0.179356 0.18735 0.196003 0.204771 0.214152 0.223555 0.233515 0.243404 0.253786 0.264004 0.274641 0.285026 0.295749 0.306133 0.316771 0.326989 0.33737 0.34726 0.35722 0.366623 0.376004 0.384771 0.393425 0.401419 0.40921 0.416306 0.423112 0.4292 0.434916 0.439901 0.44444 0.448247 0.451539 0.45411 0.456105 0.4574 0.458069 0.458069 0.4574 0.456105 0.45411 0.451539 0.448247 0.44444 0.439901 0.434916 0.4292 0.423112 0.416306 0.40921 0.401419 0.393425 0.384771 0.376004 0.366623 0.35722 0.34726 0.33737 0.326989 0.316771 0.306133 0.295749 0.285026 0.274641 0.264004 0.253786 0.243404 0.233515 0.223555 0.214152 0.204771 0.196003 0.18735 0.179356 0.171565 0.164469 0.157663 0.151575 0.145859 0.140874 0.136335 0.132528 0.129236 0.126665 0.12467 0.123375 0.122706 
0.126368 0.127036 0.128409 0.130405 0.13313 0.136423 0.140459 0.144998 0.150285 0.156001 0.162457 0.169263 0.176787 0.184578 0.193055 0.201709 0.211006 0.220387 0.230358 0.240318 0.250805 0.261186 0.272022 0.282659 0.293671 0.304394 0.315406 0.326043 0.336878 0.34726 0.357747 0.367707 0.377678 0.387059 0.396356 0.405009 0.413487 0.421277 0.428802 0.435608 0.442063 0.44778 0.453066 0.457605 0.461642 0.464934 0.46766 0.469655 0.471028 0.471697 0.471697 0.471028 0.469655 0.46766 0.464934 0.461642 0.457605 0.453066 0.44778 0.442063 0.435608 0.428802 0.421277 0.413487 0.405009 0.396356 0.387059 0.377678 0.367707 0.357747 0.34726 0.336878 0.326043 0.315406 0.304394 0.293671 0.282659 0.272022 0.261186 0.250805 0.240318 0.230358 0.220387 0.211006 0.201709 0.193055 0.184578 0.176787 0.169263 0.162457 0.156001 0.150285 0.144998 0.140459 0.136423 0.13313 0.130405 0.128409 0.127036 0.126368 
0.129936 0.130643 0.132016 0.134126 0.136852 0.140333 0.144369 0.149168 0.154455 0.160499 0.166954 0.17415 0.181675 0.189912 0.198389 0.207538 0.216835 0.226754 0.236725 0.247256 0.257742 0.268718 0.279554 0.290801 0.301813 0.31315 0.324162 0.335408 0.346244 0.35722 0.367707 0.378238 0.388209 0.398127 0.407424 0.416574 0.425051 0.433288 0.440812 0.448008 0.454464 0.460507 0.465794 0.470593 0.47463 0.478111 0.480836 0.482946 0.484319 0.485026 0.485026 0.484319 0.482946 0.480836 0.478111 0.47463 0.470593 0.465794 0.460507 0.454464 0.448008 0.440812 0.433288 0.425051 0.416574 0.407424 0.398127 0.388209 0.378238 0.367707 0.35722 0.346244 0.335408 0.324162 0.31315 0.301813 0.290801 0.279554 0.268718 0.257742 0.247256 0.236725 0.226754 0.216835 0.207538 0.198389 0.189912 0.181675 0.17415 0.166954 0.160499 0.154455 0.149168 0.144369 0.140333 0.136852 0.134126 0.132016 0.130643 0.129936 
0.133418 0.134124 0.135572 0.137682 0.140555 0.144036 0.148291 0.15309 0.158663 0.164707 0.171512 0.178708 0.18664 0.194877 0.203813 0.212963 0.222763 0.232682 0.243193 0.253724 0.264778 0.275755 0.287177 0.298424 0.310032 0.321369 0.332978 0.344224 0.355647 0.366623 0.377678 0.388209 0.39872 0.408638 0.418439 0.427588 0.436524 0.444761 0.452693 0.459889 0.466694 0.472738 0.478311 0.48311 0.487366 0.490846 0.49372 0.49583 0.497277 0.497984 0.497984 0.497277 0.49583 0.49372 0.490846 0.487366 0.48311 0.478311 0.472738 0.466694 0.459889 0.452693 0.444761 0.436524 0.427588 0.418439 0.408638 0.39872 0.388209 0.377678 0.366623 0.355647 0.344224 0.332978 0.321369 0.310032 0.298424 0.287177 0.275755 0.264778 0.253724 0.243193 0.232682 0.222763 0.212963 0.203813 0.194877 0.18664 0.178708 0.171512 0.164707 0.158663 0.15309 0.148291 0.144036 0.140555 0.137682 0.135572 0.134124 0.133418 
0.136779 0.137522 0.138969 0.141187 0.14406 0.147718 0.151974 0.157018 0.162591 0.168943 0.175748 0.183311 0.191243 0.199901 0.208837 0.218453 0.228254 0.238679 0.24919 0.260258 0.271313 0.282849 0.294272 0.306092 0.3177 0.329616 0.341224 0.353045 0.364468 0.376004 0.387059 0.398127 0.408638 0.419063 0.428863 0.43848 0.447416 0.456073 0.464005 0.471569 0.478374 0.484726 0.490299 0.495343 0.499598 0.503257 0.50613 0.508347 0.509795 0.510538 0.510538 0.509795 0.508347 0.50613 0.503257 0.499598 0.495343 0.490299 0.484726 0.478374 0.471569 0.464005 0.456073 0.447416 0.43848 0.428863 0.419063 0.408638 0.398127 0.387059 0.376004 0.364468 0.353045 0.341224 0.329616 0.3177 0.306092 0.294272 0.282849 0.271313 0.260258 0.24919 0.238679 0.228254 0.218453 0.208837 0.199901 0.191243 0.183311 0.175748 0.168943 0.162591 0.157018 0.151974 0.147718 0.14406 0.141187 0.138969 0.137522 0.136779 
0.140025 0.140768 0.142284 0.144502 0.147513 0.151171 0.155631 0.160675 0.166514 0.172867 0.179998 0.187561 0.195873 0.20453 0.213895 0.223511 0.233782 0.244206 0.255221 0.266289 0.277873 0.28941 0.30138 0.3132 0.325365 0.33728 0.349445 0.361265 0.373235 0.384771 0.396356 0.407424 0.418439 0.428863 0.439134 0.44875 0.458114 0.466772 0.475084 0.482647 0.489778 0.49613 0.50197 0.507014 0.511474 0.515132 0.518143 0.52036 0.521877 0.52262 0.52262 0.521877 0.52036 0.518143 0.515132 0.511474 0.507014 0.50197 0.49613 0.489778 0.482647 0.475084 0.466772 0.458114 0.44875 0.439134 0.428863 0.418439 0.407424 0.396356 0.384771 0.373235 0.361265 0.349445 0.33728 0.325365 0.3132 0.30138 0.28941 0.277873 0.266289 0.255221 0.244206 0.233782 0.223511 0.213895 0.20453 0.195873 0.187561 0.179998 0.172867 0.166514 0.160675 0.155631 0.151171 0.147513 0.144502 0.142284 0.140768 0.140025 
0.143125 0.143901 0.145418 0.147735 0.150746 0.154568 0.159028 0.164298 0.170137 0.176774 0.183905 0.191807 0.20012 0.209165 0.218529 0.228576 0.238846 0.249738 0.260752 0.272317 0.283901 0.295954 0.307924 0.320274 0.332438 0.344888 0.357052 0.369402 0.381372 0.393425 0.405009 0.416574 0.427588 0.43848 0.44875 0.458797 0.468161 0.477206 0.485519 0.493421 0.500552 0.507189 0.513028 0.518298 0.522758 0.52658 0.529591 0.531908 0.533425 0.534201 0.534201 0.533425 0.531908 0.529591 0.52658 0.522758 0.518298 0.513028 0.507189 0.500552 0.493421 0.485519 0.477206 0.468161 0.458797 0.44875 0.43848 0.427588 0.416574 0.405009 0.393425 0.381372 0.369402 0.357052 0.344888 0.332438 0.320274 0.307924 0.295954 0.283901 0.272317 0.260752 0.249738 0.238846 0.228576 0.218529 0.209165 0.20012 0.191807 0.183905 0.176774 0.170137 0.164298 0.159028 0.154568 0.150746 0.147735 0.145418 0.143901 0.143125 
0.146085 0.146861 0.148441 0.150758 0.153894 0.157717 0.162362 0.167632 0.173715 0.180352 0.18778 0.195682 0.204341 0.213386 0.223141 0.233188 0.243886 0.254778 0.266252 0.277816 0.289883 0.301936 0.314405 0.326755 0.339426 0.351876 0.364547 0.376897 0.389366 0.401419 0.413487 0.425051 0.436524 0.447416 0.458114 0.468161 0.477916 0.486961 0.49562 0.503522 0.51095 0.517587 0.523671 0.52894 0.533586 0.537408 0.540544 0.542861 0.544441 0.545218 0.545218 0.544441 0.542861 0.540544 0.537408 0.533586 0.52894 0.523671 0.517587 0.51095 0.503522 0.49562 0.486961 0.477916 0.468161 0.458114 0.447416 0.436524 0.425051 0.413487 0.401419 0.389366 0.376897 0.364547 0.351876 0.339426 0.326755 0.314405 0.301936 0.289883 0.277816 0.266252 0.254778 0.243886 0.233188 0.223141 0.213386 0.204341 0.195682 0.18778 0.180352 0.173715 0.167632 0.162362 0.157717 0.153894 0.150758 0.148441 0.146861 0.146085 
0.148876 0.149682 0.151262 0.153669 0.156805 0.160775 0.16542 0.170893 0.176977 0.18387 0.191298 0.199505 0.208164 0.217558 0.227313 0.237748 0.248446 0.259758 0.271232 0.283242 0.295309 0.307828 0.320296 0.333123 0.345795 0.358725 0.371396 0.384223 0.396692 0.40921 0.421277 0.433288 0.444761 0.456073 0.466772 0.477206 0.486961 0.496355 0.505014 0.513221 0.520649 0.527542 0.533626 0.539099 0.543744 0.547714 0.550851 0.553257 0.554837 0.555643 0.555643 0.554837 0.553257 0.550851 0.547714 0.543744 0.539099 0.533626 0.527542 0.520649 0.513221 0.505014 0.496355 0.486961 0.477206 0.466772 0.456073 0.444761 0.433288 0.421277 0.40921 0.396692 0.384223 0.371396 0.358725 0.345795 0.333123 0.320296 0.307828 0.295309 0.283242 0.271232 0.259758 0.248446 0.237748 0.227313 0.217558 0.208164 0.199505 0.191298 0.18387 0.176977 0.170893 0.16542 0.160775 0.156805 0.153669 0.151262 0.149682 0.148876 
0.151503 0.152309 0.153946 0.156352 0.1596 0.163569 0.16838 0.173853 0.180152 0.187045 0.194738 0.202945 0.211911 0.221305 0.231406 0.241841 0.25292 0.264232 0.276113 0.288123 0.300619 0.313137 0.326049 0.338876 0.351998 0.364928 0.378049 0.390876 0.403788 0.416306 0.428802 0.440812 0.452693 0.464005 0.475084 0.485519 0.49562 0.505014 0.51398 0.522187 0.52988 0.536773 0.543072 0.548545 0.553356 0.557325 0.560573 0.56298 0.564616 0.565422 0.565422 0.564616 0.56298 0.560573 0.557325 0.553356 0.548545 0.543072 0.536773 0.52988 0.522187 0.51398 0.505014 0.49562 0.485519 0.475084 0.464005 0.452693 0.440812 0.428802 0.416306 0.403788 0.390876 0.378049 0.364928 0.351998 0.338876 0.326049 0.313137 0.300619 0.288123 0.276113 0.264232 0.25292 0.241841 0.231406 0.221305 0.211911 0.202945 0.194738 0.187045 0.180152 0.173853 0.16838 0.163569 0.1596 0.156352 0.153946 0.152309 0.151503 
0.153942 0.154774 0.15641 0.158895 0.162142 0.166241 0.171051 0.176702 0.183002 0.190119 0.197811 0.206284 0.215251 0.22495 0.235051 0.245825 0.256903 0.268582 0.280464 0.292864 0.30536 0.318284 0.331196 0.344439 0.357561 0.370911 0.384032 0.397275 0.410187 0.423112 0.435608 0.448008 0.459889 0.471569 0.482647 0.493421 0.503522 0.513221 0.522187 0.530661 0.538353 0.54547 0.551769 0.55742 0.562231 0.566329 0.569577 0.572062 0.573698 0.57453 0.57453 0.573698 0.572062 0.569577 0.566329 0.562231 0.55742 0.551769 0.54547 0.538353 0.530661 0.522187 0.513221 0.503522 0.493421 0.482647 0.471569 0.459889 0.448008 0.435608 0.423112 0.410187 0.397275 0.384032 0.370911 0.357561 0.344439 0.331196 0.318284 0.30536 0.292864 0.280464 0.268582 0.256903 0.245825 0.235051 0.22495 0.215251 0.206284 0.197811 0.190119 0.183002 0.176702 0.171051 0.166241 0.162142 0.158895 0.15641 0.154774 0.153942 
0.156195 0.157028 0.158712 0.161196 0.16454 0.168639 0.17359 0.179241 0.185726 0.192843 0.200762 0.209235 0.218465 0.228164 0.238563 0.249337 0.260741 0.27242 0.284651 0.297051 0.309915 0.32284 0.336132 0.349375 0.362882 0.376232 0.38974 0.402983 0.416275 0.4292 0.442063 0.454464 0.466694 0.478374 0.489778 0.500552 0.51095 0.520649 0.52988 0.538353 0.546272 0.553388 0.559873 0.565524 0.570476 0.574575 0.577918 0.580403 0.582087 0.582919 0.582919 0.582087 0.580403 0.577918 0.574575 0.570476 0.565524 0.559873 0.553388 0.546272 0.538353 0.52988 0.520649 0.51095 0.500552 0.489778 0.478374 0.466694 0.454464 0.442063 0.4292 0.416275 0.402983 0.38974 0.376232 0.362882 0.349375 0.336132 0.32284 0.309915 0.297051 0.284651 0.27242 0.260741 0.249337 0.238563 0.228164 0.218465 0.209235 0.200762 0.192843 0.185726 0.179241 0.17359 0.168639 0.16454 0.161196 0.158712 0.157028 0.156195 
0.158243 0.159098 0.160782 0.163332 0.166676 0.170883 0.175834 0.181635 0.188119 0.195424 0.203343 0.21204 0.22127 0.231225 0.241624 0.252682 0.264087 0.276074 0.288305 0.301033 0.313897 0.327163 0.340455 0.354047 0.367555 0.381258 0.394765 0.408358 0.42165 0.434916 0.44778 0.460507 0.472738 0.484726 0.49613 0.507189 0.517587 0.527542 0.536773 0.54547 0.553388 0.560693 0.567178 0.572978 0.57793 0.582137 0.585481 0.58803 0.589715 0.590569 0.590569 0.589715 0.58803 0.585481 0.582137 0.57793 0.572978 0.567178 0.560693 0.553388 0.54547 0.536773 0.527542 0.517587 0.507189 0.49613 0.484726 0.472738 0.460507 0.44778 0.434916 0.42165 0.408358 0.394765 0.381258 0.367555 0.354047 0.340455 0.327163 0.313897 0.301033 0.288305 0.276074 0.264087 0.252682 0.241624 0.231225 0.22127 0.21204 0.203343 0.195424 0.188119 0.181635 0.175834 0.170883 0.166676 0.163332 0.160782 0.159098 0.158243 
0.160089 0.160943 0.162667 0.165217 0.168639 0.172846 0.177914 0.183714 0.19035 0.197655 0.205759 0.214456 0.223903 0.233858 0.2445 0.255558 0.26723 0.279217 0.291735 0.304462 0.317627 0.330893 0.344496 0.358089 0.371913 0.385615 0.399439 0.413032 0.426635 0.439901 0.453066 0.465794 0.478311 0.490299 0.50197 0.513028 0.523671 0.533626 0.543072 0.551769 0.559873 0.567178 0.573815 0.579615 0.584683 0.58889 0.592311 0.594861 0.596585 0.59744 0.59744 0.596585 0.594861 0.592311 0.58889 0.584683 0.579615 0.573815 0.567178 0.559873 0.551769 0.543072 0.533626 0.523671 0.513028 0.50197 0.490299 0.478311 0.465794 0.453066 0.439901 0.426635 0.413032 0.399439 0.385615 0.371913 0.358089 0.344496 0.330893 0.317627 0.304462 0.291735 0.279217 0.26723 0.255558 0.2445 0.233858 0.223903 0.214456 0.205759 0.197655 0.19035 0.183714 0.177914 0.172846 0.168639 0.165217 0.162667 0.160943 0.160089 
0.161715 0.162587 0.164311 0.166913 0.170335 0.174628 0.179695 0.185614 0.192251 0.199705 0.207809 0.216684 0.22613 0.236289 0.246931 0.258215 0.269886 0.282119 0.294636 0.307624 0.320789 0.334326 0.347929 0.361799 0.375623 0.389606 0.40343 0.4173 0.430903 0.44444 0.457605 0.470593 0.48311 0.495343 0.507014 0.518298 0.52894 0.539099 0.548545 0.55742 0.565524 0.572978 0.579615 0.585534 0.590601 0.594894 0.598316 0.600918 0.602642 0.603514 0.603514 0.602642 0.600918 0.598316 0.594894 0.590601 0.585534 0.579615 0.572978 0.565524 0.55742 0.548545 0.539099 0.52894 0.518298 0.507014 0.495343 0.48311 0.470593 0.457605 0.44444 0.430903 0.4173 0.40343 0.389606 0.375623 0.361799 0.347929 0.334326 0.320789 0.307624 0.294636 0.282119 0.269886 0.258215 0.246931 0.236289 0.22613 0.216684 0.207809 0.199705 0.192251 0.185614 0.179695 0.174628 0.170335 0.166913 0.164311 0.162587 0.161715 
