0.358872 0.359131 0.359647 0.360418 0.361442 0.362715 0.364231 0.365984 0.367968 0.370174 0.372595 0.37522 0.37804 0.381042 0.384216 0.387549 0.391027 0.394637 0.398365 0.402196 0.406115 0.410106 0.414155 0.418244 0.422357 0.426479 0.430593 0.434683 0.438733 0.442727 0.446648 0.450482 0.454214 0.457828 0.46131 0.464647 0.467825 0.470833 0.473656 0.476286 0.478711 0.480922 0.482909 0.484666 0.486185 0.48746 0.488486 0.48926 0.489777 0.490036 0.490036 0.489777 0.48926 0.488486 0.48746 0.486185 0.484666 0.482909 0.480922 0.478711 0.476286 0.473656 0.470833 0.467825 0.464647 0.46131 0.457828 0.454214 0.450482 0.446648 0.442727 0.438733 0.434683 0.430593 0.426479 0.422357 0.418244 0.414155 0.410106 0.406115 0.402196 0.398365 0.394637 0.391027 0.387549 0.384216 0.381042 0.37804 0.37522 0.372595 0.370174 0.367968 0.365984 0.364231 0.362715 0.361442 0.360418 0.359647 0.359131 0.358872 
0.359131 0.359389 0.359905 0.360677 0.361701 0.362973 0.364489 0.366243 0.368226 0.370433 0.372854 0.375479 0.378298 0.381301 0.384475 0.387807 0.391286 0.394896 0.398624 0.402455 0.406374 0.410365 0.414413 0.418502 0.422616 0.426738 0.430852 0.434942 0.438992 0.442985 0.446907 0.450741 0.454472 0.458086 0.461569 0.464906 0.468084 0.471091 0.473915 0.476545 0.47897 0.48118 0.483168 0.484925 0.486444 0.487719 0.488745 0.489518 0.490035 0.490295 0.490295 0.490035 0.489518 0.488745 0.487719 0.486444 0.484925 0.483168 0.48118 0.47897 0.476545 0.473915 0.471091 0.468084 0.464906 0.461569 0.458086 0.454472 0.450741 0.446907 0.442985 0.438992 0.434942 0.430852 0.426738 0.422616 0.418502 0.414413 0.410365 0.406374 0.402455 0.398624 0.394896 0.391286 0.387807 0.384475 0.381301 0.378298 0.375479 0.372854 0.370433 0.368226 0.366243 0.364489 0.362973 0.361701 0.360677 0.359905 0.359389 0.359131 
0.359647 0.359905 0.360421 0.361193 0.362217 0.363489 0.365005 0.366759 0.368742 0.370949 0.37337 0.375995 0.378814 0.381817 0.384991 0.388323 0.391802 0.395412 0.39914 0.402971 0.40689 0.410881 0.414929 0.419018 0.423132 0.427254 0.431368 0.435458 0.439508 0.443501 0.447423 0.451257 0.454988 0.458603 0.462085 0.465422 0.4686 0.471607 0.474431 0.477061 0.479486 0.481696 0.483684 0.485441 0.48696 0.488235 0.489261 0.490034 0.490551 0.490811 0.490811 0.490551 0.490034 0.489261 0.488235 0.48696 0.485441 0.483684 0.481696 0.479486 0.477061 0.474431 0.471607 0.4686 0.465422 0.462085 0.458603 0.454988 0.451257 0.447423 0.443501 0.439508 0.435458 0.431368 0.427254 0.423132 0.419018 0.414929 0.410881 0.40689 0.402971 0.39914 0.395412 0.391802 0.388323 0.384991 0.381817 0.378814 0.375995 0.37337 0.370949 0.368742 0.366759 0.365005 0.363489 0.362217 0.361193 0.360421 0.359905 0.359647 
0.360418 0.360677 0.361193 0.361965 0.362989 0.364261 0.365777 0.36753 0.369514 0.371721 0.374141 0.376767 0.379586 0.382588 0.385762 0.389095 0.392573 0.396183 0.399911 0.403742 0.407661 0.411653 0.415701 0.41979 0.423903 0.428025 0.432139 0.43623 0.440279 0.444273 0.448195 0.452029 0.45576 0.459374 0.462856 0.466193 0.469372 0.472379 0.475203 0.477832 0.480257 0.482468 0.484456 0.486212 0.487731 0.489006 0.490033 0.490806 0.491323 0.491582 0.491582 0.491323 0.490806 0.490033 0.489006 0.487731 0.486212 0.484456 0.482468 0.480257 0.477832 0.475203 0.472379 0.469372 0.466193 0.462856 0.459374 0.45576 0.452029 0.448195 0.444273 0.440279 0.43623 0.432139 0.428025 0.423903 0.41979 0.415701 0.411653 0.407661 0.403742 0.399911 0.396183 0.392573 0.389095 0.385762 0.382588 0.379586 0.376767 0.374141 0.371721 0.369514 0.36753 0.365777 0.364261 0.362989 0.361965 0.361193 0.360677 0.360418 
0.361442 0.361701 0.362217 0.362989 0.364013 0.365285 0.366801 0.368554 0.370538 0.372745 0.375165 0.377791 0.38061 0.383612 0.386786 0.390119 0.393597 0.397207 0.400935 0.404766 0.408685 0.412677 0.416725 0.420814 0.424927 0.429049 0.433163 0.437254 0.441303 0.445297 0.449219 0.453053 0.456784 0.460398 0.46388 0.467217 0.470396 0.473403 0.476227 0.478856 0.481281 0.483492 0.48548 0.487236 0.488755 0.49003 0.491057 0.49183 0.492347 0.492606 0.492606 0.492347 0.49183 0.491057 0.49003 0.488755 0.487236 0.48548 0.483492 0.481281 0.478856 0.476227 0.473403 0.470396 0.467217 0.46388 0.460398 0.456784 0.453053 0.449219 0.445297 0.441303 0.437254 0.433163 0.429049 0.424927 0.420814 0.416725 0.412677 0.408685 0.404766 0.400935 0.397207 0.393597 0.390119 0.386786 0.383612 0.38061 0.377791 0.375165 0.372745 0.370538 0.368554 0.366801 0.365285 0.364013 0.362989 0.362217 0.361701 0.361442 
0.362715 0.362973 0.363489 0.364261 0.365285 0.366557 0.368073 0.369827 0.37181 0.374017 0.376438 0.379063 0.381882 0.384885 0.388059 0.391391 0.39487 0.39848 0.402208 0.406039 0.409958 0.413949 0.417997 0.422086 0.4262 0.430322 0.434436 0.438526 0.442576 0.446569 0.450491 0.454325 0.458056 0.46167 0.465153 0.46849 0.471668 0.474675 0.477499 0.480129 0.482554 0.484764 0.486752 0.488509 0.490028 0.491303 0.492329 0.493102 0.493619 0.493879 0.493879 0.493619 0.493102 0.492329 0.491303 0.490028 0.488509 0.486752 0.484764 0.482554 0.480129 0.477499 0.474675 0.471668 0.46849 0.465153 0.46167 0.458056 0.454325 0.450491 0.446569 0.442576 0.438526 0.434436 0.430322 0.4262 0.422086 0.417997 0.413949 0.409958 0.406039 0.402208 0.39848 0.39487 0.391391 0.388059 0.384885 0.381882 0.379063 0.376438 0.374017 0.37181 0.369827 0.368073 0.366557 0.365285 0.364261 0.363489 0.362973 0.362715 
0.364231 0.364489 0.365005 0.365777 0.366801 0.368073 0.369589 0.371342 0.373326 0.375533 0.377954 0.380579 0.383398 0.386401 0.389575 0.392907 0.396385 0.399996 0.403724 0.407555 0.411473 0.415465 0.419513 0.423602 0.427716 0.431838 0.435952 0.440042 0.444092 0.448085 0.452007 0.455841 0.459572 0.463186 0.466669 0.470006 0.473184 0.476191 0.479015 0.481645 0.484069 0.48628 0.488268 0.490025 0.491544 0.492819 0.493845 0.494618 0.495135 0.495394 0.495394 0.495135 0.494618 0.493845 0.492819 0.491544 0.490025 0.488268 0.48628 0.484069 0.481645 0.479015 0.476191 0.473184 0.470006 0.466669 0.463186 0.459572 0.455841 0.452007 0.448085 0.444092 0.440042 0.435952 0.431838 0.427716 0.423602 0.419513 0.415465 0.411473 0.407555 0.403724 0.399996 0.396385 0.392907 0.389575 0.386401 0.383398 0.380579 0.377954 0.375533 0.373326 0.371342 0.369589 0.368073 0.366801 0.365777 0.365005 0.364489 0.364231 
0.365984 0.366243 0.366759 0.36753 0.368554 0.369827 0.371342 0.373096 0.37508 0.377286 0.379707 0.382332 0.385152 0.388154 0.391328 0.39466 0.398139 0.401749 0.405477 0.409308 0.413227 0.417218 0.421266 0.425355 0.429469 0.433591 0.437705 0.441795 0.445845 0.449838 0.45376 0.457594 0.461326 0.46494 0.468422 0.471759 0.474937 0.477944 0.480768 0.483398 0.485823 0.488034 0.490021 0.491778 0.493297 0.494572 0.495598 0.496371 0.496889 0.497148 0.497148 0.496889 0.496371 0.495598 0.494572 0.493297 0.491778 0.490021 0.488034 0.485823 0.483398 0.480768 0.477944 0.474937 0.471759 0.468422 0.46494 0.461326 0.457594 0.45376 0.449838 0.445845 0.441795 0.437705 0.433591 0.429469 0.425355 0.421266 0.417218 0.413227 0.409308 0.405477 0.401749 0.398139 0.39466 0.391328 0.388154 0.385152 0.382332 0.379707 0.377286 0.37508 0.373096 0.371342 0.369827 0.368554 0.36753 0.366759 0.366243 0.365984 
0.367968 0.368226 0.368742 0.369514 0.370538 0.37181 0.373326 0.37508 0.377063 0.37927 0.381691 0.384316 0.387135 0.390138 0.393312 0.396644 0.400123 0.403733 0.407461 0.411292 0.415211 0.419202 0.42325 0.427339 0.431453 0.435575 0.439689 0.443779 0.447829 0.451822 0.455744 0.459578 0.463309 0.466923 0.470406 0.473743 0.476921 0.479928 0.482752 0.485382 0.487807 0.490017 0.492005 0.493762 0.495281 0.496556 0.497582 0.498355 0.498872 0.499132 0.499132 0.498872 0.498355 0.497582 0.496556 0.495281 0.493762 0.492005 0.490017 0.487807 0.485382 0.482752 0.479928 0.476921 0.473743 0.470406 0.466923 0.463309 0.459578 0.455744 0.451822 0.447829 0.443779 0.439689 0.435575 0.431453 0.427339 0.42325 0.419202 0.415211 0.411292 0.407461 0.403733 0.400123 0.396644 0.393312 0.390138 0.387135 0.384316 0.381691 0.37927 0.377063 0.37508 0.373326 0.37181 0.370538 0.369514 0.368742 0.368226 0.367968 
0.370174 0.370433 0.370949 0.371721 0.372745 0.374017 0.375533 0.377286 0.37927 0.381477 0.383897 0.386523 0.389342 0.392345 0.395518 0.398851 0.402329 0.405939 0.409667 0.413498 0.417417 0.421409 0.425457 0.429546 0.433659 0.437781 0.441895 0.445986 0.450035 0.454029 0.457951 0.461785 0.465516 0.46913 0.472612 0.475949 0.479128 0.482135 0.484959 0.487588 0.490013 0.492224 0.494212 0.495968 0.497487 0.498762 0.499789 0.500562 0.501079 0.501338 0.501338 0.501079 0.500562 0.499789 0.498762 0.497487 0.495968 0.494212 0.492224 0.490013 0.487588 0.484959 0.482135 0.479128 0.475949 0.472612 0.46913 0.465516 0.461785 0.457951 0.454029 0.450035 0.445986 0.441895 0.437781 0.433659 0.429546 0.425457 0.421409 0.417417 0.413498 0.409667 0.405939 0.402329 0.398851 0.395518 0.392345 0.389342 0.386523 0.383897 0.381477 0.37927 0.377286 0.375533 0.374017 0.372745 0.371721 0.370949 0.370433 0.370174 
0.372595 0.372854 0.37337 0.374141 0.375165 0.376438 0.377954 0.379707 0.381691 0.383897 0.386318 0.388943 0.391763 0.394765 0.397939 0.401272 0.40475 0.40836 0.412088 0.415919 0.419838 0.423829 0.427877 0.431966 0.43608 0.440202 0.444316 0.448406 0.452456 0.45645 0.460371 0.464205 0.467937 0.471551 0.475033 0.47837 0.481548 0.484555 0.487379 0.490009 0.492434 0.494645 0.496632 0.498389 0.499908 0.501183 0.502209 0.502983 0.5035 0.503759 0.503759 0.5035 0.502983 0.502209 0.501183 0.499908 0.498389 0.496632 0.494645 0.492434 0.490009 0.487379 0.484555 0.481548 0.47837 0.475033 0.471551 0.467937 0.464205 0.460371 0.45645 0.452456 0.448406 0.444316 0.440202 0.43608 0.431966 0.427877 0.423829 0.419838 0.415919 0.412088 0.40836 0.40475 0.401272 0.397939 0.394765 0.391763 0.388943 0.386318 0.383897 0.381691 0.379707 0.377954 0.376438 0.375165 0.374141 0.37337 0.372854 0.372595 
0.37522 0.375479 0.375995 0.376767 0.377791 0.379063 0.380579 0.382332 0.384316 0.386523 0.388943 0.391568 0.394388 0.39739 0.400564 0.403897 0.407375 0.410985 0.414713 0.418544 0.422463 0.426455 0.430503 0.434592 0.438705 0.442827 0.446941 0.451031 0.455081 0.459075 0.462996 0.466831 0.470562 0.474176 0.477658 0.480995 0.484174 0.487181 0.490005 0.492634 0.495059 0.49727 0.499258 0.501014 0.502533 0.503808 0.504835 0.505608 0.506125 0.506384 0.506384 0.506125 0.505608 0.504835 0.503808 0.502533 0.501014 0.499258 0.49727 0.495059 0.492634 0.490005 0.487181 0.484174 0.480995 0.477658 0.474176 0.470562 0.466831 0.462996 0.459075 0.455081 0.451031 0.446941 0.442827 0.438705 0.434592 0.430503 0.426455 0.422463 0.418544 0.414713 0.410985 0.407375 0.403897 0.400564 0.39739 0.394388 0.391568 0.388943 0.386523 0.384316 0.382332 0.380579 0.379063 0.377791 0.376767 0.375995 0.375479 0.37522 
0.37804 0.378298 0.378814 0.379586 0.38061 0.381882 0.383398 0.385152 0.387135 0.389342 0.391763 0.394388 0.397207 0.40021 0.403384 0.406716 0.410195 0.413805 0.417533 0.421364 0.425283 0.429274 0.433322 0.437411 0.441525 0.445647 0.449761 0.453851 0.457901 0.461894 0.465816 0.46965 0.473381 0.476995 0.480478 0.483815 0.486993 0.49 0.492824 0.495454 0.497879 0.500089 0.502077 0.503834 0.505353 0.506628 0.507654 0.508427 0.508944 0.509203 0.509203 0.508944 0.508427 0.507654 0.506628 0.505353 0.503834 0.502077 0.500089 0.497879 0.495454 0.492824 0.49 0.486993 0.483815 0.480478 0.476995 0.473381 0.46965 0.465816 0.461894 0.457901 0.453851 0.449761 0.445647 0.441525 0.437411 0.433322 0.429274 0.425283 0.421364 0.417533 0.413805 0.410195 0.406716 0.403384 0.40021 0.397207 0.394388 0.391763 0.389342 0.387135 0.385152 0.383398 0.381882 0.38061 0.379586 0.378814 0.378298 0.37804 
0.381042 0.381301 0.381817 0.382588 0.383612 0.384885 0.386401 0.388154 0.390138 0.392345 0.394765 0.39739 0.40021 0.403212 0.406386 0.409719 0.413197 0.416807 0.420535 0.424366 0.428285 0.432277 0.436325 0.440414 0.444527 0.448649 0.452763 0.456853 0.460903 0.464897 0.468818 0.472652 0.476384 0.479998 0.48348 0.486817 0.489995 0.493003 0.495826 0.498456 0.500881 0.503092 0.50508 0.506836 0.508355 0.50963 0.510657 0.51143 0.511947 0.512206 0.512206 0.511947 0.51143 0.510657 0.50963 0.508355 0.506836 0.50508 0.503092 0.500881 0.498456 0.495826 0.493003 0.489995 0.486817 0.48348 0.479998 0.476384 0.472652 0.468818 0.464897 0.460903 0.456853 0.452763 0.448649 0.444527 0.440414 0.436325 0.432277 0.428285 0.424366 0.420535 0.416807 0.413197 0.409719 0.406386 0.403212 0.40021 0.39739 0.394765 0.392345 0.390138 0.388154 0.386401 0.384885 0.383612 0.382588 0.381817 0.381301 0.381042 
0.384216 0.384475 0.384991 0.385762 0.386786 0.388059 0.389575 0.391328 0.393312 0.395518 0.397939 0.400564 0.403384 0.406386 0.40956 0.412893 0.416371 0.419981 0.423709 0.42754 0.431459 0.43545 0.439498 0.443587 0.447701 0.451823 0.455937 0.460027 0.464077 0.468071 0.471992 0.475826 0.479558 0.483172 0.486654 0.489991 0.493169 0.496176 0.499 0.50163 0.504055 0.506266 0.508253 0.51001 0.511529 0.512804 0.51383 0.514604 0.515121 0.51538 0.51538 0.515121 0.514604 0.51383 0.512804 0.511529 0.51001 0.508253 0.506266 0.504055 0.50163 0.499 0.496176 0.493169 0.489991 0.486654 0.483172 0.479558 0.475826 0.471992 0.468071 0.464077 0.460027 0.455937 0.451823 0.447701 0.443587 0.439498 0.43545 0.431459 0.42754 0.423709 0.419981 0.416371 0.412893 0.40956 0.406386 0.403384 0.400564 0.397939 0.395518 0.393312 0.391328 0.389575 0.388059 0.386786 0.385762 0.384991 0.384475 0.384216 
0.387549 0.387807 0.388323 0.389095 0.390119 0.391391 0.392907 0.39466 0.396644 0.398851 0.401272 0.403897 0.406716 0.409719 0.412893 0.416225 0.419703 0.423314 0.427042 0.430873 0.434792 0.438783 0.442831 0.44692 0.451034 0.455156 0.45927 0.46336 0.46741 0.471403 0.475325 0.479159 0.48289 0.486504 0.489987 0.493324 0.496502 0.499509 0.502333 0.504963 0.507388 0.509598 0.511586 0.513343 0.514862 0.516137 0.517163 0.517936 0.518453 0.518712 0.518712 0.518453 0.517936 0.517163 0.516137 0.514862 0.513343 0.511586 0.509598 0.507388 0.504963 0.502333 0.499509 0.496502 0.493324 0.489987 0.486504 0.48289 0.479159 0.475325 0.471403 0.46741 0.46336 0.45927 0.455156 0.451034 0.44692 0.442831 0.438783 0.434792 0.430873 0.427042 0.423314 0.419703 0.416225 0.412893 0.409719 0.406716 0.403897 0.401272 0.398851 0.396644 0.39466 0.392907 0.391391 0.390119 0.389095 0.388323 0.387807 0.387549 
0.391027 0.391286 0.391802 0.392573 0.393597 0.39487 0.396385 0.398139 0.400123 0.402329 0.40475 0.407375 0.410195 0.413197 0.416371 0.419703 0.423182 0.426792 0.43052 0.434351 0.43827 0.442261 0.446309 0.450398 0.454512 0.458634 0.462748 0.466838 0.470888 0.474881 0.478803 0.482637 0.486369 0.489983 0.493465 0.496802 0.49998 0.502987 0.505811 0.508441 0.510866 0.513077 0.515064 0.516821 0.51834 0.519615 0.520641 0.521414 0.521932 0.522191 0.522191 0.521932 0.521414 0.520641 0.519615 0.51834 0.516821 0.515064 0.513077 0.510866 0.508441 0.505811 0.502987 0.49998 0.496802 0.493465 0.489983 0.486369 0.482637 0.478803 0.474881 0.470888 0.466838 0.462748 0.458634 0.454512 0.450398 0.446309 0.442261 0.43827 0.434351 0.43052 0.426792 0.423182 0.419703 0.416371 0.413197 0.410195 0.407375 0.40475 0.402329 0.400123 0.398139 0.396385 0.39487 0.393597 0.392573 0.391802 0.391286 0.391027 
0.394637 0.394896 0.395412 0.396183 0.397207 0.39848 0.399996 0.401749 0.403733 0.405939 0.40836 0.410985 0.413805 0.416807 0.419981 0.423314 0.426792 0.430402 0.43413 0.437961 0.44188 0.445871 0.44992 0.454009 0.458122 0.462244 0.466358 0.470448 0.474498 0.478492 0.482413 0.486247 0.489979 0.493593 0.497075 0.500412 0.50359 0.506597 0.509421 0.512051 0.514476 0.516687 0.518674 0.520431 0.52195 0.523225 0.524251 0.525025 0.525542 0.525801 0.525801 0.525542 0.525025 0.524251 0.523225 0.52195 0.520431 0.518674 0.516687 0.514476 0.512051 0.509421 0.506597 0.50359 0.500412 0.497075 0.493593 0.489979 0.486247 0.482413 0.478492 0.474498 0.470448 0.466358 0.462244 0.458122 0.454009 0.44992 0.445871 0.44188 0.437961 0.43413 0.430402 0.426792 0.423314 0.419981 0.416807 0.413805 0.410985 0.40836 0.405939 0.403733 0.401749 0.399996 0.39848 0.397207 0.396183 0.395412 0.394896 0.394637 
0.398365 0.398624 0.39914 0.399911 0.400935 0.402208 0.403724 0.405477 0.407461 0.409667 0.412088 0.414713 0.417533 0.420535 0.423709 0.427042 0.43052 0.43413 0.437858 0.441689 0.445608 0.449599 0.453648 0.457736 0.46185 0.465972 0.470086 0.474176 0.478226 0.48222 0.486141 0.489975 0.493707 0.497321 0.500803 0.50414 0.507318 0.510325 0.513149 0.515779 0.518204 0.520415 0.522402 0.524159 0.525678 0.526953 0.527979 0.528753 0.52927 0.529529 0.529529 0.52927 0.528753 0.527979 0.526953 0.525678 0.524159 0.522402 0.520415 0.518204 0.515779 0.513149 0.510325 0.507318 0.50414 0.500803 0.497321 0.493707 0.489975 0.486141 0.48222 0.478226 0.474176 0.470086 0.465972 0.46185 0.457736 0.453648 0.449599 0.445608 0.441689 0.437858 0.43413 0.43052 0.427042 0.423709 0.420535 0.417533 0.414713 0.412088 0.409667 0.407461 0.405477 0.403724 0.402208 0.400935 0.399911 0.39914 0.398624 0.398365 
0.402196 0.402455 0.402971 0.403742 0.404766 0.406039 0.407555 0.409308 0.411292 0.413498 0.415919 0.418544 0.421364 0.424366 0.42754 0.430873 0.434351 0.437961 0.441689 0.44552 0.449439 0.45343 0.457479 0.461567 0.465681 0.469803 0.473917 0.478007 0.482057 0.486051 0.489972 0.493806 0.497538 0.501152 0.504634 0.507971 0.511149 0.514156 0.51698 0.51961 0.522035 0.524246 0.526233 0.52799 0.529509 0.530784 0.53181 0.532584 0.533101 0.53336 0.53336 0.533101 0.532584 0.53181 0.530784 0.529509 0.52799 0.526233 0.524246 0.522035 0.51961 0.51698 0.514156 0.511149 0.507971 0.504634 0.501152 0.497538 0.493806 0.489972 0.486051 0.482057 0.478007 0.473917 0.469803 0.465681 0.461567 0.457479 0.45343 0.449439 0.44552 0.441689 0.437961 0.434351 0.430873 0.42754 0.424366 0.421364 0.418544 0.415919 0.413498 0.411292 0.409308 0.407555 0.406039 0.404766 0.403742 0.402971 0.402455 0.402196 
0.406115 0.406374 0.40689 0.407661 0.408685 0.409958 0.411473 0.413227 0.415211 0.417417 0.419838 0.422463 0.425283 0.428285 0.431459 0.434792 0.43827 0.44188 0.445608 0.449439 0.453358 0.457349 0.461397 0.465486 0.4696 0.473722 0.477836 0.481926 0.485976 0.48997 0.493891 0.497725 0.501457 0.505071 0.508553 0.51189 0.515068 0.518075 0.520899 0.523529 0.525954 0.528165 0.530152 0.531909 0.533428 0.534703 0.535729 0.536502 0.53702 0.537279 0.537279 0.53702 0.536502 0.535729 0.534703 0.533428 0.531909 0.530152 0.528165 0.525954 0.523529 0.520899 0.518075 0.515068 0.51189 0.508553 0.505071 0.501457 0.497725 0.493891 0.48997 0.485976 0.481926 0.477836 0.473722 0.4696 0.465486 0.461397 0.457349 0.453358 0.449439 0.445608 0.44188 0.43827 0.434792 0.431459 0.428285 0.425283 0.422463 0.419838 0.417417 0.415211 0.413227 0.411473 0.409958 0.408685 0.407661 0.40689 0.406374 0.406115 
0.410106 0.410365 0.410881 0.411653 0.412677 0.413949 0.415465 0.417218 0.419202 0.421409 0.423829 0.426455 0.429274 0.432277 0.43545 0.438783 0.442261 0.445871 0.449599 0.45343 0.457349 0.461341 0.465389 0.469478 0.473591 0.477713 0.481828 0.485918 0.489967 0.493961 0.497883 0.501717 0.505448 0.509062 0.512544 0.515881 0.51906 0.522067 0.524891 0.52752 0.529945 0.532156 0.534144 0.5359 0.537419 0.538694 0.539721 0.540494 0.541011 0.54127 0.54127 0.541011 0.540494 0.539721 0.538694 0.537419 0.5359 0.534144 0.532156 0.529945 0.52752 0.524891 0.522067 0.51906 0.515881 0.512544 0.509062 0.505448 0.501717 0.497883 0.493961 0.489967 0.485918 0.481828 0.477713 0.473591 0.469478 0.465389 0.461341 0.457349 0.45343 0.449599 0.445871 0.442261 0.438783 0.43545 0.432277 0.429274 0.426455 0.423829 0.421409 0.419202 0.417218 0.415465 0.413949 0.412677 0.411653 0.410881 0.410365 0.410106 
0.414155 0.414413 0.414929 0.415701 0.416725 0.417997 0.419513 0.421266 0.42325 0.425457 0.427877 0.430503 0.433322 0.436325 0.439498 0.442831 0.446309 0.44992 0.453648 0.457479 0.461397 0.465389 0.469437 0.473526 0.47764 0.481762 0.485876 0.489966 0.494016 0.498009 0.501931 0.505765 0.509496 0.51311 0.516593 0.51993 0.523108 0.526115 0.528939 0.531568 0.533993 0.536204 0.538192 0.539949 0.541468 0.542743 0.543769 0.544542 0.545059 0.545318 0.545318 0.545059 0.544542 0.543769 0.542743 0.541468 0.539949 0.538192 0.536204 0.533993 0.531568 0.528939 0.526115 0.523108 0.51993 0.516593 0.51311 0.509496 0.505765 0.501931 0.498009 0.494016 0.489966 0.485876 0.481762 0.47764 0.473526 0.469437 0.465389 0.461397 0.457479 0.453648 0.44992 0.446309 0.442831 0.439498 0.436325 0.433322 0.430503 0.427877 0.425457 0.42325 0.421266 0.419513 0.417997 0.416725 0.415701 0.414929 0.414413 0.414155 
0.418244 0.418502 0.419018 0.41979 0.420814 0.422086 0.423602 0.425355 0.427339 0.429546 0.431966 0.434592 0.437411 0.440414 0.443587 0.44692 0.450398 0.454009 0.457736 0.461567 0.465486 0.469478 0.473526 0.477615 0.481728 0.48585 0.489965 0.494055 0.498104 0.502098 0.50602 0.509854 0.513585 0.517199 0.520682 0.524018 0.527197 0.530204 0.533028 0.535657 0.538082 0.540293 0.542281 0.544038 0.545556 0.546832 0.547858 0.548631 0.549148 0.549407 0.549407 0.549148 0.548631 0.547858 0.546832 0.545556 0.544038 0.542281 0.540293 0.538082 0.535657 0.533028 0.530204 0.527197 0.524018 0.520682 0.517199 0.513585 0.509854 0.50602 0.502098 0.498104 0.494055 0.489965 0.48585 0.481728 0.477615 0.473526 0.469478 0.465486 0.461567 0.457736 0.454009 0.450398 0.44692 0.443587 0.440414 0.437411 0.434592 0.431966 0.429546 0.427339 0.425355 0.423602 0.422086 0.420814 0.41979 0.419018 0.418502 0.418244 
0.422357 0.422616 0.423132 0.423903 0.424927 0.4262 0.427716 0.429469 0.431453 0.433659 0.43608 0.438705 0.441525 0.444527 0.447701 0.451034 0.454512 0.458122 0.46185 0.465681 0.4696 0.473591 0.47764 0.481728 0.485842 0.489964 0.494078 0.498168 0.502218 0.506212 0.510133 0.513967 0.517699 0.521313 0.524795 0.528132 0.53131 0.534317 0.537141 0.539771 0.542196 0.544407 0.546394 0.548151 0.54967 0.550945 0.551971 0.552745 0.553262 0.553521 0.553521 0.553262 0.552745 0.551971 0.550945 0.54967 0.548151 0.546394 0.544407 0.542196 0.539771 0.537141 0.534317 0.53131 0.528132 0.524795 0.521313 0.517699 0.513967 0.510133 0.506212 0.502218 0.498168 0.494078 0.489964 0.485842 0.481728 0.47764 0.473591 0.4696 0.465681 0.46185 0.458122 0.454512 0.451034 0.447701 0.444527 0.441525 0.438705 0.43608 0.433659 0.431453 0.429469 0.427716 0.4262 0.424927 0.423903 0.423132 0.422616 0.422357 
0.426479 0.426738 0.427254 0.428025 0.429049 0.430322 0.431838 0.433591 0.435575 0.437781 0.440202 0.442827 0.445647 0.448649 0.451823 0.455156 0.458634 0.462244 0.465972 0.469803 0.473722 0.477713 0.481762 0.48585 0.489964 0.494086 0.4982 0.50229 0.50634 0.510334 0.514255 0.518089 0.521821 0.525435 0.528917 0.532254 0.535432 0.538439 0.541263 0.543893 0.546318 0.548529 0.550516 0.552273 0.553792 0.555067 0.556093 0.556867 0.557384 0.557643 0.557643 0.557384 0.556867 0.556093 0.555067 0.553792 0.552273 0.550516 0.548529 0.546318 0.543893 0.541263 0.538439 0.535432 0.532254 0.528917 0.525435 0.521821 0.518089 0.514255 0.510334 0.50634 0.50229 0.4982 0.494086 0.489964 0.48585 0.481762 0.477713 0.473722 0.469803 0.465972 0.462244 0.458634 0.455156 0.451823 0.448649 0.445647 0.442827 0.440202 0.437781 0.435575 0.433591 0.431838 0.430322 0.429049 0.428025 0.427254 0.426738 0.426479 
0.430593 0.430852 0.431368 0.432139 0.433163 0.434436 0.435952 0.437705 0.439689 0.441895 0.444316 0.446941 0.449761 0.452763 0.455937 0.45927 0.462748 0.466358 0.470086 0.473917 0.477836 0.481828 0.485876 0.489965 0.494078 0.4982 0.502314 0.506404 0.510454 0.514448 0.518369 0.522203 0.525935 0.529549 0.533031 0.536368 0.539546 0.542554 0.545377 0.548007 0.550432 0.552643 0.55463 0.556387 0.557906 0.559181 0.560207 0.560981 0.561498 0.561757 0.561757 0.561498 0.560981 0.560207 0.559181 0.557906 0.556387 0.55463 0.552643 0.550432 0.548007 0.545377 0.542554 0.539546 0.536368 0.533031 0.529549 0.525935 0.522203 0.518369 0.514448 0.510454 0.506404 0.502314 0.4982 0.494078 0.489965 0.485876 0.481828 0.477836 0.473917 0.470086 0.466358 0.462748 0.45927 0.455937 0.452763 0.449761 0.446941 0.444316 0.441895 0.439689 0.437705 0.435952 0.434436 0.433163 0.432139 0.431368 0.430852 0.430593 
0.434683 0.434942 0.435458 0.43623 0.437254 0.438526 0.440042 0.441795 0.443779 0.445986 0.448406 0.451031 0.453851 0.456853 0.460027 0.46336 0.466838 0.470448 0.474176 0.478007 0.481926 0.485918 0.489966 0.494055 0.498168 0.50229 0.506404 0.510494 0.514544 0.518538 0.522459 0.526294 0.530025 0.533639 0.537121 0.540458 0.543637 0.546644 0.549468 0.552097 0.554522 0.556733 0.558721 0.560477 0.561996 0.563271 0.564298 0.565071 0.565588 0.565847 0.565847 0.565588 0.565071 0.564298 0.563271 0.561996 0.560477 0.558721 0.556733 0.554522 0.552097 0.549468 0.546644 0.543637 0.540458 0.537121 0.533639 0.530025 0.526294 0.522459 0.518538 0.514544 0.510494 0.506404 0.50229 0.498168 0.494055 0.489966 0.485918 0.481926 0.478007 0.474176 0.470448 0.466838 0.46336 0.460027 0.456853 0.453851 0.451031 0.448406 0.445986 0.443779 0.441795 0.440042 0.438526 0.437254 0.43623 0.435458 0.434942 0.434683 
0.438733 0.438992 0.439508 0.440279 0.441303 0.442576 0.444092 0.445845 0.447829 0.450035 0.452456 0.455081 0.457901 0.460903 0.464077 0.46741 0.470888 0.474498 0.478226 0.482057 0.485976 0.489967 0.494016 0.498104 0.502218 0.50634 0.510454 0.514544 0.518594 0.522588 0.526509 0.530343 0.534075 0.537689 0.541171 0.544508 0.547686 0.550693 0.553517 0.556147 0.558572 0.560783 0.56277 0.564527 0.566046 0.567321 0.568347 0.569121 0.569638 0.569897 0.569897 0.569638 0.569121 0.568347 0.567321 0.566046 0.564527 0.56277 0.560783 0.558572 0.556147 0.553517 0.550693 0.547686 0.544508 0.541171 0.537689 0.534075 0.530343 0.526509 0.522588 0.518594 0.514544 0.510454 0.50634 0.502218 0.498104 0.494016 0.489967 0.485976 0.482057 0.478226 0.474498 0.470888 0.46741 0.464077 0.460903 0.457901 0.455081 0.452456 0.450035 0.447829 0.445845 0.444092 0.442576 0.441303 0.440279 0.439508 0.438992 0.438733 
0.442727 0.442985 0.443501 0.444273 0.445297 0.446569 0.448085 0.449838 0.451822 0.454029 0.45645 0.459075 0.461894 0.464897 0.468071 0.471403 0.474881 0.478492 0.48222 0.486051 0.48997 0.493961 0.498009 0.502098 0.506212 0.510334 0.514448 0.518538 0.522588 0.526581 0.530503 0.534337 0.538068 0.541682 0.545165 0.548502 0.55168 0.554687 0.557511 0.560141 0.562566 0.564776 0.566764 0.568521 0.57004 0.571315 0.572341 0.573114 0.573631 0.57389 0.57389 0.573631 0.573114 0.572341 0.571315 0.57004 0.568521 0.566764 0.564776 0.562566 0.560141 0.557511 0.554687 0.55168 0.548502 0.545165 0.541682 0.538068 0.534337 0.530503 0.526581 0.522588 0.518538 0.514448 0.510334 0.506212 0.502098 0.498009 0.493961 0.48997 0.486051 0.48222 0.478492 0.474881 0.471403 0.468071 0.464897 0.461894 0.459075 0.45645 0.454029 0.451822 0.449838 0.448085 0.446569 0.445297 0.444273 0.443501 0.442985 0.442727 
0.446648 0.446907 0.447423 0.448195 0.449219 0.450491 0.452007 0.45376 0.455744 0.457951 0.460371 0.462996 0.465816 0.468818 0.471992 0.475325 0.478803 0.482413 0.486141 0.489972 0.493891 0.497883 0.501931 0.50602 0.510133 0.514255 0.518369 0.522459 0.526509 0.530503 0.534424 0.538259 0.54199 0.545604 0.549086 0.552423 0.555602 0.558609 0.561433 0.564062 0.566487 0.568698 0.570686 0.572442 0.573961 0.575236 0.576263 0.577036 0.577553 0.577812 0.577812 0.577553 0.577036 0.576263 0.575236 0.573961 0.572442 0.570686 0.568698 0.566487 0.564062 0.561433 0.558609 0.555602 0.552423 0.549086 0.545604 0.54199 0.538259 0.534424 0.530503 0.526509 0.522459 0.518369 0.514255 0.510133 0.50602 0.501931 0.497883 0.493891 0.489972 0.486141 0.482413 0.478803 0.475325 0.471992 0.468818 0.465816 0.462996 0.460371 0.457951 0.455744 0.45376 0.452007 0.450491 0.449219 0.448195 0.447423 0.446907 0.446648 
0.450482 0.450741 0.451257 0.452029 0.453053 0.454325 0.455841 0.457594 0.459578 0.461785 0.464205 0.466831 0.46965 0.472652 0.475826 0.479159 0.482637 0.486247 0.489975 0.493806 0.497725 0.501717 0.505765 0.509854 0.513967 0.518089 0.522203 0.526294 0.530343 0.534337 0.538259 0.542093 0.545824 0.549438 0.55292 0.556257 0.559436 0.562443 0.565267 0.567896 0.570321 0.572532 0.57452 0.576276 0.577795 0.57907 0.580097 0.58087 0.581387 0.581646 0.581646 0.581387 0.58087 0.580097 0.57907 0.577795 0.576276 0.57452 0.572532 0.570321 0.567896 0.565267 0.562443 0.559436 0.556257 0.55292 0.549438 0.545824 0.542093 0.538259 0.534337 0.530343 0.526294 0.522203 0.518089 0.513967 0.509854 0.505765 0.501717 0.497725 0.493806 0.489975 0.486247 0.482637 0.479159 0.475826 0.472652 0.46965 0.466831 0.464205 0.461785 0.459578 0.457594 0.455841 0.454325 0.453053 0.452029 0.451257 0.450741 0.450482 
0.454214 0.454472 0.454988 0.45576 0.456784 0.458056 0.459572 0.461326 0.463309 0.465516 0.467937 0.470562 0.473381 0.476384 0.479558 0.48289 0.486369 0.489979 0.493707 0.497538 0.501457 0.505448 0.509496 0.513585 0.517699 0.521821 0.525935 0.530025 0.534075 0.538068 0.54199 0.545824 0.549555 0.55317 0.556652 0.559989 0.563167 0.566174 0.568998 0.571628 0.574053 0.576263 0.578251 0.580008 0.581527 0.582802 0.583828 0.584601 0.585118 0.585378 0.585378 0.585118 0.584601 0.583828 0.582802 0.581527 0.580008 0.578251 0.576263 0.574053 0.571628 0.568998 0.566174 0.563167 0.559989 0.556652 0.55317 0.549555 0.545824 0.54199 0.538068 0.534075 0.530025 0.525935 0.521821 0.517699 0.513585 0.509496 0.505448 0.501457 0.497538 0.493707 0.489979 0.486369 0.48289 0.479558 0.476384 0.473381 0.470562 0.467937 0.465516 0.463309 0.461326 0.459572 0.458056 0.456784 0.45576 0.454988 0.454472 0.454214 
0.457828 0.458086 0.458603 0.459374 0.460398 0.46167 0.463186 0.46494 0.466923 0.46913 0.471551 0.474176 0.476995 0.479998 0.483172 0.486504 0.489983 0.493593 0.497321 0.501152 0.505071 0.509062 0.51311 0.517199 0.521313 0.525435 0.529549 0.533639 0.537689 0.541682 0.545604 0.549438 0.55317 0.556784 0.560266 0.563603 0.566781 0.569788 0.572612 0.575242 0.577667 0.579877 0.581865 0.583622 0.585141 0.586416 0.587442 0.588215 0.588732 0.588992 0.588992 0.588732 0.588215 0.587442 0.586416 0.585141 0.583622 0.581865 0.579877 0.577667 0.575242 0.572612 0.569788 0.566781 0.563603 0.560266 0.556784 0.55317 0.549438 0.545604 0.541682 0.537689 0.533639 0.529549 0.525435 0.521313 0.517199 0.51311 0.509062 0.505071 0.501152 0.497321 0.493593 0.489983 0.486504 0.483172 0.479998 0.476995 0.474176 0.471551 0.46913 0.466923 0.46494 0.463186 0.46167 0.460398 0.459374 0.458603 0.458086 0.457828 
0.46131 0.461569 0.462085 0.462856 0.46388 0.465153 0.466669 0.468422 0.470406 0.472612 0.475033 0.477658 0.480478 0.48348 0.486654 0.489987 0.493465 0.497075 0.500803 0.504634 0.508553 0.512544 0.516593 0.520682 0.524795 0.528917 0.533031 0.537121 0.541171 0.545165 0.549086 0.55292 0.556652 0.560266 0.563748 0.567085 0.570263 0.57327 0.576094 0.578724 0.581149 0.58336 0.585347 0.587104 0.588623 0.589898 0.590924 0.591698 0.592215 0.592474 0.592474 0.592215 0.591698 0.590924 0.589898 0.588623 0.587104 0.585347 0.58336 0.581149 0.578724 0.576094 0.57327 0.570263 0.567085 0.563748 0.560266 0.556652 0.55292 0.549086 0.545165 0.541171 0.537121 0.533031 0.528917 0.524795 0.520682 0.516593 0.512544 0.508553 0.504634 0.500803 0.497075 0.493465 0.489987 0.486654 0.48348 0.480478 0.477658 0.475033 0.472612 0.470406 0.468422 0.466669 0.465153 0.46388 0.462856 0.462085 0.461569 0.46131 
0.464647 0.464906 0.465422 0.466193 0.467217 0.46849 0.470006 0.471759 0.473743 0.475949 0.47837 0.480995 0.483815 0.486817 0.489991 0.493324 0.496802 0.500412 0.50414 0.507971 0.51189 0.515881 0.51993 0.524018 0.528132 0.532254 0.536368 0.540458 0.544508 0.548502 0.552423 0.556257 0.559989 0.563603 0.567085 0.570422 0.5736 0.576607 0.579431 0.582061 0.584486 0.586697 0.588684 0.590441 0.59196 0.593235 0.594261 0.595035 0.595552 0.595811 0.595811 0.595552 0.595035 0.594261 0.593235 0.59196 0.590441 0.588684 0.586697 0.584486 0.582061 0.579431 0.576607 0.5736 0.570422 0.567085 0.563603 0.559989 0.556257 0.552423 0.548502 0.544508 0.540458 0.536368 0.532254 0.528132 0.524018 0.51993 0.515881 0.51189 0.507971 0.50414 0.500412 0.496802 0.493324 0.489991 0.486817 0.483815 0.480995 0.47837 0.475949 0.473743 0.471759 0.470006 0.46849 0.467217 0.466193 0.465422 0.464906 0.464647 
0.467825 0.468084 0.4686 0.469372 0.470396 0.471668 0.473184 0.474937 0.476921 0.479128 0.481548 0.484174 0.486993 0.489995 0.493169 0.496502 0.49998 0.50359 0.507318 0.511149 0.515068 0.51906 0.523108 0.527197 0.53131 0.535432 0.539546 0.543637 0.547686 0.55168 0.555602 0.559436 0.563167 0.566781 0.570263 0.5736 0.576779 0.579786 0.58261 0.585239 0.587664 0.589875 0.591863 0.593619 0.595138 0.596413 0.59744 0.598213 0.59873 0.598989 0.598989 0.59873 0.598213 0.59744 0.596413 0.595138 0.593619 0.591863 0.589875 0.587664 0.585239 0.58261 0.579786 0.576779 0.5736 0.570263 0.566781 0.563167 0.559436 0.555602 0.55168 0.547686 0.543637 0.539546 0.535432 0.53131 0.527197 0.523108 0.51906 0.515068 0.511149 0.507318 0.50359 0.49998 0.496502 0.493169 0.489995 0.486993 0.484174 0.481548 0.479128 0.476921 0.474937 0.473184 0.471668 0.470396 0.469372 0.4686 0.468084 0.467825 
0.470833 0.471091 0.471607 0.472379 0.473403 0.474675 0.476191 0.477944 0.479928 0.482135 0.484555 0.487181 0.49 0.493003 0.496176 0.499509 0.502987 0.506597 0.510325 0.514156 0.518075 0.522067 0.526115 0.530204 0.534317 0.538439 0.542554 0.546644 0.550693 0.554687 0.558609 0.562443 0.566174 0.569788 0.57327 0.576607 0.579786 0.582793 0.585617 0.588246 0.590671 0.592882 0.59487 0.596626 0.598145 0.599421 0.600447 0.60122 0.601737 0.601996 0.601996 0.601737 0.60122 0.600447 0.599421 0.598145 0.596626 0.59487 0.592882 0.590671 0.588246 0.585617 0.582793 0.579786 0.576607 0.57327 0.569788 0.566174 0.562443 0.558609 0.554687 0.550693 0.546644 0.542554 0.538439 0.534317 0.530204 0.526115 0.522067 0.518075 0.514156 0.510325 0.506597 0.502987 0.499509 0.496176 0.493003 0.49 0.487181 0.484555 0.482135 0.479928 0.477944 0.476191 0.474675 0.473403 0.472379 0.471607 0.471091 0.470833 
0.473656 0.473915 0.474431 0.475203 0.476227 0.477499 0.479015 0.480768 0.482752 0.484959 0.487379 0.490005 0.492824 0.495826 0.499 0.502333 0.505811 0.509421 0.513149 0.51698 0.520899 0.524891 0.528939 0.533028 0.537141 0.541263 0.545377 0.549468 0.553517 0.557511 0.561433 0.565267 0.568998 0.572612 0.576094 0.579431 0.58261 0.585617 0.588441 0.59107 0.593495 0.595706 0.597694 0.59945 0.600969 0.602244 0.603271 0.604044 0.604561 0.60482 0.60482 0.604561 0.604044 0.603271 0.602244 0.600969 0.59945 0.597694 0.595706 0.593495 0.59107 0.588441 0.585617 0.58261 0.579431 0.576094 0.572612 0.568998 0.565267 0.561433 0.557511 0.553517 0.549468 0.545377 0.541263 0.537141 0.533028 0.528939 0.524891 0.520899 0.51698 0.513149 0.509421 0.505811 0.502333 0.499 0.495826 0.492824 0.490005 0.487379 0.484959 0.482752 0.480768 0.479015 0.477499 0.476227 0.475203 0.474431 0.473915 0.473656 
0.476286 0.476545 0.477061 0.477832 0.478856 0.480129 0.481645 0.483398 0.485382 0.487588 0.490009 0.492634 0.495454 0.498456 0.50163 0.504963 0.508441 0.512051 0.515779 0.51961 0.523529 0.52752 0.531568 0.535657 0.539771 0.543893 0.548007 0.552097 0.556147 0.560141 0.564062 0.567896 0.571628 0.575242 0.578724 0.582061 0.585239 0.588246 0.59107 0.5937 0.596125 0.598336 0.600323 0.60208 0.603599 0.604874 0.6059 0.606673 0.607191 0.60745 0.60745 0.607191 0.606673 0.6059 0.604874 0.603599 0.60208 0.600323 0.598336 0.596125 0.5937 0.59107 0.588246 0.585239 0.582061 0.578724 0.575242 0.571628 0.567896 0.564062 0.560141 0.556147 0.552097 0.548007 0.543893 0.539771 0.535657 0.531568 0.52752 0.523529 0.51961 0.515779 0.512051 0.508441 0.504963 0.50163 0.498456 0.495454 0.492634 0.490009 0.487588 0.485382 0.483398 0.481645 0.480129 0.478856 0.477832 0.477061 0.476545 0.476286 
0.478711 0.47897 0.479486 0.480257 0.481281 0.482554 0.484069 0.485823 0.487807 0.490013 0.492434 0.495059 0.497879 0.500881 0.504055 0.507388 0.510866 0.514476 0.518204 0.522035 0.525954 0.529945 0.533993 0.538082 0.542196 0.546318 0.550432 0.554522 0.558572 0.562566 0.566487 0.570321 0.574053 0.577667 0.581149 0.584486 0.587664 0.590671 0.593495 0.596125 0.59855 0.600761 0.602748 0.604505 0.606024 0.607299 0.608325 0.609098 0.609616 0.609875 0.609875 0.609616 0.609098 0.608325 0.607299 0.606024 0.604505 0.602748 0.600761 0.59855 0.596125 0.593495 0.590671 0.587664 0.584486 0.581149 0.577667 0.574053 0.570321 0.566487 0.562566 0.558572 0.554522 0.550432 0.546318 0.542196 0.538082 0.533993 0.529945 0.525954 0.522035 0.518204 0.514476 0.510866 0.507388 0.504055 0.500881 0.497879 0.495059 0.492434 0.490013 0.487807 0.485823 0.484069 0.482554 0.481281 0.480257 0.479486 0.47897 0.478711 
0.480922 0.48118 0.481696 0.482468 0.483492 0.484764 0.48628 0.488034 0.490017 0.492224 0.494645 0.49727 0.500089 0.503092 0.506266 0.509598 0.513077 0.516687 0.520415 0.524246 0.528165 0.532156 0.536204 0.540293 0.544407 0.548529 0.552643 0.556733 0.560783 0.564776 0.568698 0.572532 0.576263 0.579877 0.58336 0.586697 0.589875 0.592882 0.595706 0.598336 0.600761 0.602971 0.604959 0.606716 0.608235 0.60951 0.610536 0.611309 0.611826 0.612085 0.612085 0.611826 0.611309 0.610536 0.60951 0.608235 0.606716 0.604959 0.602971 0.600761 0.598336 0.595706 0.592882 0.589875 0.586697 0.58336 0.579877 0.576263 0.572532 0.568698 0.564776 0.560783 0.556733 0.552643 0.548529 0.544407 0.540293 0.536204 0.532156 0.528165 0.524246 0.520415 0.516687 0.513077 0.509598 0.506266 0.503092 0.500089 0.49727 0.494645 0.492224 0.490017 0.488034 0.48628 0.484764 0.483492 0.482468 0.481696 0.48118 0.480922 
0.482909 0.483168 0.483684 0.484456 0.48548 0.486752 0.488268 0.490021 0.492005 0.494212 0.496632 0.499258 0.502077 0.50508 0.508253 0.511586 0.515064 0.518674 0.522402 0.526233 0.530152 0.534144 0.538192 0.542281 0.546394 0.550516 0.55463 0.558721 0.56277 0.566764 0.570686 0.57452 0.578251 0.581865 0.585347 0.588684 0.591863 0.59487 0.597694 0.600323 0.602748 0.604959 0.606947 0.608703 0.610222 0.611497 0.612524 0.613297 0.613814 0.614073 0.614073 0.613814 0.613297 0.612524 0.611497 0.610222 0.608703 0.606947 0.604959 0.602748 0.600323 0.597694 0.59487 0.591863 0.588684 0.585347 0.581865 0.578251 0.57452 0.570686 0.566764 0.56277 0.558721 0.55463 0.550516 0.546394 0.542281 0.538192 0.534144 0.530152 0.526233 0.522402 0.518674 0.515064 0.511586 0.508253 0.50508 0.502077 0.499258 0.496632 0.494212 0.492005 0.490021 0.488268 0.486752 0.48548 0.484456 0.483684 0.483168 0.482909 
0.484666 0.484925 0.485441 0.486212 0.487236 0.488509 0.490025 0.491778 0.493762 0.495968 0.498389 0.501014 0.503834 0.506836 0.51001 0.513343 0.516821 0.520431 0.524159 0.52799 0.531909 0.5359 0.539949 0.544038 0.548151 0.552273 0.556387 0.560477 0.564527 0.568521 0.572442 0.576276 0.580008 0.583622 0.587104 0.590441 0.593619 0.596626 0.59945 0.60208 0.604505 0.606716 0.608703 0.61046 0.611979 0.613254 0.61428 0.615054 0.615571 0.61583 0.61583 0.615571 0.615054 0.61428 0.613254 0.611979 0.61046 0.608703 0.606716 0.604505 0.60208 0.59945 0.596626 0.593619 0.590441 0.587104 0.583622 0.580008 0.576276 0.572442 0.568521 0.564527 0.560477 0.556387 0.552273 0.548151 0.544038 0.539949 0.5359 0.531909 0.52799 0.524159 0.520431 0.516821 0.513343 0.51001 0.506836 0.503834 0.501014 0.498389 0.495968 0.493762 0.491778 0.490025 0.488509 0.487236 0.486212 0.485441 0.484925 0.484666 
