0.232116 0.232151 0.23222 0.232324 0.232461 0.232631 0.232834 0.233069 0.233335 0.23363 0.233955 0.234306 0.234684 0.235086 0.235511 0.235957 0.236423 0.236906 0.237406 0.237918 0.238443 0.238977 0.239519 0.240067 0.240617 0.241169 0.241719 0.242267 0.242808 0.243343 0.243867 0.24438 0.244879 0.245363 0.245828 0.246275 0.2467 0.247102 0.24748 0.247831 0.248155 0.248451 0.248717 0.248952 0.249155 0.249325 0.249462 0.249566 0.249635 0.249669 0.249669 0.249635 0.249566 0.249462 0.249325 0.249155 0.248952 0.248717 0.248451 0.248155 0.247831 0.24748 0.247102 0.2467 0.246275 0.245828 0.245363 0.244879 0.24438 0.243867 0.243343 0.242808 0.242267 0.241719 0.241169 0.240617 0.240067 0.239519 0.238977 0.238443 0.237918 0.237406 0.236906 0.236423 0.235957 0.235511 0.235086 0.234684 0.234306 0.233955 0.23363 0.233335 0.233069 0.232834 0.232631 0.232461 0.232324 0.23222 0.232151 0.232116 
0.232151 0.232186 0.232255 0.232358 0.232495 0.232666 0.232869 0.233104 0.23337 0.233665 0.23399 0.234341 0.234719 0.235121 0.235546 0.235993 0.236458 0.236942 0.237441 0.237954 0.238479 0.239013 0.239555 0.240102 0.240653 0.241205 0.241755 0.242303 0.242845 0.243379 0.243904 0.244417 0.244916 0.245399 0.245865 0.246312 0.246737 0.247139 0.247516 0.247868 0.248192 0.248488 0.248754 0.248989 0.249192 0.249362 0.249499 0.249603 0.249672 0.249707 0.249707 0.249672 0.249603 0.249499 0.249362 0.249192 0.248989 0.248754 0.248488 0.248192 0.247868 0.247516 0.247139 0.246737 0.246312 0.245865 0.245399 0.244916 0.244417 0.243904 0.243379 0.242845 0.242303 0.241755 0.241205 0.240653 0.240102 0.239555 0.239013 0.238479 0.237954 0.237441 0.236942 0.236458 0.235993 0.235546 0.235121 0.234719 0.234341 0.23399 0.233665 0.23337 0.233104 0.232869 0.232666 0.232495 0.232358 0.232255 0.232186 0.232151 
0.23222 0.232255 0.232324 0.232427 0.232565 0.232735 0.232938 0.233173 0.233439 0.233735 0.234059 0.234411 0.234789 0.235191 0.235616 0.236063 0.236529 0.237012 0.237512 0.238025 0.23855 0.239084 0.239626 0.240174 0.240725 0.241276 0.241827 0.242375 0.242917 0.243451 0.243976 0.244489 0.244989 0.245472 0.245938 0.246385 0.24681 0.247212 0.24759 0.247942 0.248266 0.248562 0.248828 0.249063 0.249266 0.249437 0.249574 0.249677 0.249746 0.249781 0.249781 0.249746 0.249677 0.249574 0.249437 0.249266 0.249063 0.248828 0.248562 0.248266 0.247942 0.24759 0.247212 0.24681 0.246385 0.245938 0.245472 0.244989 0.244489 0.243976 0.243451 0.242917 0.242375 0.241827 0.241276 0.240725 0.240174 0.239626 0.239084 0.23855 0.238025 0.237512 0.237012 0.236529 0.236063 0.235616 0.235191 0.234789 0.234411 0.234059 0.233735 0.233439 0.233173 0.232938 0.232735 0.232565 0.232427 0.232324 0.232255 0.23222 
0.232324 0.232358 0.232427 0.232531 0.232668 0.232839 0.233042 0.233277 0.233543 0.233839 0.234163 0.234515 0.234893 0.235296 0.235721 0.236168 0.236634 0.237118 0.237617 0.238131 0.238656 0.239191 0.239733 0.240281 0.240832 0.241384 0.241935 0.242483 0.243025 0.24356 0.244085 0.244598 0.245098 0.245582 0.246048 0.246495 0.24692 0.247322 0.2477 0.248052 0.248377 0.248673 0.248939 0.249174 0.249377 0.249548 0.249685 0.249788 0.249857 0.249892 0.249892 0.249857 0.249788 0.249685 0.249548 0.249377 0.249174 0.248939 0.248673 0.248377 0.248052 0.2477 0.247322 0.24692 0.246495 0.246048 0.245582 0.245098 0.244598 0.244085 0.24356 0.243025 0.242483 0.241935 0.241384 0.240832 0.240281 0.239733 0.239191 0.238656 0.238131 0.237617 0.237118 0.236634 0.236168 0.235721 0.235296 0.234893 0.234515 0.234163 0.233839 0.233543 0.233277 0.233042 0.232839 0.232668 0.232531 0.232427 0.232358 0.232324 
0.232461 0.232495 0.232565 0.232668 0.232806 0.232976 0.23318 0.233415 0.233681 0.233977 0.234302 0.234654 0.235032 0.235435 0.23586 0.236307 0.236774 0.237258 0.237758 0.238271 0.238797 0.239332 0.239875 0.240423 0.240974 0.241526 0.242078 0.242626 0.243169 0.243704 0.244229 0.244743 0.245243 0.245727 0.246193 0.24664 0.247066 0.247468 0.247847 0.248199 0.248523 0.248819 0.249086 0.249321 0.249524 0.249695 0.249832 0.249936 0.250005 0.25004 0.25004 0.250005 0.249936 0.249832 0.249695 0.249524 0.249321 0.249086 0.248819 0.248523 0.248199 0.247847 0.247468 0.247066 0.24664 0.246193 0.245727 0.245243 0.244743 0.244229 0.243704 0.243169 0.242626 0.242078 0.241526 0.240974 0.240423 0.239875 0.239332 0.238797 0.238271 0.237758 0.237258 0.236774 0.236307 0.23586 0.235435 0.235032 0.234654 0.234302 0.233977 0.233681 0.233415 0.23318 0.232976 0.232806 0.232668 0.232565 0.232495 0.232461 
0.232631 0.232666 0.232735 0.232839 0.232976 0.233147 0.233351 0.233586 0.233852 0.234149 0.234473 0.234826 0.235204 0.235607 0.236033 0.236481 0.236947 0.237432 0.237932 0.238446 0.238972 0.239507 0.24005 0.240599 0.241151 0.241704 0.242255 0.242804 0.243347 0.243882 0.244408 0.244922 0.245422 0.245907 0.246373 0.246821 0.247247 0.24765 0.248028 0.248381 0.248706 0.249002 0.249268 0.249504 0.249707 0.249878 0.250015 0.250119 0.250188 0.250223 0.250223 0.250188 0.250119 0.250015 0.249878 0.249707 0.249504 0.249268 0.249002 0.248706 0.248381 0.248028 0.24765 0.247247 0.246821 0.246373 0.245907 0.245422 0.244922 0.244408 0.243882 0.243347 0.242804 0.242255 0.241704 0.241151 0.240599 0.24005 0.239507 0.238972 0.238446 0.237932 0.237432 0.236947 0.236481 0.236033 0.235607 0.235204 0.234826 0.234473 0.234149 0.233852 0.233586 0.233351 0.233147 0.232976 0.232839 0.232735 0.232666 0.232631 
0.232834 0.232869 0.232938 0.233042 0.23318 0.233351 0.233554 0.23379 0.234057 0.234353 0.234678 0.235031 0.23541 0.235813 0.236239 0.236687 0.237154 0.237639 0.23814 0.238654 0.239181 0.239716 0.24026 0.240809 0.241361 0.241914 0.242467 0.243016 0.243559 0.244095 0.244621 0.245136 0.245637 0.246121 0.246589 0.247036 0.247463 0.247866 0.248245 0.248597 0.248923 0.249219 0.249486 0.249721 0.249925 0.250096 0.250234 0.250337 0.250407 0.250441 0.250441 0.250407 0.250337 0.250234 0.250096 0.249925 0.249721 0.249486 0.249219 0.248923 0.248597 0.248245 0.247866 0.247463 0.247036 0.246589 0.246121 0.245637 0.245136 0.244621 0.244095 0.243559 0.243016 0.242467 0.241914 0.241361 0.240809 0.24026 0.239716 0.239181 0.238654 0.23814 0.237639 0.237154 0.236687 0.236239 0.235813 0.23541 0.235031 0.234678 0.234353 0.234057 0.23379 0.233554 0.233351 0.23318 0.233042 0.232938 0.232869 0.232834 
0.233069 0.233104 0.233173 0.233277 0.233415 0.233586 0.23379 0.234026 0.234292 0.234589 0.234915 0.235268 0.235647 0.236051 0.236478 0.236926 0.237393 0.237879 0.23838 0.238895 0.239422 0.239958 0.240502 0.241052 0.241604 0.242159 0.242711 0.243261 0.243805 0.244341 0.244868 0.245383 0.245884 0.24637 0.246837 0.247285 0.247712 0.248116 0.248495 0.248848 0.249174 0.249471 0.249737 0.249973 0.250177 0.250348 0.250486 0.25059 0.250659 0.250694 0.250694 0.250659 0.25059 0.250486 0.250348 0.250177 0.249973 0.249737 0.249471 0.249174 0.248848 0.248495 0.248116 0.247712 0.247285 0.246837 0.24637 0.245884 0.245383 0.244868 0.244341 0.243805 0.243261 0.242711 0.242159 0.241604 0.241052 0.240502 0.239958 0.239422 0.238895 0.23838 0.237879 0.237393 0.236926 0.236478 0.236051 0.235647 0.235268 0.234915 0.234589 0.234292 0.234026 0.23379 0.233586 0.233415 0.233277 0.233173 0.233104 0.233069 
0.233335 0.23337 0.233439 0.233543 0.233681 0.233852 0.234057 0.234292 0.23456 0.234857 0.235183 0.235536 0.235916 0.23632 0.236747 0.237196 0.237664 0.23815 0.238652 0.239167 0.239695 0.240232 0.240777 0.241326 0.24188 0.242434 0.242988 0.243538 0.244083 0.24462 0.245147 0.245663 0.246165 0.24665 0.247119 0.247567 0.247995 0.248399 0.248778 0.249132 0.249458 0.249755 0.250022 0.250258 0.250462 0.250634 0.250771 0.250875 0.250945 0.25098 0.25098 0.250945 0.250875 0.250771 0.250634 0.250462 0.250258 0.250022 0.249755 0.249458 0.249132 0.248778 0.248399 0.247995 0.247567 0.247119 0.24665 0.246165 0.245663 0.245147 0.24462 0.244083 0.243538 0.242988 0.242434 0.24188 0.241326 0.240777 0.240232 0.239695 0.239167 0.238652 0.23815 0.237664 0.237196 0.236747 0.23632 0.235916 0.235536 0.235183 0.234857 0.23456 0.234292 0.234057 0.233852 0.233681 0.233543 0.233439 0.23337 0.233335 
0.23363 0.233665 0.233735 0.233839 0.233977 0.234149 0.234353 0.234589 0.234857 0.235154 0.235481 0.235835 0.236215 0.23662 0.237047 0.237496 0.237965 0.238452 0.238954 0.23947 0.239998 0.240536 0.241081 0.241632 0.242186 0.242742 0.243296 0.243847 0.244392 0.24493 0.245458 0.245974 0.246476 0.246963 0.247431 0.247881 0.248308 0.248713 0.249093 0.249447 0.249774 0.250071 0.250339 0.250575 0.250779 0.250951 0.251089 0.251193 0.251263 0.251298 0.251298 0.251263 0.251193 0.251089 0.250951 0.250779 0.250575 0.250339 0.250071 0.249774 0.249447 0.249093 0.248713 0.248308 0.247881 0.247431 0.246963 0.246476 0.245974 0.245458 0.24493 0.244392 0.243847 0.243296 0.242742 0.242186 0.241632 0.241081 0.240536 0.239998 0.23947 0.238954 0.238452 0.237965 0.237496 0.237047 0.23662 0.236215 0.235835 0.235481 0.235154 0.234857 0.234589 0.234353 0.234149 0.233977 0.233839 0.233735 0.233665 0.23363 
0.233955 0.23399 0.234059 0.234163 0.234302 0.234473 0.234678 0.234915 0.235183 0.235481 0.235808 0.236162 0.236543 0.236948 0.237376 0.237826 0.238296 0.238782 0.239286 0.239802 0.240332 0.24087 0.241416 0.241967 0.242523 0.243078 0.243633 0.244185 0.244731 0.245269 0.245798 0.246315 0.246818 0.247305 0.247775 0.248225 0.248653 0.249058 0.249439 0.249793 0.25012 0.250418 0.250686 0.250923 0.251127 0.251299 0.251437 0.251542 0.251611 0.251646 0.251646 0.251611 0.251542 0.251437 0.251299 0.251127 0.250923 0.250686 0.250418 0.25012 0.249793 0.249439 0.249058 0.248653 0.248225 0.247775 0.247305 0.246818 0.246315 0.245798 0.245269 0.244731 0.244185 0.243633 0.243078 0.242523 0.241967 0.241416 0.24087 0.240332 0.239802 0.239286 0.238782 0.238296 0.237826 0.237376 0.236948 0.236543 0.236162 0.235808 0.235481 0.235183 0.234915 0.234678 0.234473 0.234302 0.234163 0.234059 0.23399 0.233955 
0.234306 0.234341 0.234411 0.234515 0.234654 0.234826 0.235031 0.235268 0.235536 0.235835 0.236162 0.236517 0.236898 0.237304 0.237733 0.238184 0.238653 0.239142 0.239645 0.240163 0.240692 0.241232 0.241779 0.242331 0.242887 0.243444 0.243999 0.244552 0.245099 0.245638 0.246167 0.246686 0.247189 0.247677 0.248147 0.248598 0.249027 0.249433 0.249814 0.250169 0.250496 0.250794 0.251063 0.2513 0.251505 0.251677 0.251815 0.25192 0.251989 0.252024 0.252024 0.251989 0.25192 0.251815 0.251677 0.251505 0.2513 0.251063 0.250794 0.250496 0.250169 0.249814 0.249433 0.249027 0.248598 0.248147 0.247677 0.247189 0.246686 0.246167 0.245638 0.245099 0.244552 0.243999 0.243444 0.242887 0.242331 0.241779 0.241232 0.240692 0.240163 0.239645 0.239142 0.238653 0.238184 0.237733 0.237304 0.236898 0.236517 0.236162 0.235835 0.235536 0.235268 0.235031 0.234826 0.234654 0.234515 0.234411 0.234341 0.234306 
0.234684 0.234719 0.234789 0.234893 0.235032 0.235204 0.23541 0.235647 0.235916 0.236215 0.236543 0.236898 0.23728 0.237686 0.238116 0.238567 0.239038 0.239527 0.240032 0.24055 0.241081 0.24162 0.242169 0.242721 0.243279 0.243836 0.244393 0.244946 0.245494 0.246034 0.246565 0.247083 0.247588 0.248076 0.248547 0.248998 0.249428 0.249834 0.250216 0.250572 0.2509 0.251198 0.251467 0.251704 0.25191 0.252082 0.252221 0.252325 0.252395 0.25243 0.25243 0.252395 0.252325 0.252221 0.252082 0.25191 0.251704 0.251467 0.251198 0.2509 0.250572 0.250216 0.249834 0.249428 0.248998 0.248547 0.248076 0.247588 0.247083 0.246565 0.246034 0.245494 0.244946 0.244393 0.243836 0.243279 0.242721 0.242169 0.24162 0.241081 0.24055 0.240032 0.239527 0.239038 0.238567 0.238116 0.237686 0.23728 0.236898 0.236543 0.236215 0.235916 0.235647 0.23541 0.235204 0.235032 0.234893 0.234789 0.234719 0.234684 
0.235086 0.235121 0.235191 0.235296 0.235435 0.235607 0.235813 0.236051 0.23632 0.23662 0.236948 0.237304 0.237686 0.238094 0.238524 0.238976 0.239447 0.239937 0.240442 0.240962 0.241493 0.242035 0.242583 0.243138 0.243695 0.244254 0.244811 0.245366 0.245914 0.246456 0.246986 0.247506 0.248011 0.248501 0.248973 0.249425 0.249855 0.250263 0.250645 0.251001 0.251329 0.251629 0.251898 0.252136 0.252341 0.252514 0.252653 0.252758 0.252828 0.252863 0.252863 0.252828 0.252758 0.252653 0.252514 0.252341 0.252136 0.251898 0.251629 0.251329 0.251001 0.250645 0.250263 0.249855 0.249425 0.248973 0.248501 0.248011 0.247506 0.246986 0.246456 0.245914 0.245366 0.244811 0.244254 0.243695 0.243138 0.242583 0.242035 0.241493 0.240962 0.240442 0.239937 0.239447 0.238976 0.238524 0.238094 0.237686 0.237304 0.236948 0.23662 0.23632 0.236051 0.235813 0.235607 0.235435 0.235296 0.235191 0.235121 0.235086 
0.235511 0.235546 0.235616 0.235721 0.23586 0.236033 0.236239 0.236478 0.236747 0.237047 0.237376 0.237733 0.238116 0.238524 0.238955 0.239408 0.239881 0.240371 0.240878 0.241397 0.24193 0.242472 0.243022 0.243577 0.244136 0.244695 0.245254 0.245809 0.246359 0.246901 0.247433 0.247953 0.24846 0.24895 0.249423 0.249875 0.250307 0.250715 0.251098 0.251455 0.251784 0.252083 0.252353 0.252591 0.252798 0.25297 0.25311 0.253214 0.253285 0.25332 0.25332 0.253285 0.253214 0.25311 0.25297 0.252798 0.252591 0.252353 0.252083 0.251784 0.251455 0.251098 0.250715 0.250307 0.249875 0.249423 0.24895 0.24846 0.247953 0.247433 0.246901 0.246359 0.245809 0.245254 0.244695 0.244136 0.243577 0.243022 0.242472 0.24193 0.241397 0.240878 0.240371 0.239881 0.239408 0.238955 0.238524 0.238116 0.237733 0.237376 0.237047 0.236747 0.236478 0.236239 0.236033 0.23586 0.235721 0.235616 0.235546 0.235511 
0.235957 0.235993 0.236063 0.236168 0.236307 0.236481 0.236687 0.236926 0.237196 0.237496 0.237826 0.238184 0.238567 0.238976 0.239408 0.239862 0.240335 0.240827 0.241333 0.241855 0.242388 0.242932 0.243482 0.244039 0.244598 0.245159 0.245718 0.246275 0.246825 0.247369 0.247902 0.248424 0.24893 0.249422 0.249895 0.250349 0.250781 0.25119 0.251574 0.251931 0.252261 0.252561 0.252831 0.25307 0.253276 0.25345 0.253589 0.253694 0.253764 0.2538 0.2538 0.253764 0.253694 0.253589 0.25345 0.253276 0.25307 0.252831 0.252561 0.252261 0.251931 0.251574 0.25119 0.250781 0.250349 0.249895 0.249422 0.24893 0.248424 0.247902 0.247369 0.246825 0.246275 0.245718 0.245159 0.244598 0.244039 0.243482 0.242932 0.242388 0.241855 0.241333 0.240827 0.240335 0.239862 0.239408 0.238976 0.238567 0.238184 0.237826 0.237496 0.237196 0.236926 0.236687 0.236481 0.236307 0.236168 0.236063 0.235993 0.235957 
0.236423 0.236458 0.236529 0.236634 0.236774 0.236947 0.237154 0.237393 0.237664 0.237965 0.238296 0.238653 0.239038 0.239447 0.239881 0.240335 0.24081 0.241301 0.24181 0.242332 0.242867 0.243411 0.243963 0.24452 0.245081 0.245642 0.246204 0.246761 0.247313 0.247857 0.248391 0.248913 0.249422 0.249914 0.250389 0.250843 0.251276 0.251685 0.25207 0.252428 0.252759 0.253059 0.25333 0.253569 0.253776 0.25395 0.25409 0.254195 0.254265 0.254301 0.254301 0.254265 0.254195 0.25409 0.25395 0.253776 0.253569 0.25333 0.253059 0.252759 0.252428 0.25207 0.251685 0.251276 0.250843 0.250389 0.249914 0.249422 0.248913 0.248391 0.247857 0.247313 0.246761 0.246204 0.245642 0.245081 0.24452 0.243963 0.243411 0.242867 0.242332 0.24181 0.241301 0.24081 0.240335 0.239881 0.239447 0.239038 0.238653 0.238296 0.237965 0.237664 0.237393 0.237154 0.236947 0.236774 0.236634 0.236529 0.236458 0.236423 
0.236906 0.236942 0.237012 0.237118 0.237258 0.237432 0.237639 0.237879 0.23815 0.238452 0.238782 0.239142 0.239527 0.239937 0.240371 0.240827 0.241301 0.241795 0.242304 0.242828 0.243363 0.243909 0.244461 0.24502 0.245582 0.246145 0.246706 0.247266 0.247818 0.248364 0.248899 0.249423 0.249932 0.250425 0.2509 0.251356 0.251789 0.2522 0.252585 0.252944 0.253275 0.253577 0.253848 0.254088 0.254295 0.254469 0.254609 0.254714 0.254785 0.25482 0.25482 0.254785 0.254714 0.254609 0.254469 0.254295 0.254088 0.253848 0.253577 0.253275 0.252944 0.252585 0.2522 0.251789 0.251356 0.2509 0.250425 0.249932 0.249423 0.248899 0.248364 0.247818 0.247266 0.246706 0.246145 0.245582 0.24502 0.244461 0.243909 0.243363 0.242828 0.242304 0.241795 0.241301 0.240827 0.240371 0.239937 0.239527 0.239142 0.238782 0.238452 0.23815 0.237879 0.237639 0.237432 0.237258 0.237118 0.237012 0.236942 0.236906 
0.237406 0.237441 0.237512 0.237617 0.237758 0.237932 0.23814 0.23838 0.238652 0.238954 0.239286 0.239645 0.240032 0.240442 0.240878 0.241333 0.24181 0.242304 0.242815 0.243339 0.243876 0.244422 0.244977 0.245536 0.2461 0.246663 0.247227 0.247786 0.248341 0.248886 0.249424 0.249948 0.250459 0.250952 0.251429 0.251885 0.25232 0.252731 0.253118 0.253477 0.253809 0.254111 0.254383 0.254623 0.254831 0.255005 0.255145 0.255251 0.255322 0.255357 0.255357 0.255322 0.255251 0.255145 0.255005 0.254831 0.254623 0.254383 0.254111 0.253809 0.253477 0.253118 0.252731 0.25232 0.251885 0.251429 0.250952 0.250459 0.249948 0.249424 0.248886 0.248341 0.247786 0.247227 0.246663 0.2461 0.245536 0.244977 0.244422 0.243876 0.243339 0.242815 0.242304 0.24181 0.241333 0.240878 0.240442 0.240032 0.239645 0.239286 0.238954 0.238652 0.23838 0.23814 0.237932 0.237758 0.237617 0.237512 0.237441 0.237406 
0.237918 0.237954 0.238025 0.238131 0.238271 0.238446 0.238654 0.238895 0.239167 0.23947 0.239802 0.240163 0.24055 0.240962 0.241397 0.241855 0.242332 0.242828 0.243339 0.243865 0.244402 0.244951 0.245505 0.246067 0.246631 0.247197 0.24776 0.248322 0.248876 0.249425 0.249962 0.250488 0.250999 0.251495 0.251972 0.25243 0.252865 0.253277 0.253664 0.254025 0.254357 0.25466 0.254932 0.255173 0.255381 0.255556 0.255696 0.255802 0.255873 0.255909 0.255909 0.255873 0.255802 0.255696 0.255556 0.255381 0.255173 0.254932 0.25466 0.254357 0.254025 0.253664 0.253277 0.252865 0.25243 0.251972 0.251495 0.250999 0.250488 0.249962 0.249425 0.248876 0.248322 0.24776 0.247197 0.246631 0.246067 0.245505 0.244951 0.244402 0.243865 0.243339 0.242828 0.242332 0.241855 0.241397 0.240962 0.24055 0.240163 0.239802 0.23947 0.239167 0.238895 0.238654 0.238446 0.238271 0.238131 0.238025 0.237954 0.237918 
0.238443 0.238479 0.23855 0.238656 0.238797 0.238972 0.239181 0.239422 0.239695 0.239998 0.240332 0.240692 0.241081 0.241493 0.24193 0.242388 0.242867 0.243363 0.243876 0.244402 0.244942 0.24549 0.246047 0.246609 0.247175 0.247741 0.248307 0.248869 0.249426 0.249974 0.250513 0.25104 0.251553 0.252049 0.252528 0.252986 0.253423 0.253835 0.254224 0.254584 0.254918 0.255221 0.255494 0.255735 0.255944 0.256119 0.25626 0.256366 0.256437 0.256473 0.256473 0.256437 0.256366 0.25626 0.256119 0.255944 0.255735 0.255494 0.255221 0.254918 0.254584 0.254224 0.253835 0.253423 0.252986 0.252528 0.252049 0.251553 0.25104 0.250513 0.249974 0.249426 0.248869 0.248307 0.247741 0.247175 0.246609 0.246047 0.24549 0.244942 0.244402 0.243876 0.243363 0.242867 0.242388 0.24193 0.241493 0.241081 0.240692 0.240332 0.239998 0.239695 0.239422 0.239181 0.238972 0.238797 0.238656 0.23855 0.238479 0.238443 
0.238977 0.239013 0.239084 0.239191 0.239332 0.239507 0.239716 0.239958 0.240232 0.240536 0.24087 0.241232 0.24162 0.242035 0.242472 0.242932 0.243411 0.243909 0.244422 0.244951 0.24549 0.246041 0.246598 0.247162 0.247728 0.248297 0.248863 0.249427 0.249984 0.250535 0.251074 0.251603 0.252116 0.252614 0.253093 0.253553 0.25399 0.254404 0.254793 0.255155 0.255489 0.255793 0.256066 0.256308 0.256517 0.256693 0.256834 0.256941 0.257012 0.257047 0.257047 0.257012 0.256941 0.256834 0.256693 0.256517 0.256308 0.256066 0.255793 0.255489 0.255155 0.254793 0.254404 0.25399 0.253553 0.253093 0.252614 0.252116 0.251603 0.251074 0.250535 0.249984 0.249427 0.248863 0.248297 0.247728 0.247162 0.246598 0.246041 0.24549 0.244951 0.244422 0.243909 0.243411 0.242932 0.242472 0.242035 0.24162 0.241232 0.24087 0.240536 0.240232 0.239958 0.239716 0.239507 0.239332 0.239191 0.239084 0.239013 0.238977 
0.239519 0.239555 0.239626 0.239733 0.239875 0.24005 0.24026 0.240502 0.240777 0.241081 0.241416 0.241779 0.242169 0.242583 0.243022 0.243482 0.243963 0.244461 0.244977 0.245505 0.246047 0.246598 0.247158 0.247722 0.24829 0.248859 0.249428 0.249992 0.250551 0.251102 0.251644 0.252172 0.252688 0.253186 0.253667 0.254127 0.254566 0.254981 0.255371 0.255733 0.256068 0.256373 0.256647 0.256889 0.257099 0.257275 0.257416 0.257523 0.257594 0.25763 0.25763 0.257594 0.257523 0.257416 0.257275 0.257099 0.256889 0.256647 0.256373 0.256068 0.255733 0.255371 0.254981 0.254566 0.254127 0.253667 0.253186 0.252688 0.252172 0.251644 0.251102 0.250551 0.249992 0.249428 0.248859 0.24829 0.247722 0.247158 0.246598 0.246047 0.245505 0.244977 0.244461 0.243963 0.243482 0.243022 0.242583 0.242169 0.241779 0.241416 0.241081 0.240777 0.240502 0.24026 0.24005 0.239875 0.239733 0.239626 0.239555 0.239519 
0.240067 0.240102 0.240174 0.240281 0.240423 0.240599 0.240809 0.241052 0.241326 0.241632 0.241967 0.242331 0.242721 0.243138 0.243577 0.244039 0.24452 0.24502 0.245536 0.246067 0.246609 0.247162 0.247722 0.248288 0.248857 0.249428 0.249997 0.250563 0.251123 0.251676 0.252218 0.252749 0.253265 0.253765 0.254246 0.254708 0.255147 0.255564 0.255954 0.256318 0.256653 0.256959 0.257233 0.257476 0.257686 0.257863 0.258004 0.258111 0.258183 0.258219 0.258219 0.258183 0.258111 0.258004 0.257863 0.257686 0.257476 0.257233 0.256959 0.256653 0.256318 0.255954 0.255564 0.255147 0.254708 0.254246 0.253765 0.253265 0.252749 0.252218 0.251676 0.251123 0.250563 0.249997 0.249428 0.248857 0.248288 0.247722 0.247162 0.246609 0.246067 0.245536 0.24502 0.24452 0.244039 0.243577 0.243138 0.242721 0.242331 0.241967 0.241632 0.241326 0.241052 0.240809 0.240599 0.240423 0.240281 0.240174 0.240102 0.240067 
0.240617 0.240653 0.240725 0.240832 0.240974 0.241151 0.241361 0.241604 0.24188 0.242186 0.242523 0.242887 0.243279 0.243695 0.244136 0.244598 0.245081 0.245582 0.2461 0.246631 0.247175 0.247728 0.24829 0.248857 0.249428 0.249999 0.250571 0.251137 0.251699 0.252253 0.252797 0.253328 0.253846 0.254346 0.25483 0.255292 0.255733 0.256149 0.256541 0.256905 0.257241 0.257547 0.257823 0.258066 0.258277 0.258454 0.258596 0.258703 0.258775 0.25881 0.25881 0.258775 0.258703 0.258596 0.258454 0.258277 0.258066 0.257823 0.257547 0.257241 0.256905 0.256541 0.256149 0.255733 0.255292 0.25483 0.254346 0.253846 0.253328 0.252797 0.252253 0.251699 0.251137 0.250571 0.249999 0.249428 0.248857 0.24829 0.247728 0.247175 0.246631 0.2461 0.245582 0.245081 0.244598 0.244136 0.243695 0.243279 0.242887 0.242523 0.242186 0.24188 0.241604 0.241361 0.241151 0.240974 0.240832 0.240725 0.240653 0.240617 
0.241169 0.241205 0.241276 0.241384 0.241526 0.241704 0.241914 0.242159 0.242434 0.242742 0.243078 0.243444 0.243836 0.244254 0.244695 0.245159 0.245642 0.246145 0.246663 0.247197 0.247741 0.248297 0.248859 0.249428 0.249999 0.250573 0.251144 0.251714 0.252276 0.252831 0.253376 0.253909 0.254427 0.25493 0.255413 0.255877 0.256318 0.256737 0.257128 0.257494 0.257831 0.258138 0.258414 0.258658 0.258869 0.259046 0.259188 0.259296 0.259368 0.259404 0.259404 0.259368 0.259296 0.259188 0.259046 0.258869 0.258658 0.258414 0.258138 0.257831 0.257494 0.257128 0.256737 0.256318 0.255877 0.255413 0.25493 0.254427 0.253909 0.253376 0.252831 0.252276 0.251714 0.251144 0.250573 0.249999 0.249428 0.248859 0.248297 0.247741 0.247197 0.246663 0.246145 0.245642 0.245159 0.244695 0.244254 0.243836 0.243444 0.243078 0.242742 0.242434 0.242159 0.241914 0.241704 0.241526 0.241384 0.241276 0.241205 0.241169 
0.241719 0.241755 0.241827 0.241935 0.242078 0.242255 0.242467 0.242711 0.242988 0.243296 0.243633 0.243999 0.244393 0.244811 0.245254 0.245718 0.246204 0.246706 0.247227 0.24776 0.248307 0.248863 0.249428 0.249997 0.250571 0.251144 0.251718 0.252287 0.252852 0.253408 0.253955 0.254488 0.255008 0.255511 0.255997 0.256461 0.256904 0.257322 0.257716 0.258081 0.258419 0.258727 0.259004 0.259248 0.25946 0.259637 0.25978 0.259888 0.25996 0.259996 0.259996 0.25996 0.259888 0.25978 0.259637 0.25946 0.259248 0.259004 0.258727 0.258419 0.258081 0.257716 0.257322 0.256904 0.256461 0.255997 0.255511 0.255008 0.254488 0.253955 0.253408 0.252852 0.252287 0.251718 0.251144 0.250571 0.249997 0.249428 0.248863 0.248307 0.24776 0.247227 0.246706 0.246204 0.245718 0.245254 0.244811 0.244393 0.243999 0.243633 0.243296 0.242988 0.242711 0.242467 0.242255 0.242078 0.241935 0.241827 0.241755 0.241719 
0.242267 0.242303 0.242375 0.242483 0.242626 0.242804 0.243016 0.243261 0.243538 0.243847 0.244185 0.244552 0.244946 0.245366 0.245809 0.246275 0.246761 0.247266 0.247786 0.248322 0.248869 0.249427 0.249992 0.250563 0.251137 0.251714 0.252287 0.252859 0.253424 0.253982 0.254529 0.255065 0.255585 0.25609 0.256576 0.257042 0.257485 0.257905 0.258299 0.258666 0.259004 0.259313 0.25959 0.259835 0.260047 0.260225 0.260368 0.260476 0.260548 0.260584 0.260584 0.260548 0.260476 0.260368 0.260225 0.260047 0.259835 0.25959 0.259313 0.259004 0.258666 0.258299 0.257905 0.257485 0.257042 0.256576 0.25609 0.255585 0.255065 0.254529 0.253982 0.253424 0.252859 0.252287 0.251714 0.251137 0.250563 0.249992 0.249427 0.248869 0.248322 0.247786 0.247266 0.246761 0.246275 0.245809 0.245366 0.244946 0.244552 0.244185 0.243847 0.243538 0.243261 0.243016 0.242804 0.242626 0.242483 0.242375 0.242303 0.242267 
0.242808 0.242845 0.242917 0.243025 0.243169 0.243347 0.243559 0.243805 0.244083 0.244392 0.244731 0.245099 0.245494 0.245914 0.246359 0.246825 0.247313 0.247818 0.248341 0.248876 0.249426 0.249984 0.250551 0.251123 0.251699 0.252276 0.252852 0.253424 0.253991 0.25455 0.255099 0.255635 0.256157 0.256662 0.25715 0.257616 0.258061 0.258481 0.258877 0.259244 0.259584 0.259892 0.260171 0.260416 0.260629 0.260807 0.26095 0.261058 0.261131 0.261167 0.261167 0.261131 0.261058 0.26095 0.260807 0.260629 0.260416 0.260171 0.259892 0.259584 0.259244 0.258877 0.258481 0.258061 0.257616 0.25715 0.256662 0.256157 0.255635 0.255099 0.25455 0.253991 0.253424 0.252852 0.252276 0.251699 0.251123 0.250551 0.249984 0.249426 0.248876 0.248341 0.247818 0.247313 0.246825 0.246359 0.245914 0.245494 0.245099 0.244731 0.244392 0.244083 0.243805 0.243559 0.243347 0.243169 0.243025 0.242917 0.242845 0.242808 
0.243343 0.243379 0.243451 0.24356 0.243704 0.243882 0.244095 0.244341 0.24462 0.24493 0.245269 0.245638 0.246034 0.246456 0.246901 0.247369 0.247857 0.248364 0.248886 0.249425 0.249974 0.250535 0.251102 0.251676 0.252253 0.252831 0.253408 0.253982 0.25455 0.25511 0.255659 0.256198 0.25672 0.257227 0.257715 0.258183 0.258628 0.25905 0.259446 0.259815 0.260154 0.260464 0.260743 0.260989 0.261202 0.261381 0.261524 0.261633 0.261705 0.261741 0.261741 0.261705 0.261633 0.261524 0.261381 0.261202 0.260989 0.260743 0.260464 0.260154 0.259815 0.259446 0.25905 0.258628 0.258183 0.257715 0.257227 0.25672 0.256198 0.255659 0.25511 0.25455 0.253982 0.253408 0.252831 0.252253 0.251676 0.251102 0.250535 0.249974 0.249425 0.248886 0.248364 0.247857 0.247369 0.246901 0.246456 0.246034 0.245638 0.245269 0.24493 0.24462 0.244341 0.244095 0.243882 0.243704 0.24356 0.243451 0.243379 0.243343 
0.243867 0.243904 0.243976 0.244085 0.244229 0.244408 0.244621 0.244868 0.245147 0.245458 0.245798 0.246167 0.246565 0.246986 0.247433 0.247902 0.248391 0.248899 0.249424 0.249962 0.250513 0.251074 0.251644 0.252218 0.252797 0.253376 0.253955 0.254529 0.255099 0.255659 0.256211 0.256749 0.257274 0.257781 0.258271 0.258739 0.259186 0.259608 0.260005 0.260374 0.260715 0.261026 0.261305 0.261551 0.261765 0.261944 0.262088 0.262197 0.262269 0.262306 0.262306 0.262269 0.262197 0.262088 0.261944 0.261765 0.261551 0.261305 0.261026 0.260715 0.260374 0.260005 0.259608 0.259186 0.258739 0.258271 0.257781 0.257274 0.256749 0.256211 0.255659 0.255099 0.254529 0.253955 0.253376 0.252797 0.252218 0.251644 0.251074 0.250513 0.249962 0.249424 0.248899 0.248391 0.247902 0.247433 0.246986 0.246565 0.246167 0.245798 0.245458 0.245147 0.244868 0.244621 0.244408 0.244229 0.244085 0.243976 0.243904 0.243867 
0.24438 0.244417 0.244489 0.244598 0.244743 0.244922 0.245136 0.245383 0.245663 0.245974 0.246315 0.246686 0.247083 0.247506 0.247953 0.248424 0.248913 0.249423 0.249948 0.250488 0.25104 0.251603 0.252172 0.252749 0.253328 0.253909 0.254488 0.255065 0.255635 0.256198 0.256749 0.25729 0.257815 0.258324 0.258814 0.259284 0.259731 0.260155 0.260552 0.260922 0.261263 0.261575 0.261854 0.262102 0.262315 0.262495 0.262639 0.262748 0.262821 0.262857 0.262857 0.262821 0.262748 0.262639 0.262495 0.262315 0.262102 0.261854 0.261575 0.261263 0.260922 0.260552 0.260155 0.259731 0.259284 0.258814 0.258324 0.257815 0.25729 0.256749 0.256198 0.255635 0.255065 0.254488 0.253909 0.253328 0.252749 0.252172 0.251603 0.25104 0.250488 0.249948 0.249423 0.248913 0.248424 0.247953 0.247506 0.247083 0.246686 0.246315 0.245974 0.245663 0.245383 0.245136 0.244922 0.244743 0.244598 0.244489 0.244417 0.24438 
0.244879 0.244916 0.244989 0.245098 0.245243 0.245422 0.245637 0.245884 0.246165 0.246476 0.246818 0.247189 0.247588 0.248011 0.24846 0.24893 0.249422 0.249932 0.250459 0.250999 0.251553 0.252116 0.252688 0.253265 0.253846 0.254427 0.255008 0.255585 0.256157 0.25672 0.257274 0.257815 0.258342 0.258851 0.259343 0.259813 0.260262 0.260685 0.261084 0.261455 0.261797 0.262108 0.262389 0.262637 0.262851 0.263031 0.263175 0.263284 0.263357 0.263394 0.263394 0.263357 0.263284 0.263175 0.263031 0.262851 0.262637 0.262389 0.262108 0.261797 0.261455 0.261084 0.260685 0.260262 0.259813 0.259343 0.258851 0.258342 0.257815 0.257274 0.25672 0.256157 0.255585 0.255008 0.254427 0.253846 0.253265 0.252688 0.252116 0.251553 0.250999 0.250459 0.249932 0.249422 0.24893 0.24846 0.248011 0.247588 0.247189 0.246818 0.246476 0.246165 0.245884 0.245637 0.245422 0.245243 0.245098 0.244989 0.244916 0.244879 
0.245363 0.245399 0.245472 0.245582 0.245727 0.245907 0.246121 0.24637 0.24665 0.246963 0.247305 0.247677 0.248076 0.248501 0.24895 0.249422 0.249914 0.250425 0.250952 0.251495 0.252049 0.252614 0.253186 0.253765 0.254346 0.25493 0.255511 0.25609 0.256662 0.257227 0.257781 0.258324 0.258851 0.259362 0.259854 0.260326 0.260775 0.2612 0.261599 0.261971 0.262313 0.262626 0.262907 0.263155 0.26337 0.26355 0.263695 0.263804 0.263877 0.263914 0.263914 0.263877 0.263804 0.263695 0.26355 0.26337 0.263155 0.262907 0.262626 0.262313 0.261971 0.261599 0.2612 0.260775 0.260326 0.259854 0.259362 0.258851 0.258324 0.257781 0.257227 0.256662 0.25609 0.255511 0.25493 0.254346 0.253765 0.253186 0.252614 0.252049 0.251495 0.250952 0.250425 0.249914 0.249422 0.24895 0.248501 0.248076 0.247677 0.247305 0.246963 0.24665 0.24637 0.246121 0.245907 0.245727 0.245582 0.245472 0.245399 0.245363 
0.245828 0.245865 0.245938 0.246048 0.246193 0.246373 0.246589 0.246837 0.247119 0.247431 0.247775 0.248147 0.248547 0.248973 0.249423 0.249895 0.250389 0.2509 0.251429 0.251972 0.252528 0.253093 0.253667 0.254246 0.25483 0.255413 0.255997 0.256576 0.25715 0.257715 0.258271 0.258814 0.259343 0.259854 0.260348 0.26082 0.26127 0.261696 0.262096 0.262468 0.262811 0.263124 0.263406 0.263654 0.263869 0.26405 0.264195 0.264305 0.264378 0.264414 0.264414 0.264378 0.264305 0.264195 0.26405 0.263869 0.263654 0.263406 0.263124 0.262811 0.262468 0.262096 0.261696 0.26127 0.26082 0.260348 0.259854 0.259343 0.258814 0.258271 0.257715 0.25715 0.256576 0.255997 0.255413 0.25483 0.254246 0.253667 0.253093 0.252528 0.251972 0.251429 0.2509 0.250389 0.249895 0.249423 0.248973 0.248547 0.248147 0.247775 0.247431 0.247119 0.246837 0.246589 0.246373 0.246193 0.246048 0.245938 0.245865 0.245828 
0.246275 0.246312 0.246385 0.246495 0.24664 0.246821 0.247036 0.247285 0.247567 0.247881 0.248225 0.248598 0.248998 0.249425 0.249875 0.250349 0.250843 0.251356 0.251885 0.25243 0.252986 0.253553 0.254127 0.254708 0.255292 0.255877 0.256461 0.257042 0.257616 0.258183 0.258739 0.259284 0.259813 0.260326 0.26082 0.261294 0.261744 0.262171 0.262571 0.262945 0.263288 0.263602 0.263884 0.264133 0.264348 0.264529 0.264675 0.264784 0.264858 0.264894 0.264894 0.264858 0.264784 0.264675 0.264529 0.264348 0.264133 0.263884 0.263602 0.263288 0.262945 0.262571 0.262171 0.261744 0.261294 0.26082 0.260326 0.259813 0.259284 0.258739 0.258183 0.257616 0.257042 0.256461 0.255877 0.255292 0.254708 0.254127 0.253553 0.252986 0.25243 0.251885 0.251356 0.250843 0.250349 0.249875 0.249425 0.248998 0.248598 0.248225 0.247881 0.247567 0.247285 0.247036 0.246821 0.24664 0.246495 0.246385 0.246312 0.246275 
0.2467 0.246737 0.24681 0.24692 0.247066 0.247247 0.247463 0.247712 0.247995 0.248308 0.248653 0.249027 0.249428 0.249855 0.250307 0.250781 0.251276 0.251789 0.25232 0.252865 0.253423 0.25399 0.254566 0.255147 0.255733 0.256318 0.256904 0.257485 0.258061 0.258628 0.259186 0.259731 0.260262 0.260775 0.26127 0.261744 0.262196 0.262623 0.263025 0.263398 0.263743 0.264057 0.264339 0.264589 0.264805 0.264985 0.265131 0.265241 0.265315 0.265351 0.265351 0.265315 0.265241 0.265131 0.264985 0.264805 0.264589 0.264339 0.264057 0.263743 0.263398 0.263025 0.262623 0.262196 0.261744 0.26127 0.260775 0.260262 0.259731 0.259186 0.258628 0.258061 0.257485 0.256904 0.256318 0.255733 0.255147 0.254566 0.25399 0.253423 0.252865 0.25232 0.251789 0.251276 0.250781 0.250307 0.249855 0.249428 0.249027 0.248653 0.248308 0.247995 0.247712 0.247463 0.247247 0.247066 0.24692 0.24681 0.246737 0.2467 
0.247102 0.247139 0.247212 0.247322 0.247468 0.24765 0.247866 0.248116 0.248399 0.248713 0.249058 0.249433 0.249834 0.250263 0.250715 0.25119 0.251685 0.2522 0.252731 0.253277 0.253835 0.254404 0.254981 0.255564 0.256149 0.256737 0.257322 0.257905 0.258481 0.25905 0.259608 0.260155 0.260685 0.2612 0.261696 0.262171 0.262623 0.263051 0.263453 0.263827 0.264172 0.264487 0.26477 0.26502 0.265236 0.265417 0.265563 0.265673 0.265747 0.265784 0.265784 0.265747 0.265673 0.265563 0.265417 0.265236 0.26502 0.26477 0.264487 0.264172 0.263827 0.263453 0.263051 0.262623 0.262171 0.261696 0.2612 0.260685 0.260155 0.259608 0.25905 0.258481 0.257905 0.257322 0.256737 0.256149 0.255564 0.254981 0.254404 0.253835 0.253277 0.252731 0.2522 0.251685 0.25119 0.250715 0.250263 0.249834 0.249433 0.249058 0.248713 0.248399 0.248116 0.247866 0.24765 0.247468 0.247322 0.247212 0.247139 0.247102 
0.24748 0.247516 0.24759 0.2477 0.247847 0.248028 0.248245 0.248495 0.248778 0.249093 0.249439 0.249814 0.250216 0.250645 0.251098 0.251574 0.25207 0.252585 0.253118 0.253664 0.254224 0.254793 0.255371 0.255954 0.256541 0.257128 0.257716 0.258299 0.258877 0.259446 0.260005 0.260552 0.261084 0.261599 0.262096 0.262571 0.263025 0.263453 0.263856 0.26423 0.264576 0.264891 0.265174 0.265425 0.265641 0.265823 0.265969 0.266079 0.266153 0.26619 0.26619 0.266153 0.266079 0.265969 0.265823 0.265641 0.265425 0.265174 0.264891 0.264576 0.26423 0.263856 0.263453 0.263025 0.262571 0.262096 0.261599 0.261084 0.260552 0.260005 0.259446 0.258877 0.258299 0.257716 0.257128 0.256541 0.255954 0.255371 0.254793 0.254224 0.253664 0.253118 0.252585 0.25207 0.251574 0.251098 0.250645 0.250216 0.249814 0.249439 0.249093 0.248778 0.248495 0.248245 0.248028 0.247847 0.2477 0.24759 0.247516 0.24748 
0.247831 0.247868 0.247942 0.248052 0.248199 0.248381 0.248597 0.248848 0.249132 0.249447 0.249793 0.250169 0.250572 0.251001 0.251455 0.251931 0.252428 0.252944 0.253477 0.254025 0.254584 0.255155 0.255733 0.256318 0.256905 0.257494 0.258081 0.258666 0.259244 0.259815 0.260374 0.260922 0.261455 0.261971 0.262468 0.262945 0.263398 0.263827 0.26423 0.264606 0.264952 0.265267 0.265551 0.265802 0.266018 0.266201 0.266347 0.266457 0.266531 0.266568 0.266568 0.266531 0.266457 0.266347 0.266201 0.266018 0.265802 0.265551 0.265267 0.264952 0.264606 0.26423 0.263827 0.263398 0.262945 0.262468 0.261971 0.261455 0.260922 0.260374 0.259815 0.259244 0.258666 0.258081 0.257494 0.256905 0.256318 0.255733 0.255155 0.254584 0.254025 0.253477 0.252944 0.252428 0.251931 0.251455 0.251001 0.250572 0.250169 0.249793 0.249447 0.249132 0.248848 0.248597 0.248381 0.248199 0.248052 0.247942 0.247868 0.247831 
0.248155 0.248192 0.248266 0.248377 0.248523 0.248706 0.248923 0.249174 0.249458 0.249774 0.25012 0.250496 0.2509 0.251329 0.251784 0.252261 0.252759 0.253275 0.253809 0.254357 0.254918 0.255489 0.256068 0.256653 0.257241 0.257831 0.258419 0.259004 0.259584 0.260154 0.260715 0.261263 0.261797 0.262313 0.262811 0.263288 0.263743 0.264172 0.264576 0.264952 0.265299 0.265614 0.265898 0.266149 0.266367 0.266549 0.266695 0.266806 0.26688 0.266917 0.266917 0.26688 0.266806 0.266695 0.266549 0.266367 0.266149 0.265898 0.265614 0.265299 0.264952 0.264576 0.264172 0.263743 0.263288 0.262811 0.262313 0.261797 0.261263 0.260715 0.260154 0.259584 0.259004 0.258419 0.257831 0.257241 0.256653 0.256068 0.255489 0.254918 0.254357 0.253809 0.253275 0.252759 0.252261 0.251784 0.251329 0.2509 0.250496 0.25012 0.249774 0.249458 0.249174 0.248923 0.248706 0.248523 0.248377 0.248266 0.248192 0.248155 
0.248451 0.248488 0.248562 0.248673 0.248819 0.249002 0.249219 0.249471 0.249755 0.250071 0.250418 0.250794 0.251198 0.251629 0.252083 0.252561 0.253059 0.253577 0.254111 0.25466 0.255221 0.255793 0.256373 0.256959 0.257547 0.258138 0.258727 0.259313 0.259892 0.260464 0.261026 0.261575 0.262108 0.262626 0.263124 0.263602 0.264057 0.264487 0.264891 0.265267 0.265614 0.265931 0.266215 0.266466 0.266684 0.266866 0.267013 0.267124 0.267197 0.267235 0.267235 0.267197 0.267124 0.267013 0.266866 0.266684 0.266466 0.266215 0.265931 0.265614 0.265267 0.264891 0.264487 0.264057 0.263602 0.263124 0.262626 0.262108 0.261575 0.261026 0.260464 0.259892 0.259313 0.258727 0.258138 0.257547 0.256959 0.256373 0.255793 0.255221 0.25466 0.254111 0.253577 0.253059 0.252561 0.252083 0.251629 0.251198 0.250794 0.250418 0.250071 0.249755 0.249471 0.249219 0.249002 0.248819 0.248673 0.248562 0.248488 0.248451 
0.248717 0.248754 0.248828 0.248939 0.249086 0.249268 0.249486 0.249737 0.250022 0.250339 0.250686 0.251063 0.251467 0.251898 0.252353 0.252831 0.25333 0.253848 0.254383 0.254932 0.255494 0.256066 0.256647 0.257233 0.257823 0.258414 0.259004 0.25959 0.260171 0.260743 0.261305 0.261854 0.262389 0.262907 0.263406 0.263884 0.264339 0.26477 0.265174 0.265551 0.265898 0.266215 0.2665 0.266751 0.266969 0.267151 0.267298 0.267409 0.267483 0.26752 0.26752 0.267483 0.267409 0.267298 0.267151 0.266969 0.266751 0.2665 0.266215 0.265898 0.265551 0.265174 0.26477 0.264339 0.263884 0.263406 0.262907 0.262389 0.261854 0.261305 0.260743 0.260171 0.25959 0.259004 0.258414 0.257823 0.257233 0.256647 0.256066 0.255494 0.254932 0.254383 0.253848 0.25333 0.252831 0.252353 0.251898 0.251467 0.251063 0.250686 0.250339 0.250022 0.249737 0.249486 0.249268 0.249086 0.248939 0.248828 0.248754 0.248717 
0.248952 0.248989 0.249063 0.249174 0.249321 0.249504 0.249721 0.249973 0.250258 0.250575 0.250923 0.2513 0.251704 0.252136 0.252591 0.25307 0.253569 0.254088 0.254623 0.255173 0.255735 0.256308 0.256889 0.257476 0.258066 0.258658 0.259248 0.259835 0.260416 0.260989 0.261551 0.262102 0.262637 0.263155 0.263654 0.264133 0.264589 0.26502 0.265425 0.265802 0.266149 0.266466 0.266751 0.267003 0.267221 0.267404 0.267551 0.267662 0.267736 0.267773 0.267773 0.267736 0.267662 0.267551 0.267404 0.267221 0.267003 0.266751 0.266466 0.266149 0.265802 0.265425 0.26502 0.264589 0.264133 0.263654 0.263155 0.262637 0.262102 0.261551 0.260989 0.260416 0.259835 0.259248 0.258658 0.258066 0.257476 0.256889 0.256308 0.255735 0.255173 0.254623 0.254088 0.253569 0.25307 0.252591 0.252136 0.251704 0.2513 0.250923 0.250575 0.250258 0.249973 0.249721 0.249504 0.249321 0.249174 0.249063 0.248989 0.248952 
