0.223696 0.223746 0.223847 0.223998 0.224197 0.224446 0.224742 0.225084 0.225471 0.225902 0.226374 0.226887 0.227437 0.228023 0.228642 0.229292 0.229971 0.230675 0.231402 0.23215 0.232914 0.233693 0.234482 0.23528 0.236082 0.236885 0.237688 0.238485 0.239275 0.240053 0.240818 0.241565 0.242292 0.242996 0.243675 0.244325 0.244945 0.24553 0.246081 0.246593 0.247065 0.247496 0.247883 0.248226 0.248521 0.24877 0.24897 0.24912 0.249221 0.249272 0.249272 0.249221 0.24912 0.24897 0.24877 0.248521 0.248226 0.247883 0.247496 0.247065 0.246593 0.246081 0.24553 0.244945 0.244325 0.243675 0.242996 0.242292 0.241565 0.240818 0.240053 0.239275 0.238485 0.237688 0.236885 0.236082 0.23528 0.234482 0.233693 0.232914 0.23215 0.231402 0.230675 0.229971 0.229292 0.228642 0.228023 0.227437 0.226887 0.226374 0.225902 0.225471 0.225084 0.224742 0.224446 0.224197 0.223998 0.223847 0.223746 0.223696 
0.223746 0.223797 0.223897 0.224048 0.224248 0.224496 0.224792 0.225135 0.225522 0.225953 0.226425 0.226938 0.227488 0.228074 0.228693 0.229344 0.230023 0.230727 0.231455 0.232202 0.232967 0.233745 0.234535 0.235333 0.236135 0.236939 0.237741 0.238539 0.239328 0.240107 0.240872 0.241619 0.242347 0.243051 0.24373 0.24438 0.245 0.245586 0.246136 0.246649 0.247121 0.247552 0.247939 0.248282 0.248577 0.248826 0.249026 0.249176 0.249277 0.249328 0.249328 0.249277 0.249176 0.249026 0.248826 0.248577 0.248282 0.247939 0.247552 0.247121 0.246649 0.246136 0.245586 0.245 0.24438 0.24373 0.243051 0.242347 0.241619 0.240872 0.240107 0.239328 0.238539 0.237741 0.236939 0.236135 0.235333 0.234535 0.233745 0.232967 0.232202 0.231455 0.230727 0.230023 0.229344 0.228693 0.228074 0.227488 0.226938 0.226425 0.225953 0.225522 0.225135 0.224792 0.224496 0.224248 0.224048 0.223897 0.223797 0.223746 
0.223847 0.223897 0.223998 0.224149 0.224349 0.224597 0.224894 0.225236 0.225624 0.226054 0.226527 0.22704 0.227591 0.228177 0.228797 0.229447 0.230126 0.230831 0.231559 0.232307 0.233072 0.23385 0.234641 0.235438 0.236241 0.237045 0.237848 0.238646 0.239436 0.240215 0.24098 0.241728 0.242456 0.24316 0.24384 0.24449 0.24511 0.245696 0.246247 0.24676 0.247232 0.247663 0.248051 0.248393 0.248689 0.248938 0.249138 0.249289 0.249389 0.24944 0.24944 0.249389 0.249289 0.249138 0.248938 0.248689 0.248393 0.248051 0.247663 0.247232 0.24676 0.246247 0.245696 0.24511 0.24449 0.24384 0.24316 0.242456 0.241728 0.24098 0.240215 0.239436 0.238646 0.237848 0.237045 0.236241 0.235438 0.234641 0.23385 0.233072 0.232307 0.231559 0.230831 0.230126 0.229447 0.228797 0.228177 0.227591 0.22704 0.226527 0.226054 0.225624 0.225236 0.224894 0.224597 0.224349 0.224149 0.223998 0.223897 0.223847 
0.223998 0.224048 0.224149 0.2243 0.2245 0.224749 0.225045 0.225388 0.225775 0.226207 0.22668 0.227193 0.227743 0.22833 0.22895 0.229602 0.230281 0.230986 0.231714 0.232463 0.233228 0.234008 0.234798 0.235597 0.2364 0.237205 0.238008 0.238807 0.239597 0.240377 0.241142 0.241891 0.242619 0.243324 0.244004 0.244655 0.245275 0.245862 0.246412 0.246926 0.247399 0.24783 0.248218 0.24856 0.248857 0.249105 0.249305 0.249456 0.249557 0.249608 0.249608 0.249557 0.249456 0.249305 0.249105 0.248857 0.24856 0.248218 0.24783 0.247399 0.246926 0.246412 0.245862 0.245275 0.244655 0.244004 0.243324 0.242619 0.241891 0.241142 0.240377 0.239597 0.238807 0.238008 0.237205 0.2364 0.235597 0.234798 0.234008 0.233228 0.232463 0.231714 0.230986 0.230281 0.229602 0.22895 0.22833 0.227743 0.227193 0.22668 0.226207 0.225775 0.225388 0.225045 0.224749 0.2245 0.2243 0.224149 0.224048 0.223998 
0.224197 0.224248 0.224349 0.2245 0.2247 0.224949 0.225246 0.225589 0.225977 0.226408 0.226882 0.227395 0.227947 0.228534 0.229155 0.229806 0.230487 0.231192 0.231922 0.23267 0.233437 0.234216 0.235008 0.235807 0.236611 0.237416 0.238221 0.23902 0.239811 0.240591 0.241358 0.242106 0.242835 0.243541 0.244222 0.244873 0.245494 0.246081 0.246633 0.247146 0.247619 0.248051 0.248439 0.248782 0.249079 0.249327 0.249528 0.249679 0.24978 0.24983 0.24983 0.24978 0.249679 0.249528 0.249327 0.249079 0.248782 0.248439 0.248051 0.247619 0.247146 0.246633 0.246081 0.245494 0.244873 0.244222 0.243541 0.242835 0.242106 0.241358 0.240591 0.239811 0.23902 0.238221 0.237416 0.236611 0.235807 0.235008 0.234216 0.233437 0.23267 0.231922 0.231192 0.230487 0.229806 0.229155 0.228534 0.227947 0.227395 0.226882 0.226408 0.225977 0.225589 0.225246 0.224949 0.2247 0.2245 0.224349 0.224248 0.224197 
0.224446 0.224496 0.224597 0.224749 0.224949 0.225198 0.225495 0.225839 0.226227 0.226659 0.227133 0.227647 0.228199 0.228787 0.229408 0.230061 0.230742 0.231449 0.232178 0.232928 0.233695 0.234476 0.235268 0.236069 0.236873 0.23768 0.238484 0.239285 0.240076 0.240858 0.241625 0.242375 0.243104 0.243811 0.244492 0.245144 0.245765 0.246354 0.246905 0.24742 0.247893 0.248326 0.248714 0.249058 0.249354 0.249604 0.249804 0.249955 0.250056 0.250107 0.250107 0.250056 0.249955 0.249804 0.249604 0.249354 0.249058 0.248714 0.248326 0.247893 0.24742 0.246905 0.246354 0.245765 0.245144 0.244492 0.243811 0.243104 0.242375 0.241625 0.240858 0.240076 0.239285 0.238484 0.23768 0.236873 0.236069 0.235268 0.234476 0.233695 0.232928 0.232178 0.231449 0.230742 0.230061 0.229408 0.228787 0.228199 0.227647 0.227133 0.226659 0.226227 0.225839 0.225495 0.225198 0.224949 0.224749 0.224597 0.224496 0.224446 
0.224742 0.224792 0.224894 0.225045 0.225246 0.225495 0.225793 0.226136 0.226525 0.226958 0.227433 0.227947 0.2285 0.229089 0.229711 0.230364 0.231046 0.231753 0.232485 0.233235 0.234003 0.234785 0.235579 0.236379 0.237186 0.237993 0.238799 0.2396 0.240393 0.241175 0.241943 0.242694 0.243425 0.244132 0.244814 0.245467 0.24609 0.246678 0.247231 0.247745 0.24822 0.248653 0.249042 0.249386 0.249683 0.249933 0.250133 0.250285 0.250386 0.250437 0.250437 0.250386 0.250285 0.250133 0.249933 0.249683 0.249386 0.249042 0.248653 0.24822 0.247745 0.247231 0.246678 0.24609 0.245467 0.244814 0.244132 0.243425 0.242694 0.241943 0.241175 0.240393 0.2396 0.238799 0.237993 0.237186 0.236379 0.235579 0.234785 0.234003 0.233235 0.232485 0.231753 0.231046 0.230364 0.229711 0.229089 0.2285 0.227947 0.227433 0.226958 0.226525 0.226136 0.225793 0.225495 0.225246 0.225045 0.224894 0.224792 0.224742 
0.225084 0.225135 0.225236 0.225388 0.225589 0.225839 0.226136 0.226481 0.22687 0.227304 0.227779 0.228295 0.228848 0.229438 0.23006 0.230715 0.231398 0.232107 0.232838 0.23359 0.234359 0.235143 0.235937 0.23674 0.237546 0.238356 0.239162 0.239965 0.240759 0.241543 0.242311 0.243064 0.243795 0.244504 0.245186 0.245841 0.246464 0.247054 0.247607 0.248123 0.248598 0.249032 0.249421 0.249766 0.250063 0.250313 0.250514 0.250666 0.250767 0.250818 0.250818 0.250767 0.250666 0.250514 0.250313 0.250063 0.249766 0.249421 0.249032 0.248598 0.248123 0.247607 0.247054 0.246464 0.245841 0.245186 0.244504 0.243795 0.243064 0.242311 0.241543 0.240759 0.239965 0.239162 0.238356 0.237546 0.23674 0.235937 0.235143 0.234359 0.23359 0.232838 0.232107 0.231398 0.230715 0.23006 0.229438 0.228848 0.228295 0.227779 0.227304 0.22687 0.226481 0.226136 0.225839 0.225589 0.225388 0.225236 0.225135 0.225084 
0.225471 0.225522 0.225624 0.225775 0.225977 0.226227 0.226525 0.22687 0.227261 0.227694 0.228171 0.228687 0.229242 0.229832 0.230457 0.231112 0.231796 0.232505 0.233239 0.233992 0.234763 0.235547 0.236343 0.237146 0.237955 0.238765 0.239574 0.240377 0.241174 0.241957 0.242729 0.243481 0.244215 0.244924 0.245609 0.246264 0.246888 0.247478 0.248033 0.248549 0.249026 0.24946 0.24985 0.250195 0.250493 0.250743 0.250945 0.251097 0.251198 0.251249 0.251249 0.251198 0.251097 0.250945 0.250743 0.250493 0.250195 0.24985 0.24946 0.249026 0.248549 0.248033 0.247478 0.246888 0.246264 0.245609 0.244924 0.244215 0.243481 0.242729 0.241957 0.241174 0.240377 0.239574 0.238765 0.237955 0.237146 0.236343 0.235547 0.234763 0.233992 0.233239 0.232505 0.231796 0.231112 0.230457 0.229832 0.229242 0.228687 0.228171 0.227694 0.227261 0.22687 0.226525 0.226227 0.225977 0.225775 0.225624 0.225522 0.225471 
0.225902 0.225953 0.226054 0.226207 0.226408 0.226659 0.226958 0.227304 0.227694 0.22813 0.228606 0.229124 0.229679 0.230272 0.230896 0.231554 0.232238 0.23295 0.233684 0.234439 0.23521 0.235997 0.236794 0.2376 0.238409 0.239222 0.240031 0.240837 0.241633 0.24242 0.243191 0.243947 0.244681 0.245392 0.246077 0.246734 0.247359 0.247951 0.248506 0.249024 0.249501 0.249936 0.250327 0.250673 0.250971 0.251222 0.251424 0.251576 0.251678 0.251729 0.251729 0.251678 0.251576 0.251424 0.251222 0.250971 0.250673 0.250327 0.249936 0.249501 0.249024 0.248506 0.247951 0.247359 0.246734 0.246077 0.245392 0.244681 0.243947 0.243191 0.24242 0.241633 0.240837 0.240031 0.239222 0.238409 0.2376 0.236794 0.235997 0.23521 0.234439 0.233684 0.23295 0.232238 0.231554 0.230896 0.230272 0.229679 0.229124 0.228606 0.22813 0.227694 0.227304 0.226958 0.226659 0.226408 0.226207 0.226054 0.225953 0.225902 
0.226374 0.226425 0.226527 0.22668 0.226882 0.227133 0.227433 0.227779 0.228171 0.228606 0.229085 0.229603 0.23016 0.230752 0.23138 0.232037 0.232725 0.233437 0.234173 0.234929 0.235703 0.23649 0.23729 0.238096 0.238908 0.239721 0.240534 0.24134 0.242139 0.242926 0.243701 0.244456 0.245193 0.245905 0.246592 0.24725 0.247877 0.248469 0.249027 0.249544 0.250023 0.250458 0.250851 0.251197 0.251496 0.251747 0.25195 0.252102 0.252204 0.252255 0.252255 0.252204 0.252102 0.25195 0.251747 0.251496 0.251197 0.250851 0.250458 0.250023 0.249544 0.249027 0.248469 0.247877 0.24725 0.246592 0.245905 0.245193 0.244456 0.243701 0.242926 0.242139 0.24134 0.240534 0.239721 0.238908 0.238096 0.23729 0.23649 0.235703 0.234929 0.234173 0.233437 0.232725 0.232037 0.23138 0.230752 0.23016 0.229603 0.229085 0.228606 0.228171 0.227779 0.227433 0.227133 0.226882 0.22668 0.226527 0.226425 0.226374 
0.226887 0.226938 0.22704 0.227193 0.227395 0.227647 0.227947 0.228295 0.228687 0.229124 0.229603 0.230123 0.23068 0.231275 0.231903 0.232563 0.23325 0.233966 0.234702 0.235461 0.236236 0.237026 0.237826 0.238636 0.239448 0.240264 0.241077 0.241887 0.242686 0.243477 0.244251 0.24501 0.245747 0.246462 0.247149 0.24781 0.248437 0.249032 0.249589 0.25011 0.250588 0.251025 0.251418 0.251765 0.252065 0.252317 0.25252 0.252673 0.252775 0.252826 0.252826 0.252775 0.252673 0.25252 0.252317 0.252065 0.251765 0.251418 0.251025 0.250588 0.25011 0.249589 0.249032 0.248437 0.24781 0.247149 0.246462 0.245747 0.24501 0.244251 0.243477 0.242686 0.241887 0.241077 0.240264 0.239448 0.238636 0.237826 0.237026 0.236236 0.235461 0.234702 0.233966 0.23325 0.232563 0.231903 0.231275 0.23068 0.230123 0.229603 0.229124 0.228687 0.228295 0.227947 0.227647 0.227395 0.227193 0.22704 0.226938 0.226887 
0.227437 0.227488 0.227591 0.227743 0.227947 0.228199 0.2285 0.228848 0.229242 0.229679 0.23016 0.23068 0.23124 0.231835 0.232466 0.233126 0.233817 0.234532 0.235272 0.236031 0.236809 0.2376 0.238403 0.239213 0.24003 0.240846 0.241662 0.242472 0.243276 0.244066 0.244844 0.245603 0.246343 0.247059 0.247749 0.24841 0.24904 0.249635 0.250195 0.250715 0.251196 0.251634 0.252028 0.252375 0.252676 0.252929 0.253132 0.253285 0.253388 0.253439 0.253439 0.253388 0.253285 0.253132 0.252929 0.252676 0.252375 0.252028 0.251634 0.251196 0.250715 0.250195 0.249635 0.24904 0.24841 0.247749 0.247059 0.246343 0.245603 0.244844 0.244066 0.243276 0.242472 0.241662 0.240846 0.24003 0.239213 0.238403 0.2376 0.236809 0.236031 0.235272 0.234532 0.233817 0.233126 0.232466 0.231835 0.23124 0.23068 0.23016 0.229679 0.229242 0.228848 0.2285 0.228199 0.227947 0.227743 0.227591 0.227488 0.227437 
0.228023 0.228074 0.228177 0.22833 0.228534 0.228787 0.229089 0.229438 0.229832 0.230272 0.230752 0.231275 0.231835 0.232433 0.233064 0.233727 0.234418 0.235137 0.235877 0.23664 0.237418 0.238213 0.239016 0.23983 0.240647 0.241467 0.242284 0.243098 0.243901 0.244696 0.245474 0.246237 0.246977 0.247696 0.248387 0.24905 0.249681 0.250279 0.250839 0.251362 0.251843 0.252282 0.252676 0.253026 0.253327 0.25358 0.253784 0.253937 0.25404 0.254091 0.254091 0.25404 0.253937 0.253784 0.25358 0.253327 0.253026 0.252676 0.252282 0.251843 0.251362 0.250839 0.250279 0.249681 0.24905 0.248387 0.247696 0.246977 0.246237 0.245474 0.244696 0.243901 0.243098 0.242284 0.241467 0.240647 0.23983 0.239016 0.238213 0.237418 0.23664 0.235877 0.235137 0.234418 0.233727 0.233064 0.232433 0.231835 0.231275 0.230752 0.230272 0.229832 0.229438 0.229089 0.228787 0.228534 0.22833 0.228177 0.228074 0.228023 
0.228642 0.228693 0.228797 0.22895 0.229155 0.229408 0.229711 0.23006 0.230457 0.230896 0.23138 0.231903 0.232466 0.233064 0.233698 0.234361 0.235056 0.235775 0.236519 0.237282 0.238064 0.238859 0.239667 0.24048 0.241301 0.242122 0.242943 0.243757 0.244565 0.245359 0.246142 0.246904 0.247649 0.248367 0.249062 0.249726 0.250359 0.250957 0.251521 0.252043 0.252527 0.252966 0.253363 0.253712 0.254015 0.254268 0.254473 0.254627 0.25473 0.254781 0.254781 0.25473 0.254627 0.254473 0.254268 0.254015 0.253712 0.253363 0.252966 0.252527 0.252043 0.251521 0.250957 0.250359 0.249726 0.249062 0.248367 0.247649 0.246904 0.246142 0.245359 0.244565 0.243757 0.242943 0.242122 0.241301 0.24048 0.239667 0.238859 0.238064 0.237282 0.236519 0.235775 0.235056 0.234361 0.233698 0.233064 0.232466 0.231903 0.23138 0.230896 0.230457 0.23006 0.229711 0.229408 0.229155 0.22895 0.228797 0.228693 0.228642 
0.229292 0.229344 0.229447 0.229602 0.229806 0.230061 0.230364 0.230715 0.231112 0.231554 0.232037 0.232563 0.233126 0.233727 0.234361 0.235029 0.235723 0.236446 0.23719 0.237958 0.23874 0.239539 0.240347 0.241165 0.241986 0.242811 0.243632 0.244451 0.245259 0.246058 0.24684 0.247607 0.248352 0.249075 0.249769 0.250437 0.25107 0.251672 0.252235 0.252761 0.253244 0.253686 0.254083 0.254434 0.254737 0.254992 0.255196 0.255351 0.255454 0.255506 0.255506 0.255454 0.255351 0.255196 0.254992 0.254737 0.254434 0.254083 0.253686 0.253244 0.252761 0.252235 0.251672 0.25107 0.250437 0.249769 0.249075 0.248352 0.247607 0.24684 0.246058 0.245259 0.244451 0.243632 0.242811 0.241986 0.241165 0.240347 0.239539 0.23874 0.237958 0.23719 0.236446 0.235723 0.235029 0.234361 0.233727 0.233126 0.232563 0.232037 0.231554 0.231112 0.230715 0.230364 0.230061 0.229806 0.229602 0.229447 0.229344 0.229292 
0.229971 0.230023 0.230126 0.230281 0.230487 0.230742 0.231046 0.231398 0.231796 0.232238 0.232725 0.23325 0.233817 0.234418 0.235056 0.235723 0.236422 0.237145 0.237894 0.238661 0.239448 0.240247 0.241059 0.241878 0.242704 0.243529 0.244355 0.245173 0.245986 0.246785 0.247572 0.248339 0.249088 0.249811 0.250509 0.251177 0.251814 0.252416 0.252982 0.253508 0.253994 0.254436 0.254835 0.255186 0.255491 0.255746 0.255951 0.256106 0.25621 0.256262 0.256262 0.25621 0.256106 0.255951 0.255746 0.255491 0.255186 0.254835 0.254436 0.253994 0.253508 0.252982 0.252416 0.251814 0.251177 0.250509 0.249811 0.249088 0.248339 0.247572 0.246785 0.245986 0.245173 0.244355 0.243529 0.242704 0.241878 0.241059 0.240247 0.239448 0.238661 0.237894 0.237145 0.236422 0.235723 0.235056 0.234418 0.233817 0.23325 0.232725 0.232238 0.231796 0.231398 0.231046 0.230742 0.230487 0.230281 0.230126 0.230023 0.229971 
0.230675 0.230727 0.230831 0.230986 0.231192 0.231449 0.231753 0.232107 0.232505 0.23295 0.233437 0.233966 0.234532 0.235137 0.235775 0.236446 0.237145 0.237872 0.238621 0.239393 0.24018 0.240984 0.241796 0.24262 0.243446 0.244276 0.245101 0.245925 0.246738 0.247542 0.248329 0.2491 0.249849 0.250576 0.251275 0.251947 0.252584 0.253189 0.253756 0.254285 0.254771 0.255216 0.255615 0.255968 0.256273 0.256529 0.256735 0.25689 0.256994 0.257046 0.257046 0.256994 0.25689 0.256735 0.256529 0.256273 0.255968 0.255615 0.255216 0.254771 0.254285 0.253756 0.253189 0.252584 0.251947 0.251275 0.250576 0.249849 0.2491 0.248329 0.247542 0.246738 0.245925 0.245101 0.244276 0.243446 0.24262 0.241796 0.240984 0.24018 0.239393 0.238621 0.237872 0.237145 0.236446 0.235775 0.235137 0.234532 0.233966 0.233437 0.23295 0.232505 0.232107 0.231753 0.231449 0.231192 0.230986 0.230831 0.230727 0.230675 
0.231402 0.231455 0.231559 0.231714 0.231922 0.232178 0.232485 0.232838 0.233239 0.233684 0.234173 0.234702 0.235272 0.235877 0.236519 0.23719 0.237894 0.238621 0.239374 0.240146 0.240938 0.241742 0.24256 0.243383 0.244214 0.245044 0.245875 0.246699 0.247517 0.248321 0.249113 0.249884 0.250638 0.251365 0.252068 0.25274 0.253381 0.253986 0.254556 0.255085 0.255575 0.25602 0.256421 0.256774 0.257081 0.257337 0.257544 0.2577 0.257804 0.257856 0.257856 0.257804 0.2577 0.257544 0.257337 0.257081 0.256774 0.256421 0.25602 0.255575 0.255085 0.254556 0.253986 0.253381 0.25274 0.252068 0.251365 0.250638 0.249884 0.249113 0.248321 0.247517 0.246699 0.245875 0.245044 0.244214 0.243383 0.24256 0.241742 0.240938 0.240146 0.239374 0.238621 0.237894 0.23719 0.236519 0.235877 0.235272 0.234702 0.234173 0.233684 0.233239 0.232838 0.232485 0.232178 0.231922 0.231714 0.231559 0.231455 0.231402 
0.23215 0.232202 0.232307 0.232463 0.23267 0.232928 0.233235 0.23359 0.233992 0.234439 0.234929 0.235461 0.236031 0.23664 0.237282 0.237958 0.238661 0.239393 0.240146 0.240923 0.241715 0.242524 0.243342 0.244171 0.245002 0.245837 0.246668 0.247497 0.248315 0.249124 0.249916 0.250692 0.251446 0.252178 0.252881 0.253557 0.254198 0.254807 0.255377 0.25591 0.256399 0.256847 0.257248 0.257604 0.25791 0.258168 0.258375 0.258532 0.258636 0.258689 0.258689 0.258636 0.258532 0.258375 0.258168 0.25791 0.257604 0.257248 0.256847 0.256399 0.25591 0.255377 0.254807 0.254198 0.253557 0.252881 0.252178 0.251446 0.250692 0.249916 0.249124 0.248315 0.247497 0.246668 0.245837 0.245002 0.244171 0.243342 0.242524 0.241715 0.240923 0.240146 0.239393 0.238661 0.237958 0.237282 0.23664 0.236031 0.235461 0.234929 0.234439 0.233992 0.23359 0.233235 0.232928 0.23267 0.232463 0.232307 0.232202 0.23215 
0.232914 0.232967 0.233072 0.233228 0.233437 0.233695 0.234003 0.234359 0.234763 0.23521 0.235703 0.236236 0.236809 0.237418 0.238064 0.23874 0.239448 0.24018 0.240938 0.241715 0.242512 0.243321 0.244144 0.244973 0.245809 0.246645 0.247481 0.24831 0.249133 0.249943 0.25074 0.251516 0.252275 0.253007 0.253714 0.25439 0.255036 0.255645 0.256219 0.256751 0.257244 0.257692 0.258095 0.258451 0.25876 0.259018 0.259226 0.259383 0.259488 0.25954 0.25954 0.259488 0.259383 0.259226 0.259018 0.25876 0.258451 0.258095 0.257692 0.257244 0.256751 0.256219 0.255645 0.255036 0.25439 0.253714 0.253007 0.252275 0.251516 0.25074 0.249943 0.249133 0.24831 0.247481 0.246645 0.245809 0.244973 0.244144 0.243321 0.242512 0.241715 0.240938 0.24018 0.239448 0.23874 0.238064 0.237418 0.236809 0.236236 0.235703 0.23521 0.234763 0.234359 0.234003 0.233695 0.233437 0.233228 0.233072 0.232967 0.232914 
0.233693 0.233745 0.23385 0.234008 0.234216 0.234476 0.234785 0.235143 0.235547 0.235997 0.23649 0.237026 0.2376 0.238213 0.238859 0.239539 0.240247 0.240984 0.241742 0.242524 0.243321 0.244135 0.244959 0.245793 0.24663 0.247471 0.248307 0.249141 0.249965 0.250779 0.251576 0.252358 0.253117 0.253853 0.254561 0.255241 0.255887 0.2565 0.257074 0.25761 0.258103 0.258553 0.258957 0.259315 0.259624 0.259884 0.260092 0.26025 0.260355 0.260407 0.260407 0.260355 0.26025 0.260092 0.259884 0.259624 0.259315 0.258957 0.258553 0.258103 0.25761 0.257074 0.2565 0.255887 0.255241 0.254561 0.253853 0.253117 0.252358 0.251576 0.250779 0.249965 0.249141 0.248307 0.247471 0.24663 0.245793 0.244959 0.244135 0.243321 0.242524 0.241742 0.240984 0.240247 0.239539 0.238859 0.238213 0.2376 0.237026 0.23649 0.235997 0.235547 0.235143 0.234785 0.234476 0.234216 0.234008 0.23385 0.233745 0.233693 
0.234482 0.234535 0.234641 0.234798 0.235008 0.235268 0.235579 0.235937 0.236343 0.236794 0.23729 0.237826 0.238403 0.239016 0.239667 0.240347 0.241059 0.241796 0.24256 0.243342 0.244144 0.244959 0.245788 0.246622 0.247464 0.248305 0.249147 0.249981 0.25081 0.251625 0.252427 0.253209 0.253973 0.25471 0.255422 0.256102 0.256753 0.257366 0.257943 0.258479 0.258975 0.259426 0.259832 0.26019 0.260501 0.260761 0.260971 0.261128 0.261234 0.261287 0.261287 0.261234 0.261128 0.260971 0.260761 0.260501 0.26019 0.259832 0.259426 0.258975 0.258479 0.257943 0.257366 0.256753 0.256102 0.255422 0.25471 0.253973 0.253209 0.252427 0.251625 0.25081 0.249981 0.249147 0.248305 0.247464 0.246622 0.245788 0.244959 0.244144 0.243342 0.24256 0.241796 0.241059 0.240347 0.239667 0.239016 0.238403 0.237826 0.23729 0.236794 0.236343 0.235937 0.235579 0.235268 0.235008 0.234798 0.234641 0.234535 0.234482 
0.23528 0.235333 0.235438 0.235597 0.235807 0.236069 0.236379 0.23674 0.237146 0.2376 0.238096 0.238636 0.239213 0.23983 0.24048 0.241165 0.241878 0.24262 0.243383 0.244171 0.244973 0.245793 0.246622 0.247462 0.248304 0.249151 0.249993 0.250833 0.251662 0.252482 0.253284 0.254071 0.254835 0.255577 0.256289 0.256974 0.257624 0.258242 0.258819 0.259359 0.259855 0.260309 0.260715 0.261076 0.261386 0.261648 0.261858 0.262016 0.262122 0.262175 0.262175 0.262122 0.262016 0.261858 0.261648 0.261386 0.261076 0.260715 0.260309 0.259855 0.259359 0.258819 0.258242 0.257624 0.256974 0.256289 0.255577 0.254835 0.254071 0.253284 0.252482 0.251662 0.250833 0.249993 0.249151 0.248304 0.247462 0.246622 0.245793 0.244973 0.244171 0.243383 0.24262 0.241878 0.241165 0.24048 0.23983 0.239213 0.238636 0.238096 0.2376 0.237146 0.23674 0.236379 0.236069 0.235807 0.235597 0.235438 0.235333 0.23528 
0.236082 0.236135 0.236241 0.2364 0.236611 0.236873 0.237186 0.237546 0.237955 0.238409 0.238908 0.239448 0.24003 0.240647 0.241301 0.241986 0.242704 0.243446 0.244214 0.245002 0.245809 0.24663 0.247464 0.248304 0.249152 0.249999 0.250846 0.251686 0.252521 0.253341 0.254149 0.254936 0.255705 0.256447 0.257164 0.257849 0.258504 0.259121 0.259702 0.260242 0.260741 0.261195 0.261604 0.261965 0.262278 0.262539 0.26275 0.262909 0.263016 0.263069 0.263069 0.263016 0.262909 0.26275 0.262539 0.262278 0.261965 0.261604 0.261195 0.260741 0.260242 0.259702 0.259121 0.258504 0.257849 0.257164 0.256447 0.255705 0.254936 0.254149 0.253341 0.252521 0.251686 0.250846 0.249999 0.249152 0.248304 0.247464 0.24663 0.245809 0.245002 0.244214 0.243446 0.242704 0.241986 0.241301 0.240647 0.24003 0.239448 0.238908 0.238409 0.237955 0.237546 0.237186 0.236873 0.236611 0.2364 0.236241 0.236135 0.236082 
0.236885 0.236939 0.237045 0.237205 0.237416 0.23768 0.237993 0.238356 0.238765 0.239222 0.239721 0.240264 0.240846 0.241467 0.242122 0.242811 0.243529 0.244276 0.245044 0.245837 0.246645 0.247471 0.248305 0.249151 0.249999 0.250851 0.251699 0.252545 0.253379 0.254205 0.255013 0.255805 0.256574 0.257321 0.258038 0.258728 0.259382 0.260004 0.260585 0.261129 0.261628 0.262085 0.262494 0.262857 0.26317 0.263433 0.263644 0.263804 0.263911 0.263964 0.263964 0.263911 0.263804 0.263644 0.263433 0.26317 0.262857 0.262494 0.262085 0.261628 0.261129 0.260585 0.260004 0.259382 0.258728 0.258038 0.257321 0.256574 0.255805 0.255013 0.254205 0.253379 0.252545 0.251699 0.250851 0.249999 0.249151 0.248305 0.247471 0.246645 0.245837 0.245044 0.244276 0.243529 0.242811 0.242122 0.241467 0.240846 0.240264 0.239721 0.239222 0.238765 0.238356 0.237993 0.23768 0.237416 0.237205 0.237045 0.236939 0.236885 
0.237688 0.237741 0.237848 0.238008 0.238221 0.238484 0.238799 0.239162 0.239574 0.240031 0.240534 0.241077 0.241662 0.242284 0.242943 0.243632 0.244355 0.245101 0.245875 0.246668 0.247481 0.248307 0.249147 0.249993 0.250846 0.251699 0.252552 0.253398 0.254238 0.255064 0.255877 0.25667 0.257444 0.258191 0.258913 0.259603 0.260262 0.260883 0.261468 0.262012 0.262514 0.262971 0.263383 0.263746 0.264061 0.264324 0.264537 0.264697 0.264804 0.264858 0.264858 0.264804 0.264697 0.264537 0.264324 0.264061 0.263746 0.263383 0.262971 0.262514 0.262012 0.261468 0.260883 0.260262 0.259603 0.258913 0.258191 0.257444 0.25667 0.255877 0.255064 0.254238 0.253398 0.252552 0.251699 0.250846 0.249993 0.249147 0.248307 0.247481 0.246668 0.245875 0.245101 0.244355 0.243632 0.242943 0.242284 0.241662 0.241077 0.240534 0.240031 0.239574 0.239162 0.238799 0.238484 0.238221 0.238008 0.237848 0.237741 0.237688 
0.238485 0.238539 0.238646 0.238807 0.23902 0.239285 0.2396 0.239965 0.240377 0.240837 0.24134 0.241887 0.242472 0.243098 0.243757 0.244451 0.245173 0.245925 0.246699 0.247497 0.24831 0.249141 0.249981 0.250833 0.251686 0.252545 0.253398 0.254249 0.25509 0.255921 0.256734 0.257532 0.258306 0.259058 0.25978 0.260474 0.261133 0.261759 0.262344 0.262891 0.263394 0.263854 0.264266 0.264631 0.264946 0.265211 0.265424 0.265585 0.265692 0.265746 0.265746 0.265692 0.265585 0.265424 0.265211 0.264946 0.264631 0.264266 0.263854 0.263394 0.262891 0.262344 0.261759 0.261133 0.260474 0.25978 0.259058 0.258306 0.257532 0.256734 0.255921 0.25509 0.254249 0.253398 0.252545 0.251686 0.250833 0.249981 0.249141 0.24831 0.247497 0.246699 0.245925 0.245173 0.244451 0.243757 0.243098 0.242472 0.241887 0.24134 0.240837 0.240377 0.239965 0.2396 0.239285 0.23902 0.238807 0.238646 0.238539 0.238485 
0.239275 0.239328 0.239436 0.239597 0.239811 0.240076 0.240393 0.240759 0.241174 0.241633 0.242139 0.242686 0.243276 0.243901 0.244565 0.245259 0.245986 0.246738 0.247517 0.248315 0.249133 0.249965 0.25081 0.251662 0.252521 0.253379 0.254238 0.25509 0.255935 0.256766 0.257585 0.258383 0.259162 0.259914 0.260641 0.261335 0.261999 0.262624 0.263214 0.263761 0.264267 0.264726 0.265141 0.265507 0.265823 0.266089 0.266303 0.266464 0.266571 0.266625 0.266625 0.266571 0.266464 0.266303 0.266089 0.265823 0.265507 0.265141 0.264726 0.264267 0.263761 0.263214 0.262624 0.261999 0.261335 0.260641 0.259914 0.259162 0.258383 0.257585 0.256766 0.255935 0.25509 0.254238 0.253379 0.252521 0.251662 0.25081 0.249965 0.249133 0.248315 0.247517 0.246738 0.245986 0.245259 0.244565 0.243901 0.243276 0.242686 0.242139 0.241633 0.241174 0.240759 0.240393 0.240076 0.239811 0.239597 0.239436 0.239328 0.239275 
0.240053 0.240107 0.240215 0.240377 0.240591 0.240858 0.241175 0.241543 0.241957 0.24242 0.242926 0.243477 0.244066 0.244696 0.245359 0.246058 0.246785 0.247542 0.248321 0.249124 0.249943 0.250779 0.251625 0.252482 0.253341 0.254205 0.255064 0.255921 0.256766 0.257603 0.258422 0.259225 0.260004 0.260761 0.261488 0.262186 0.26285 0.263479 0.264069 0.264619 0.265125 0.265588 0.266003 0.266371 0.266688 0.266954 0.267169 0.26733 0.267438 0.267493 0.267493 0.267438 0.26733 0.267169 0.266954 0.266688 0.266371 0.266003 0.265588 0.265125 0.264619 0.264069 0.263479 0.26285 0.262186 0.261488 0.260761 0.260004 0.259225 0.258422 0.257603 0.256766 0.255921 0.255064 0.254205 0.253341 0.252482 0.251625 0.250779 0.249943 0.249124 0.248321 0.247542 0.246785 0.246058 0.245359 0.244696 0.244066 0.243477 0.242926 0.24242 0.241957 0.241543 0.241175 0.240858 0.240591 0.240377 0.240215 0.240107 0.240053 
0.240818 0.240872 0.24098 0.241142 0.241358 0.241625 0.241943 0.242311 0.242729 0.243191 0.243701 0.244251 0.244844 0.245474 0.246142 0.24684 0.247572 0.248329 0.249113 0.249916 0.25074 0.251576 0.252427 0.253284 0.254149 0.255013 0.255877 0.256734 0.257585 0.258422 0.259246 0.260049 0.260833 0.26159 0.262321 0.26302 0.263688 0.264317 0.26491 0.265461 0.26597 0.266433 0.26685 0.267218 0.267537 0.267804 0.268019 0.268181 0.26829 0.268344 0.268344 0.26829 0.268181 0.268019 0.267804 0.267537 0.267218 0.26685 0.266433 0.26597 0.265461 0.26491 0.264317 0.263688 0.26302 0.262321 0.26159 0.260833 0.260049 0.259246 0.258422 0.257585 0.256734 0.255877 0.255013 0.254149 0.253284 0.252427 0.251576 0.25074 0.249916 0.249113 0.248329 0.247572 0.24684 0.246142 0.245474 0.244844 0.244251 0.243701 0.243191 0.242729 0.242311 0.241943 0.241625 0.241358 0.241142 0.24098 0.240872 0.240818 
0.241565 0.241619 0.241728 0.241891 0.242106 0.242375 0.242694 0.243064 0.243481 0.243947 0.244456 0.24501 0.245603 0.246237 0.246904 0.247607 0.248339 0.2491 0.249884 0.250692 0.251516 0.252358 0.253209 0.254071 0.254936 0.255805 0.25667 0.257532 0.258383 0.259225 0.260049 0.260857 0.261641 0.262402 0.263134 0.263837 0.264505 0.265138 0.265731 0.266285 0.266794 0.26726 0.267678 0.268048 0.268367 0.268635 0.268851 0.269013 0.269122 0.269177 0.269177 0.269122 0.269013 0.268851 0.268635 0.268367 0.268048 0.267678 0.26726 0.266794 0.266285 0.265731 0.265138 0.264505 0.263837 0.263134 0.262402 0.261641 0.260857 0.260049 0.259225 0.258383 0.257532 0.25667 0.255805 0.254936 0.254071 0.253209 0.252358 0.251516 0.250692 0.249884 0.2491 0.248339 0.247607 0.246904 0.246237 0.245603 0.24501 0.244456 0.243947 0.243481 0.243064 0.242694 0.242375 0.242106 0.241891 0.241728 0.241619 0.241565 
0.242292 0.242347 0.242456 0.242619 0.242835 0.243104 0.243425 0.243795 0.244215 0.244681 0.245193 0.245747 0.246343 0.246977 0.247649 0.248352 0.249088 0.249849 0.250638 0.251446 0.252275 0.253117 0.253973 0.254835 0.255705 0.256574 0.257444 0.258306 0.259162 0.260004 0.260833 0.261641 0.26243 0.263191 0.263927 0.26463 0.265302 0.265935 0.266532 0.267086 0.267598 0.268064 0.268484 0.268854 0.269175 0.269443 0.26966 0.269823 0.269932 0.269987 0.269987 0.269932 0.269823 0.26966 0.269443 0.269175 0.268854 0.268484 0.268064 0.267598 0.267086 0.266532 0.265935 0.265302 0.26463 0.263927 0.263191 0.26243 0.261641 0.260833 0.260004 0.259162 0.258306 0.257444 0.256574 0.255705 0.254835 0.253973 0.253117 0.252275 0.251446 0.250638 0.249849 0.249088 0.248352 0.247649 0.246977 0.246343 0.245747 0.245193 0.244681 0.244215 0.243795 0.243425 0.243104 0.242835 0.242619 0.242456 0.242347 0.242292 
0.242996 0.243051 0.24316 0.243324 0.243541 0.243811 0.244132 0.244504 0.244924 0.245392 0.245905 0.246462 0.247059 0.247696 0.248367 0.249075 0.249811 0.250576 0.251365 0.252178 0.253007 0.253853 0.25471 0.255577 0.256447 0.257321 0.258191 0.259058 0.259914 0.260761 0.26159 0.262402 0.263191 0.263957 0.264693 0.2654 0.266072 0.266709 0.267306 0.267863 0.268375 0.268843 0.269263 0.269636 0.269956 0.270227 0.270443 0.270607 0.270716 0.270771 0.270771 0.270716 0.270607 0.270443 0.270227 0.269956 0.269636 0.269263 0.268843 0.268375 0.267863 0.267306 0.266709 0.266072 0.2654 0.264693 0.263957 0.263191 0.262402 0.26159 0.260761 0.259914 0.259058 0.258191 0.257321 0.256447 0.255577 0.25471 0.253853 0.253007 0.252178 0.251365 0.250576 0.249811 0.249075 0.248367 0.247696 0.247059 0.246462 0.245905 0.245392 0.244924 0.244504 0.244132 0.243811 0.243541 0.243324 0.24316 0.243051 0.242996 
0.243675 0.24373 0.24384 0.244004 0.244222 0.244492 0.244814 0.245186 0.245609 0.246077 0.246592 0.247149 0.247749 0.248387 0.249062 0.249769 0.250509 0.251275 0.252068 0.252881 0.253714 0.254561 0.255422 0.256289 0.257164 0.258038 0.258913 0.25978 0.260641 0.261488 0.262321 0.263134 0.263927 0.264693 0.265433 0.26614 0.266816 0.267453 0.268053 0.26861 0.269125 0.269593 0.270016 0.270388 0.270711 0.270981 0.271199 0.271362 0.271472 0.271527 0.271527 0.271472 0.271362 0.271199 0.270981 0.270711 0.270388 0.270016 0.269593 0.269125 0.26861 0.268053 0.267453 0.266816 0.26614 0.265433 0.264693 0.263927 0.263134 0.262321 0.261488 0.260641 0.25978 0.258913 0.258038 0.257164 0.256289 0.255422 0.254561 0.253714 0.252881 0.252068 0.251275 0.250509 0.249769 0.249062 0.248387 0.247749 0.247149 0.246592 0.246077 0.245609 0.245186 0.244814 0.244492 0.244222 0.244004 0.24384 0.24373 0.243675 
0.244325 0.24438 0.24449 0.244655 0.244873 0.245144 0.245467 0.245841 0.246264 0.246734 0.24725 0.24781 0.24841 0.24905 0.249726 0.250437 0.251177 0.251947 0.25274 0.253557 0.25439 0.255241 0.256102 0.256974 0.257849 0.258728 0.259603 0.260474 0.261335 0.262186 0.26302 0.263837 0.26463 0.2654 0.26614 0.266851 0.267526 0.268167 0.268767 0.269327 0.269842 0.270313 0.270735 0.27111 0.271432 0.271704 0.271922 0.272086 0.272196 0.272252 0.272252 0.272196 0.272086 0.271922 0.271704 0.271432 0.27111 0.270735 0.270313 0.269842 0.269327 0.268767 0.268167 0.267526 0.266851 0.26614 0.2654 0.26463 0.263837 0.26302 0.262186 0.261335 0.260474 0.259603 0.258728 0.257849 0.256974 0.256102 0.255241 0.25439 0.253557 0.25274 0.251947 0.251177 0.250437 0.249726 0.24905 0.24841 0.24781 0.24725 0.246734 0.246264 0.245841 0.245467 0.245144 0.244873 0.244655 0.24449 0.24438 0.244325 
0.244945 0.245 0.24511 0.245275 0.245494 0.245765 0.24609 0.246464 0.246888 0.247359 0.247877 0.248437 0.24904 0.249681 0.250359 0.25107 0.251814 0.252584 0.253381 0.254198 0.255036 0.255887 0.256753 0.257624 0.258504 0.259382 0.260262 0.261133 0.261999 0.26285 0.263688 0.264505 0.265302 0.266072 0.266816 0.267526 0.268205 0.268846 0.269449 0.270009 0.270527 0.270998 0.271422 0.271796 0.27212 0.272392 0.272611 0.272776 0.272886 0.272941 0.272941 0.272886 0.272776 0.272611 0.272392 0.27212 0.271796 0.271422 0.270998 0.270527 0.270009 0.269449 0.268846 0.268205 0.267526 0.266816 0.266072 0.265302 0.264505 0.263688 0.26285 0.261999 0.261133 0.260262 0.259382 0.258504 0.257624 0.256753 0.255887 0.255036 0.254198 0.253381 0.252584 0.251814 0.25107 0.250359 0.249681 0.24904 0.248437 0.247877 0.247359 0.246888 0.246464 0.24609 0.245765 0.245494 0.245275 0.24511 0.245 0.244945 
0.24553 0.245586 0.245696 0.245862 0.246081 0.246354 0.246678 0.247054 0.247478 0.247951 0.248469 0.249032 0.249635 0.250279 0.250957 0.251672 0.252416 0.253189 0.253986 0.254807 0.255645 0.2565 0.257366 0.258242 0.259121 0.260004 0.260883 0.261759 0.262624 0.263479 0.264317 0.265138 0.265935 0.266709 0.267453 0.268167 0.268846 0.269489 0.270092 0.270655 0.271173 0.271646 0.272071 0.272447 0.272771 0.273044 0.273263 0.273428 0.273539 0.273594 0.273594 0.273539 0.273428 0.273263 0.273044 0.272771 0.272447 0.272071 0.271646 0.271173 0.270655 0.270092 0.269489 0.268846 0.268167 0.267453 0.266709 0.265935 0.265138 0.264317 0.263479 0.262624 0.261759 0.260883 0.260004 0.259121 0.258242 0.257366 0.2565 0.255645 0.254807 0.253986 0.253189 0.252416 0.251672 0.250957 0.250279 0.249635 0.249032 0.248469 0.247951 0.247478 0.247054 0.246678 0.246354 0.246081 0.245862 0.245696 0.245586 0.24553 
0.246081 0.246136 0.246247 0.246412 0.246633 0.246905 0.247231 0.247607 0.248033 0.248506 0.249027 0.249589 0.250195 0.250839 0.251521 0.252235 0.252982 0.253756 0.254556 0.255377 0.256219 0.257074 0.257943 0.258819 0.259702 0.260585 0.261468 0.262344 0.263214 0.264069 0.26491 0.265731 0.266532 0.267306 0.268053 0.268767 0.269449 0.270092 0.270698 0.271261 0.271781 0.272254 0.272681 0.273056 0.273382 0.273655 0.273875 0.274041 0.274151 0.274207 0.274207 0.274151 0.274041 0.273875 0.273655 0.273382 0.273056 0.272681 0.272254 0.271781 0.271261 0.270698 0.270092 0.269449 0.268767 0.268053 0.267306 0.266532 0.265731 0.26491 0.264069 0.263214 0.262344 0.261468 0.260585 0.259702 0.258819 0.257943 0.257074 0.256219 0.255377 0.254556 0.253756 0.252982 0.252235 0.251521 0.250839 0.250195 0.249589 0.249027 0.248506 0.248033 0.247607 0.247231 0.246905 0.246633 0.246412 0.246247 0.246136 0.246081 
0.246593 0.246649 0.24676 0.246926 0.247146 0.24742 0.247745 0.248123 0.248549 0.249024 0.249544 0.25011 0.250715 0.251362 0.252043 0.252761 0.253508 0.254285 0.255085 0.25591 0.256751 0.25761 0.258479 0.259359 0.260242 0.261129 0.262012 0.262891 0.263761 0.264619 0.265461 0.266285 0.267086 0.267863 0.26861 0.269327 0.270009 0.270655 0.271261 0.271826 0.272346 0.272821 0.273248 0.273625 0.273951 0.274225 0.274445 0.274611 0.274722 0.274778 0.274778 0.274722 0.274611 0.274445 0.274225 0.273951 0.273625 0.273248 0.272821 0.272346 0.271826 0.271261 0.270655 0.270009 0.269327 0.26861 0.267863 0.267086 0.266285 0.265461 0.264619 0.263761 0.262891 0.262012 0.261129 0.260242 0.259359 0.258479 0.25761 0.256751 0.25591 0.255085 0.254285 0.253508 0.252761 0.252043 0.251362 0.250715 0.25011 0.249544 0.249024 0.248549 0.248123 0.247745 0.24742 0.247146 0.246926 0.24676 0.246649 0.246593 
0.247065 0.247121 0.247232 0.247399 0.247619 0.247893 0.24822 0.248598 0.249026 0.249501 0.250023 0.250588 0.251196 0.251843 0.252527 0.253244 0.253994 0.254771 0.255575 0.256399 0.257244 0.258103 0.258975 0.259855 0.260741 0.261628 0.262514 0.263394 0.264267 0.265125 0.26597 0.266794 0.267598 0.268375 0.269125 0.269842 0.270527 0.271173 0.271781 0.272346 0.272868 0.273343 0.273771 0.274149 0.274476 0.27475 0.274971 0.275137 0.275248 0.275304 0.275304 0.275248 0.275137 0.274971 0.27475 0.274476 0.274149 0.273771 0.273343 0.272868 0.272346 0.271781 0.271173 0.270527 0.269842 0.269125 0.268375 0.267598 0.266794 0.26597 0.265125 0.264267 0.263394 0.262514 0.261628 0.260741 0.259855 0.258975 0.258103 0.257244 0.256399 0.255575 0.254771 0.253994 0.253244 0.252527 0.251843 0.251196 0.250588 0.250023 0.249501 0.249026 0.248598 0.24822 0.247893 0.247619 0.247399 0.247232 0.247121 0.247065 
0.247496 0.247552 0.247663 0.24783 0.248051 0.248326 0.248653 0.249032 0.24946 0.249936 0.250458 0.251025 0.251634 0.252282 0.252966 0.253686 0.254436 0.255216 0.25602 0.256847 0.257692 0.258553 0.259426 0.260309 0.261195 0.262085 0.262971 0.263854 0.264726 0.265588 0.266433 0.26726 0.268064 0.268843 0.269593 0.270313 0.270998 0.271646 0.272254 0.272821 0.273343 0.27382 0.274248 0.274627 0.274954 0.275229 0.27545 0.275616 0.275728 0.275784 0.275784 0.275728 0.275616 0.27545 0.275229 0.274954 0.274627 0.274248 0.27382 0.273343 0.272821 0.272254 0.271646 0.270998 0.270313 0.269593 0.268843 0.268064 0.26726 0.266433 0.265588 0.264726 0.263854 0.262971 0.262085 0.261195 0.260309 0.259426 0.258553 0.257692 0.256847 0.25602 0.255216 0.254436 0.253686 0.252966 0.252282 0.251634 0.251025 0.250458 0.249936 0.24946 0.249032 0.248653 0.248326 0.248051 0.24783 0.247663 0.247552 0.247496 
0.247883 0.247939 0.248051 0.248218 0.248439 0.248714 0.249042 0.249421 0.24985 0.250327 0.250851 0.251418 0.252028 0.252676 0.253363 0.254083 0.254835 0.255615 0.256421 0.257248 0.258095 0.258957 0.259832 0.260715 0.261604 0.262494 0.263383 0.264266 0.265141 0.266003 0.26685 0.267678 0.268484 0.269263 0.270016 0.270735 0.271422 0.272071 0.272681 0.273248 0.273771 0.274248 0.274677 0.275056 0.275384 0.275659 0.275881 0.276047 0.276159 0.276215 0.276215 0.276159 0.276047 0.275881 0.275659 0.275384 0.275056 0.274677 0.274248 0.273771 0.273248 0.272681 0.272071 0.271422 0.270735 0.270016 0.269263 0.268484 0.267678 0.26685 0.266003 0.265141 0.264266 0.263383 0.262494 0.261604 0.260715 0.259832 0.258957 0.258095 0.257248 0.256421 0.255615 0.254835 0.254083 0.253363 0.252676 0.252028 0.251418 0.250851 0.250327 0.24985 0.249421 0.249042 0.248714 0.248439 0.248218 0.248051 0.247939 0.247883 
0.248226 0.248282 0.248393 0.24856 0.248782 0.249058 0.249386 0.249766 0.250195 0.250673 0.251197 0.251765 0.252375 0.253026 0.253712 0.254434 0.255186 0.255968 0.256774 0.257604 0.258451 0.259315 0.26019 0.261076 0.261965 0.262857 0.263746 0.264631 0.265507 0.266371 0.267218 0.268048 0.268854 0.269636 0.270388 0.27111 0.271796 0.272447 0.273056 0.273625 0.274149 0.274627 0.275056 0.275436 0.275764 0.27604 0.276261 0.276428 0.27654 0.276596 0.276596 0.27654 0.276428 0.276261 0.27604 0.275764 0.275436 0.275056 0.274627 0.274149 0.273625 0.273056 0.272447 0.271796 0.27111 0.270388 0.269636 0.268854 0.268048 0.267218 0.266371 0.265507 0.264631 0.263746 0.262857 0.261965 0.261076 0.26019 0.259315 0.258451 0.257604 0.256774 0.255968 0.255186 0.254434 0.253712 0.253026 0.252375 0.251765 0.251197 0.250673 0.250195 0.249766 0.249386 0.249058 0.248782 0.24856 0.248393 0.248282 0.248226 
