0.0713025 0.0720108 0.0734283 0.0755566 0.0783977 0.081954 0.0862272 0.0912186 0.0969278 0.103352 0.110488 0.118325 0.126852 0.136052 0.145904 0.156379 0.167447 0.179068 0.191198 0.203788 0.216782 0.230121 0.243742 0.257575 0.271551 0.285597 0.29964 0.313607 0.327424 0.341021 0.354328 0.367282 0.37982 0.391886 0.40343 0.414404 0.424768 0.434486 0.44353 0.451873 0.459495 0.466382 0.472521 0.477903 0.482522 0.486374 0.489457 0.49177 0.493312 0.494083 0.494083 0.493312 0.49177 0.489457 0.486374 0.482522 0.477903 0.472521 0.466382 0.459495 0.451873 0.44353 0.434486 0.424768 0.414404 0.40343 0.391886 0.37982 0.367282 0.354328 0.341021 0.327424 0.313607 0.29964 0.285597 0.271551 0.257575 0.243742 0.230121 0.216782 0.203788 0.191198 0.179068 0.167447 0.156379 0.145904 0.136052 0.126852 0.118325 0.110488 0.103352 0.0969278 0.0912186 0.0862272 0.081954 0.0783977 0.0755566 0.0734283 0.0720108 0.0713025 
0.0720108 0.0727191 0.0741366 0.0762649 0.0791061 0.0826623 0.0869355 0.0919269 0.0976361 0.104061 0.111196 0.119033 0.12756 0.13676 0.146612 0.157088 0.168155 0.179776 0.191906 0.204496 0.217491 0.23083 0.24445 0.258283 0.272259 0.286306 0.300349 0.314315 0.328132 0.341729 0.355036 0.36799 0.380528 0.392595 0.404138 0.415112 0.425476 0.435195 0.444238 0.452581 0.460204 0.46709 0.473229 0.478611 0.48323 0.487082 0.490166 0.492478 0.494021 0.494792 0.494792 0.494021 0.492478 0.490166 0.487082 0.48323 0.478611 0.473229 0.46709 0.460204 0.452581 0.444238 0.435195 0.425476 0.415112 0.404138 0.392595 0.380528 0.36799 0.355036 0.341729 0.328132 0.314315 0.300349 0.286306 0.272259 0.258283 0.24445 0.23083 0.217491 0.204496 0.191906 0.179776 0.168155 0.157088 0.146612 0.13676 0.12756 0.119033 0.111196 0.104061 0.0976361 0.0919269 0.0869355 0.0826623 0.0791061 0.0762649 0.0741366 0.0727191 0.0720108 
0.0734283 0.0741366 0.0755541 0.0776824 0.0805236 0.0840798 0.088353 0.0933444 0.0990536 0.105478 0.112613 0.120451 0.128978 0.138178 0.148029 0.158505 0.169573 0.181194 0.193324 0.205914 0.218908 0.232247 0.245867 0.259701 0.273677 0.287723 0.301766 0.315733 0.32955 0.343146 0.356454 0.369407 0.381946 0.394012 0.405556 0.41653 0.426894 0.436612 0.445655 0.453998 0.461621 0.468508 0.474647 0.480028 0.484647 0.4885 0.491583 0.493896 0.495438 0.496209 0.496209 0.495438 0.493896 0.491583 0.4885 0.484647 0.480028 0.474647 0.468508 0.461621 0.453998 0.445655 0.436612 0.426894 0.41653 0.405556 0.394012 0.381946 0.369407 0.356454 0.343146 0.32955 0.315733 0.301766 0.287723 0.273677 0.259701 0.245867 0.232247 0.218908 0.205914 0.193324 0.181194 0.169573 0.158505 0.148029 0.138178 0.128978 0.120451 0.112613 0.105478 0.0990536 0.0933444 0.088353 0.0840798 0.0805236 0.0776824 0.0755541 0.0741366 0.0734283 
0.0755566 0.0762649 0.0776824 0.0798107 0.0826519 0.0862081 0.0904813 0.0954727 0.101182 0.107607 0.114742 0.122579 0.131106 0.140306 0.150158 0.160634 0.171701 0.183322 0.195452 0.208042 0.221036 0.234376 0.247996 0.261829 0.275805 0.289851 0.303895 0.317861 0.331678 0.345275 0.358582 0.371536 0.384074 0.396141 0.407684 0.418658 0.429022 0.438741 0.447784 0.456127 0.463749 0.470636 0.476775 0.482157 0.486776 0.490628 0.493711 0.496024 0.497566 0.498337 0.498337 0.497566 0.496024 0.493711 0.490628 0.486776 0.482157 0.476775 0.470636 0.463749 0.456127 0.447784 0.438741 0.429022 0.418658 0.407684 0.396141 0.384074 0.371536 0.358582 0.345275 0.331678 0.317861 0.303895 0.289851 0.275805 0.261829 0.247996 0.234376 0.221036 0.208042 0.195452 0.183322 0.171701 0.160634 0.150158 0.140306 0.131106 0.122579 0.114742 0.107607 0.101182 0.0954727 0.0904813 0.0862081 0.0826519 0.0798107 0.0776824 0.0762649 0.0755566 
0.0783977 0.0791061 0.0805236 0.0826519 0.085493 0.0890492 0.0933225 0.0983138 0.104023 0.110448 0.117583 0.12542 0.133947 0.143147 0.152999 0.163475 0.174542 0.186163 0.198293 0.210883 0.223877 0.237217 0.250837 0.26467 0.278646 0.292693 0.306736 0.320702 0.334519 0.348116 0.361423 0.374377 0.386915 0.398982 0.410525 0.421499 0.431863 0.441582 0.450625 0.458968 0.466591 0.473477 0.479616 0.484998 0.489617 0.493469 0.496552 0.498865 0.500407 0.501179 0.501179 0.500407 0.498865 0.496552 0.493469 0.489617 0.484998 0.479616 0.473477 0.466591 0.458968 0.450625 0.441582 0.431863 0.421499 0.410525 0.398982 0.386915 0.374377 0.361423 0.348116 0.334519 0.320702 0.306736 0.292693 0.278646 0.26467 0.250837 0.237217 0.223877 0.210883 0.198293 0.186163 0.174542 0.163475 0.152999 0.143147 0.133947 0.12542 0.117583 0.110448 0.104023 0.0983138 0.0933225 0.0890492 0.085493 0.0826519 0.0805236 0.0791061 0.0783977 
0.081954 0.0826623 0.0840798 0.0862081 0.0890492 0.0926055 0.0968787 0.10187 0.107579 0.114004 0.121139 0.128976 0.137503 0.146704 0.156555 0.167031 0.178099 0.189719 0.20185 0.214439 0.227434 0.240773 0.254393 0.268226 0.282202 0.296249 0.310292 0.324258 0.338076 0.351672 0.36498 0.377933 0.390471 0.402538 0.414081 0.425055 0.435419 0.445138 0.454181 0.462524 0.470147 0.477034 0.483172 0.488554 0.493173 0.497025 0.500109 0.502422 0.503964 0.504735 0.504735 0.503964 0.502422 0.500109 0.497025 0.493173 0.488554 0.483172 0.477034 0.470147 0.462524 0.454181 0.445138 0.435419 0.425055 0.414081 0.402538 0.390471 0.377933 0.36498 0.351672 0.338076 0.324258 0.310292 0.296249 0.282202 0.268226 0.254393 0.240773 0.227434 0.214439 0.20185 0.189719 0.178099 0.167031 0.156555 0.146704 0.137503 0.128976 0.121139 0.114004 0.107579 0.10187 0.0968787 0.0926055 0.0890492 0.0862081 0.0840798 0.0826623 0.081954 
0.0862272 0.0869355 0.088353 0.0904813 0.0933225 0.0968787 0.101152 0.106143 0.111852 0.118277 0.125412 0.13325 0.141777 0.150977 0.160828 0.171304 0.182372 0.193993 0.206123 0.218713 0.231707 0.245046 0.258666 0.2725 0.286476 0.300522 0.314565 0.328532 0.342349 0.355945 0.369253 0.382206 0.394745 0.406811 0.418355 0.429329 0.439693 0.449411 0.458454 0.466797 0.47442 0.481307 0.487445 0.492827 0.497446 0.501299 0.504382 0.506695 0.508237 0.509008 0.509008 0.508237 0.506695 0.504382 0.501299 0.497446 0.492827 0.487445 0.481307 0.47442 0.466797 0.458454 0.449411 0.439693 0.429329 0.418355 0.406811 0.394745 0.382206 0.369253 0.355945 0.342349 0.328532 0.314565 0.300522 0.286476 0.2725 0.258666 0.245046 0.231707 0.218713 0.206123 0.193993 0.182372 0.171304 0.160828 0.150977 0.141777 0.13325 0.125412 0.118277 0.111852 0.106143 0.101152 0.0968787 0.0933225 0.0904813 0.088353 0.0869355 0.0862272 
0.0912186 0.0919269 0.0933444 0.0954727 0.0983138 0.10187 0.106143 0.111135 0.116844 0.123269 0.130404 0.138241 0.146768 0.155968 0.16582 0.176296 0.187363 0.198984 0.211114 0.223704 0.236698 0.250038 0.263658 0.277491 0.291467 0.305513 0.319557 0.333523 0.34734 0.360937 0.374244 0.387198 0.399736 0.411803 0.423346 0.43432 0.444684 0.454403 0.463446 0.471789 0.479411 0.486298 0.492437 0.497819 0.502438 0.50629 0.509373 0.511686 0.513228 0.513999 0.513999 0.513228 0.511686 0.509373 0.50629 0.502438 0.497819 0.492437 0.486298 0.479411 0.471789 0.463446 0.454403 0.444684 0.43432 0.423346 0.411803 0.399736 0.387198 0.374244 0.360937 0.34734 0.333523 0.319557 0.305513 0.291467 0.277491 0.263658 0.250038 0.236698 0.223704 0.211114 0.198984 0.187363 0.176296 0.16582 0.155968 0.146768 0.138241 0.130404 0.123269 0.116844 0.111135 0.106143 0.10187 0.0983138 0.0954727 0.0933444 0.0919269 0.0912186 
0.0969278 0.0976361 0.0990536 0.101182 0.104023 0.107579 0.111852 0.116844 0.122553 0.128978 0.136113 0.14395 0.152477 0.161677 0.171529 0.182005 0.193072 0.204693 0.216823 0.229413 0.242408 0.255747 0.269367 0.2832 0.297176 0.311223 0.325266 0.339232 0.353049 0.366646 0.379953 0.392907 0.405445 0.417512 0.429055 0.440029 0.450393 0.460112 0.469155 0.477498 0.485121 0.492007 0.498146 0.503528 0.508147 0.511999 0.515082 0.517395 0.518937 0.519709 0.519709 0.518937 0.517395 0.515082 0.511999 0.508147 0.503528 0.498146 0.492007 0.485121 0.477498 0.469155 0.460112 0.450393 0.440029 0.429055 0.417512 0.405445 0.392907 0.379953 0.366646 0.353049 0.339232 0.325266 0.311223 0.297176 0.2832 0.269367 0.255747 0.242408 0.229413 0.216823 0.204693 0.193072 0.182005 0.171529 0.161677 0.152477 0.14395 0.136113 0.128978 0.122553 0.116844 0.111852 0.107579 0.104023 0.101182 0.0990536 0.0976361 0.0969278 
0.103352 0.104061 0.105478 0.107607 0.110448 0.114004 0.118277 0.123269 0.128978 0.135402 0.142538 0.150375 0.158902 0.168102 0.177954 0.188429 0.199497 0.211118 0.223248 0.235838 0.248832 0.262171 0.275792 0.289625 0.303601 0.317647 0.33169 0.345657 0.359474 0.37307 0.386378 0.399331 0.41187 0.423936 0.43548 0.446454 0.456818 0.466536 0.47558 0.483923 0.491545 0.498432 0.504571 0.509953 0.514572 0.518424 0.521507 0.52382 0.525362 0.526133 0.526133 0.525362 0.52382 0.521507 0.518424 0.514572 0.509953 0.504571 0.498432 0.491545 0.483923 0.47558 0.466536 0.456818 0.446454 0.43548 0.423936 0.41187 0.399331 0.386378 0.37307 0.359474 0.345657 0.33169 0.317647 0.303601 0.289625 0.275792 0.262171 0.248832 0.235838 0.223248 0.211118 0.199497 0.188429 0.177954 0.168102 0.158902 0.150375 0.142538 0.135402 0.128978 0.123269 0.118277 0.114004 0.110448 0.107607 0.105478 0.104061 0.103352 
0.110488 0.111196 0.112613 0.114742 0.117583 0.121139 0.125412 0.130404 0.136113 0.142538 0.149673 0.15751 0.166037 0.175237 0.185089 0.195565 0.206632 0.218253 0.230383 0.242973 0.255967 0.269307 0.282927 0.29676 0.310736 0.324782 0.338826 0.352792 0.366609 0.380206 0.393513 0.406467 0.419005 0.431072 0.442615 0.453589 0.463953 0.473671 0.482715 0.491058 0.49868 0.505567 0.511706 0.517088 0.521707 0.525559 0.528642 0.530955 0.532497 0.533268 0.533268 0.532497 0.530955 0.528642 0.525559 0.521707 0.517088 0.511706 0.505567 0.49868 0.491058 0.482715 0.473671 0.463953 0.453589 0.442615 0.431072 0.419005 0.406467 0.393513 0.380206 0.366609 0.352792 0.338826 0.324782 0.310736 0.29676 0.282927 0.269307 0.255967 0.242973 0.230383 0.218253 0.206632 0.195565 0.185089 0.175237 0.166037 0.15751 0.149673 0.142538 0.136113 0.130404 0.125412 0.121139 0.117583 0.114742 0.112613 0.111196 0.110488 
0.118325 0.119033 0.120451 0.122579 0.12542 0.128976 0.13325 0.138241 0.14395 0.150375 0.15751 0.165347 0.173874 0.183074 0.192926 0.203402 0.214469 0.22609 0.23822 0.25081 0.263805 0.277144 0.290764 0.304597 0.318573 0.33262 0.346663 0.360629 0.374446 0.388043 0.40135 0.414304 0.426842 0.438909 0.450452 0.461426 0.47179 0.481509 0.490552 0.498895 0.506518 0.513404 0.519543 0.524925 0.529544 0.533396 0.53648 0.538792 0.540335 0.541106 0.541106 0.540335 0.538792 0.53648 0.533396 0.529544 0.524925 0.519543 0.513404 0.506518 0.498895 0.490552 0.481509 0.47179 0.461426 0.450452 0.438909 0.426842 0.414304 0.40135 0.388043 0.374446 0.360629 0.346663 0.33262 0.318573 0.304597 0.290764 0.277144 0.263805 0.25081 0.23822 0.22609 0.214469 0.203402 0.192926 0.183074 0.173874 0.165347 0.15751 0.150375 0.14395 0.138241 0.13325 0.128976 0.12542 0.122579 0.120451 0.119033 0.118325 
0.126852 0.12756 0.128978 0.131106 0.133947 0.137503 0.141777 0.146768 0.152477 0.158902 0.166037 0.173874 0.182401 0.191601 0.201453 0.211929 0.222996 0.234617 0.246748 0.259337 0.272332 0.285671 0.299291 0.313124 0.3271 0.341147 0.35519 0.369156 0.382973 0.39657 0.409877 0.422831 0.435369 0.447436 0.458979 0.469953 0.480317 0.490036 0.499079 0.507422 0.515045 0.521931 0.52807 0.533452 0.538071 0.541923 0.545007 0.54732 0.548862 0.549633 0.549633 0.548862 0.54732 0.545007 0.541923 0.538071 0.533452 0.52807 0.521931 0.515045 0.507422 0.499079 0.490036 0.480317 0.469953 0.458979 0.447436 0.435369 0.422831 0.409877 0.39657 0.382973 0.369156 0.35519 0.341147 0.3271 0.313124 0.299291 0.285671 0.272332 0.259337 0.246748 0.234617 0.222996 0.211929 0.201453 0.191601 0.182401 0.173874 0.166037 0.158902 0.152477 0.146768 0.141777 0.137503 0.133947 0.131106 0.128978 0.12756 0.126852 
0.136052 0.13676 0.138178 0.140306 0.143147 0.146704 0.150977 0.155968 0.161677 0.168102 0.175237 0.183074 0.191601 0.200802 0.210653 0.221129 0.232197 0.243818 0.255948 0.268537 0.281532 0.294871 0.308491 0.322324 0.3363 0.350347 0.36439 0.378357 0.392174 0.40577 0.419078 0.432031 0.444569 0.456636 0.468179 0.479154 0.489517 0.499236 0.508279 0.516622 0.524245 0.531132 0.53727 0.542652 0.547271 0.551124 0.554207 0.55652 0.558062 0.558833 0.558833 0.558062 0.55652 0.554207 0.551124 0.547271 0.542652 0.53727 0.531132 0.524245 0.516622 0.508279 0.499236 0.489517 0.479154 0.468179 0.456636 0.444569 0.432031 0.419078 0.40577 0.392174 0.378357 0.36439 0.350347 0.3363 0.322324 0.308491 0.294871 0.281532 0.268537 0.255948 0.243818 0.232197 0.221129 0.210653 0.200802 0.191601 0.183074 0.175237 0.168102 0.161677 0.155968 0.150977 0.146704 0.143147 0.140306 0.138178 0.13676 0.136052 
0.145904 0.146612 0.148029 0.150158 0.152999 0.156555 0.160828 0.16582 0.171529 0.177954 0.185089 0.192926 0.201453 0.210653 0.220505 0.230981 0.242048 0.253669 0.265799 0.278389 0.291383 0.304723 0.318343 0.332176 0.346152 0.360198 0.374242 0.388208 0.402025 0.415622 0.428929 0.441883 0.454421 0.466488 0.478031 0.489005 0.499369 0.509088 0.518131 0.526474 0.534096 0.540983 0.547122 0.552504 0.557123 0.560975 0.564058 0.566371 0.567913 0.568684 0.568684 0.567913 0.566371 0.564058 0.560975 0.557123 0.552504 0.547122 0.540983 0.534096 0.526474 0.518131 0.509088 0.499369 0.489005 0.478031 0.466488 0.454421 0.441883 0.428929 0.415622 0.402025 0.388208 0.374242 0.360198 0.346152 0.332176 0.318343 0.304723 0.291383 0.278389 0.265799 0.253669 0.242048 0.230981 0.220505 0.210653 0.201453 0.192926 0.185089 0.177954 0.171529 0.16582 0.160828 0.156555 0.152999 0.150158 0.148029 0.146612 0.145904 
0.156379 0.157088 0.158505 0.160634 0.163475 0.167031 0.171304 0.176296 0.182005 0.188429 0.195565 0.203402 0.211929 0.221129 0.230981 0.241457 0.252524 0.264145 0.276275 0.288865 0.301859 0.315199 0.328819 0.342652 0.356628 0.370674 0.384717 0.398684 0.412501 0.426098 0.439405 0.452359 0.464897 0.476963 0.488507 0.499481 0.509845 0.519563 0.528607 0.53695 0.544572 0.551459 0.557598 0.56298 0.567599 0.571451 0.574534 0.576847 0.578389 0.57916 0.57916 0.578389 0.576847 0.574534 0.571451 0.567599 0.56298 0.557598 0.551459 0.544572 0.53695 0.528607 0.519563 0.509845 0.499481 0.488507 0.476963 0.464897 0.452359 0.439405 0.426098 0.412501 0.398684 0.384717 0.370674 0.356628 0.342652 0.328819 0.315199 0.301859 0.288865 0.276275 0.264145 0.252524 0.241457 0.230981 0.221129 0.211929 0.203402 0.195565 0.188429 0.182005 0.176296 0.171304 0.167031 0.163475 0.160634 0.158505 0.157088 0.156379 
0.167447 0.168155 0.169573 0.171701 0.174542 0.178099 0.182372 0.187363 0.193072 0.199497 0.206632 0.214469 0.222996 0.232197 0.242048 0.252524 0.263592 0.275213 0.287343 0.299932 0.312927 0.326266 0.339886 0.353719 0.367695 0.381742 0.395785 0.409752 0.423569 0.437165 0.450473 0.463426 0.475964 0.488031 0.499574 0.510549 0.520912 0.530631 0.539674 0.548017 0.55564 0.562527 0.568665 0.574047 0.578666 0.582519 0.585602 0.587915 0.589457 0.590228 0.590228 0.589457 0.587915 0.585602 0.582519 0.578666 0.574047 0.568665 0.562527 0.55564 0.548017 0.539674 0.530631 0.520912 0.510549 0.499574 0.488031 0.475964 0.463426 0.450473 0.437165 0.423569 0.409752 0.395785 0.381742 0.367695 0.353719 0.339886 0.326266 0.312927 0.299932 0.287343 0.275213 0.263592 0.252524 0.242048 0.232197 0.222996 0.214469 0.206632 0.199497 0.193072 0.187363 0.182372 0.178099 0.174542 0.171701 0.169573 0.168155 0.167447 
0.179068 0.179776 0.181194 0.183322 0.186163 0.189719 0.193993 0.198984 0.204693 0.211118 0.218253 0.22609 0.234617 0.243818 0.253669 0.264145 0.275213 0.286833 0.298964 0.311553 0.324548 0.337887 0.351507 0.36534 0.379316 0.393363 0.407406 0.421372 0.43519 0.448786 0.462094 0.475047 0.487585 0.499652 0.511195 0.522169 0.532533 0.542252 0.551295 0.559638 0.567261 0.574148 0.580286 0.585668 0.590287 0.594139 0.597223 0.599536 0.601078 0.601849 0.601849 0.601078 0.599536 0.597223 0.594139 0.590287 0.585668 0.580286 0.574148 0.567261 0.559638 0.551295 0.542252 0.532533 0.522169 0.511195 0.499652 0.487585 0.475047 0.462094 0.448786 0.43519 0.421372 0.407406 0.393363 0.379316 0.36534 0.351507 0.337887 0.324548 0.311553 0.298964 0.286833 0.275213 0.264145 0.253669 0.243818 0.234617 0.22609 0.218253 0.211118 0.204693 0.198984 0.193993 0.189719 0.186163 0.183322 0.181194 0.179776 0.179068 
0.191198 0.191906 0.193324 0.195452 0.198293 0.20185 0.206123 0.211114 0.216823 0.223248 0.230383 0.23822 0.246748 0.255948 0.265799 0.276275 0.287343 0.298964 0.311094 0.323683 0.336678 0.350017 0.363637 0.377471 0.391447 0.405493 0.419536 0.433503 0.44732 0.460916 0.474224 0.487177 0.499715 0.511782 0.523326 0.5343 0.544664 0.554382 0.563425 0.571768 0.579391 0.586278 0.592416 0.597798 0.602417 0.60627 0.609353 0.611666 0.613208 0.613979 0.613979 0.613208 0.611666 0.609353 0.60627 0.602417 0.597798 0.592416 0.586278 0.579391 0.571768 0.563425 0.554382 0.544664 0.5343 0.523326 0.511782 0.499715 0.487177 0.474224 0.460916 0.44732 0.433503 0.419536 0.405493 0.391447 0.377471 0.363637 0.350017 0.336678 0.323683 0.311094 0.298964 0.287343 0.276275 0.265799 0.255948 0.246748 0.23822 0.230383 0.223248 0.216823 0.211114 0.206123 0.20185 0.198293 0.195452 0.193324 0.191906 0.191198 
0.203788 0.204496 0.205914 0.208042 0.210883 0.214439 0.218713 0.223704 0.229413 0.235838 0.242973 0.25081 0.259337 0.268537 0.278389 0.288865 0.299932 0.311553 0.323683 0.336273 0.349268 0.362607 0.376227 0.39006 0.404036 0.418083 0.432126 0.446092 0.459909 0.473506 0.486813 0.499767 0.512305 0.524372 0.535915 0.546889 0.557253 0.566972 0.576015 0.584358 0.591981 0.598867 0.605006 0.610388 0.615007 0.618859 0.621943 0.624256 0.625798 0.626569 0.626569 0.625798 0.624256 0.621943 0.618859 0.615007 0.610388 0.605006 0.598867 0.591981 0.584358 0.576015 0.566972 0.557253 0.546889 0.535915 0.524372 0.512305 0.499767 0.486813 0.473506 0.459909 0.446092 0.432126 0.418083 0.404036 0.39006 0.376227 0.362607 0.349268 0.336273 0.323683 0.311553 0.299932 0.288865 0.278389 0.268537 0.259337 0.25081 0.242973 0.235838 0.229413 0.223704 0.218713 0.214439 0.210883 0.208042 0.205914 0.204496 0.203788 
0.216782 0.217491 0.218908 0.221036 0.223877 0.227434 0.231707 0.236698 0.242408 0.248832 0.255967 0.263805 0.272332 0.281532 0.291383 0.301859 0.312927 0.324548 0.336678 0.349268 0.362262 0.375601 0.389221 0.403055 0.417031 0.431077 0.44512 0.459087 0.472904 0.4865 0.499808 0.512761 0.5253 0.537366 0.54891 0.559884 0.570248 0.579966 0.589009 0.597352 0.604975 0.611862 0.618 0.623382 0.628001 0.631854 0.634937 0.63725 0.638792 0.639563 0.639563 0.638792 0.63725 0.634937 0.631854 0.628001 0.623382 0.618 0.611862 0.604975 0.597352 0.589009 0.579966 0.570248 0.559884 0.54891 0.537366 0.5253 0.512761 0.499808 0.4865 0.472904 0.459087 0.44512 0.431077 0.417031 0.403055 0.389221 0.375601 0.362262 0.349268 0.336678 0.324548 0.312927 0.301859 0.291383 0.281532 0.272332 0.263805 0.255967 0.248832 0.242408 0.236698 0.231707 0.227434 0.223877 0.221036 0.218908 0.217491 0.216782 
0.230121 0.23083 0.232247 0.234376 0.237217 0.240773 0.245046 0.250038 0.255747 0.262171 0.269307 0.277144 0.285671 0.294871 0.304723 0.315199 0.326266 0.337887 0.350017 0.362607 0.375601 0.388941 0.402561 0.416394 0.43037 0.444416 0.458459 0.472426 0.486243 0.49984 0.513147 0.526101 0.538639 0.550705 0.562249 0.573223 0.583587 0.593305 0.602349 0.610692 0.618314 0.625201 0.63134 0.636722 0.641341 0.645193 0.648276 0.650589 0.652131 0.652902 0.652902 0.652131 0.650589 0.648276 0.645193 0.641341 0.636722 0.63134 0.625201 0.618314 0.610692 0.602349 0.593305 0.583587 0.573223 0.562249 0.550705 0.538639 0.526101 0.513147 0.49984 0.486243 0.472426 0.458459 0.444416 0.43037 0.416394 0.402561 0.388941 0.375601 0.362607 0.350017 0.337887 0.326266 0.315199 0.304723 0.294871 0.285671 0.277144 0.269307 0.262171 0.255747 0.250038 0.245046 0.240773 0.237217 0.234376 0.232247 0.23083 0.230121 
0.243742 0.24445 0.245867 0.247996 0.250837 0.254393 0.258666 0.263658 0.269367 0.275792 0.282927 0.290764 0.299291 0.308491 0.318343 0.328819 0.339886 0.351507 0.363637 0.376227 0.389221 0.402561 0.416181 0.430014 0.44399 0.458036 0.47208 0.486046 0.499863 0.51346 0.526767 0.539721 0.552259 0.564326 0.575869 0.586843 0.597207 0.606926 0.615969 0.624312 0.631934 0.638821 0.64496 0.650342 0.654961 0.658813 0.661896 0.664209 0.665751 0.666522 0.666522 0.665751 0.664209 0.661896 0.658813 0.654961 0.650342 0.64496 0.638821 0.631934 0.624312 0.615969 0.606926 0.597207 0.586843 0.575869 0.564326 0.552259 0.539721 0.526767 0.51346 0.499863 0.486046 0.47208 0.458036 0.44399 0.430014 0.416181 0.402561 0.389221 0.376227 0.363637 0.351507 0.339886 0.328819 0.318343 0.308491 0.299291 0.290764 0.282927 0.275792 0.269367 0.263658 0.258666 0.254393 0.250837 0.247996 0.245867 0.24445 0.243742 
0.257575 0.258283 0.259701 0.261829 0.26467 0.268226 0.2725 0.277491 0.2832 0.289625 0.29676 0.304597 0.313124 0.322324 0.332176 0.342652 0.353719 0.36534 0.377471 0.39006 0.403055 0.416394 0.430014 0.443847 0.457823 0.47187 0.485913 0.499879 0.513696 0.527293 0.5406 0.553554 0.566092 0.578159 0.589702 0.600676 0.61104 0.620759 0.629802 0.638145 0.645768 0.652654 0.658793 0.664175 0.668794 0.672646 0.67573 0.678043 0.679585 0.680356 0.680356 0.679585 0.678043 0.67573 0.672646 0.668794 0.664175 0.658793 0.652654 0.645768 0.638145 0.629802 0.620759 0.61104 0.600676 0.589702 0.578159 0.566092 0.553554 0.5406 0.527293 0.513696 0.499879 0.485913 0.47187 0.457823 0.443847 0.430014 0.416394 0.403055 0.39006 0.377471 0.36534 0.353719 0.342652 0.332176 0.322324 0.313124 0.304597 0.29676 0.289625 0.2832 0.277491 0.2725 0.268226 0.26467 0.261829 0.259701 0.258283 0.257575 
0.271551 0.272259 0.273677 0.275805 0.278646 0.282202 0.286476 0.291467 0.297176 0.303601 0.310736 0.318573 0.3271 0.3363 0.346152 0.356628 0.367695 0.379316 0.391447 0.404036 0.417031 0.43037 0.44399 0.457823 0.471799 0.485846 0.499889 0.513855 0.527672 0.541269 0.554577 0.56753 0.580068 0.592135 0.603678 0.614652 0.625016 0.634735 0.643778 0.652121 0.659744 0.66663 0.672769 0.678151 0.68277 0.686622 0.689706 0.692019 0.693561 0.694332 0.694332 0.693561 0.692019 0.689706 0.686622 0.68277 0.678151 0.672769 0.66663 0.659744 0.652121 0.643778 0.634735 0.625016 0.614652 0.603678 0.592135 0.580068 0.56753 0.554577 0.541269 0.527672 0.513855 0.499889 0.485846 0.471799 0.457823 0.44399 0.43037 0.417031 0.404036 0.391447 0.379316 0.367695 0.356628 0.346152 0.3363 0.3271 0.318573 0.310736 0.303601 0.297176 0.291467 0.286476 0.282202 0.278646 0.275805 0.273677 0.272259 0.271551 
0.285597 0.286306 0.287723 0.289851 0.292693 0.296249 0.300522 0.305513 0.311223 0.317647 0.324782 0.33262 0.341147 0.350347 0.360198 0.370674 0.381742 0.393363 0.405493 0.418083 0.431077 0.444416 0.458036 0.47187 0.485846 0.499892 0.513935 0.527902 0.541719 0.555315 0.568623 0.581576 0.594115 0.606181 0.617725 0.628699 0.639063 0.648781 0.657824 0.666167 0.67379 0.680677 0.686815 0.692197 0.696816 0.700669 0.703752 0.706065 0.707607 0.708378 0.708378 0.707607 0.706065 0.703752 0.700669 0.696816 0.692197 0.686815 0.680677 0.67379 0.666167 0.657824 0.648781 0.639063 0.628699 0.617725 0.606181 0.594115 0.581576 0.568623 0.555315 0.541719 0.527902 0.513935 0.499892 0.485846 0.47187 0.458036 0.444416 0.431077 0.418083 0.405493 0.393363 0.381742 0.370674 0.360198 0.350347 0.341147 0.33262 0.324782 0.317647 0.311223 0.305513 0.300522 0.296249 0.292693 0.289851 0.287723 0.286306 0.285597 
0.29964 0.300349 0.301766 0.303895 0.306736 0.310292 0.314565 0.319557 0.325266 0.33169 0.338826 0.346663 0.35519 0.36439 0.374242 0.384717 0.395785 0.407406 0.419536 0.432126 0.44512 0.458459 0.47208 0.485913 0.499889 0.513935 0.527978 0.541945 0.555762 0.569359 0.582666 0.59562 0.608158 0.620224 0.631768 0.642742 0.653106 0.662824 0.671868 0.680211 0.687833 0.69472 0.700859 0.706241 0.71086 0.714712 0.717795 0.720108 0.72165 0.722421 0.722421 0.72165 0.720108 0.717795 0.714712 0.71086 0.706241 0.700859 0.69472 0.687833 0.680211 0.671868 0.662824 0.653106 0.642742 0.631768 0.620224 0.608158 0.59562 0.582666 0.569359 0.555762 0.541945 0.527978 0.513935 0.499889 0.485913 0.47208 0.458459 0.44512 0.432126 0.419536 0.407406 0.395785 0.384717 0.374242 0.36439 0.35519 0.346663 0.338826 0.33169 0.325266 0.319557 0.314565 0.310292 0.306736 0.303895 0.301766 0.300349 0.29964 
0.313607 0.314315 0.315733 0.317861 0.320702 0.324258 0.328532 0.333523 0.339232 0.345657 0.352792 0.360629 0.369156 0.378357 0.388208 0.398684 0.409752 0.421372 0.433503 0.446092 0.459087 0.472426 0.486046 0.499879 0.513855 0.527902 0.541945 0.555911 0.569729 0.583325 0.596633 0.609586 0.622124 0.634191 0.645734 0.656708 0.667072 0.676791 0.685834 0.694177 0.7018 0.708687 0.714825 0.720207 0.724826 0.728678 0.731762 0.734075 0.735617 0.736388 0.736388 0.735617 0.734075 0.731762 0.728678 0.724826 0.720207 0.714825 0.708687 0.7018 0.694177 0.685834 0.676791 0.667072 0.656708 0.645734 0.634191 0.622124 0.609586 0.596633 0.583325 0.569729 0.555911 0.541945 0.527902 0.513855 0.499879 0.486046 0.472426 0.459087 0.446092 0.433503 0.421372 0.409752 0.398684 0.388208 0.378357 0.369156 0.360629 0.352792 0.345657 0.339232 0.333523 0.328532 0.324258 0.320702 0.317861 0.315733 0.314315 0.313607 
0.327424 0.328132 0.32955 0.331678 0.334519 0.338076 0.342349 0.34734 0.353049 0.359474 0.366609 0.374446 0.382973 0.392174 0.402025 0.412501 0.423569 0.43519 0.44732 0.459909 0.472904 0.486243 0.499863 0.513696 0.527672 0.541719 0.555762 0.569729 0.583546 0.597142 0.61045 0.623403 0.635941 0.648008 0.659551 0.670525 0.680889 0.690608 0.699651 0.707994 0.715617 0.722504 0.728642 0.734024 0.738643 0.742495 0.745579 0.747892 0.749434 0.750205 0.750205 0.749434 0.747892 0.745579 0.742495 0.738643 0.734024 0.728642 0.722504 0.715617 0.707994 0.699651 0.690608 0.680889 0.670525 0.659551 0.648008 0.635941 0.623403 0.61045 0.597142 0.583546 0.569729 0.555762 0.541719 0.527672 0.513696 0.499863 0.486243 0.472904 0.459909 0.44732 0.43519 0.423569 0.412501 0.402025 0.392174 0.382973 0.374446 0.366609 0.359474 0.353049 0.34734 0.342349 0.338076 0.334519 0.331678 0.32955 0.328132 0.327424 
0.341021 0.341729 0.343146 0.345275 0.348116 0.351672 0.355945 0.360937 0.366646 0.37307 0.380206 0.388043 0.39657 0.40577 0.415622 0.426098 0.437165 0.448786 0.460916 0.473506 0.4865 0.49984 0.51346 0.527293 0.541269 0.555315 0.569359 0.583325 0.597142 0.610739 0.624046 0.637 0.649538 0.661605 0.673148 0.684122 0.694486 0.704204 0.713248 0.721591 0.729213 0.7361 0.742239 0.747621 0.75224 0.756092 0.759175 0.761488 0.76303 0.763801 0.763801 0.76303 0.761488 0.759175 0.756092 0.75224 0.747621 0.742239 0.7361 0.729213 0.721591 0.713248 0.704204 0.694486 0.684122 0.673148 0.661605 0.649538 0.637 0.624046 0.610739 0.597142 0.583325 0.569359 0.555315 0.541269 0.527293 0.51346 0.49984 0.4865 0.473506 0.460916 0.448786 0.437165 0.426098 0.415622 0.40577 0.39657 0.388043 0.380206 0.37307 0.366646 0.360937 0.355945 0.351672 0.348116 0.345275 0.343146 0.341729 0.341021 
0.354328 0.355036 0.356454 0.358582 0.361423 0.36498 0.369253 0.374244 0.379953 0.386378 0.393513 0.40135 0.409877 0.419078 0.428929 0.439405 0.450473 0.462094 0.474224 0.486813 0.499808 0.513147 0.526767 0.5406 0.554577 0.568623 0.582666 0.596633 0.61045 0.624046 0.637354 0.650307 0.662845 0.674912 0.686455 0.69743 0.707793 0.717512 0.726555 0.734898 0.742521 0.749408 0.755546 0.760928 0.765547 0.7694 0.772483 0.774796 0.776338 0.777109 0.777109 0.776338 0.774796 0.772483 0.7694 0.765547 0.760928 0.755546 0.749408 0.742521 0.734898 0.726555 0.717512 0.707793 0.69743 0.686455 0.674912 0.662845 0.650307 0.637354 0.624046 0.61045 0.596633 0.582666 0.568623 0.554577 0.5406 0.526767 0.513147 0.499808 0.486813 0.474224 0.462094 0.450473 0.439405 0.428929 0.419078 0.409877 0.40135 0.393513 0.386378 0.379953 0.374244 0.369253 0.36498 0.361423 0.358582 0.356454 0.355036 0.354328 
0.367282 0.36799 0.369407 0.371536 0.374377 0.377933 0.382206 0.387198 0.392907 0.399331 0.406467 0.414304 0.422831 0.432031 0.441883 0.452359 0.463426 0.475047 0.487177 0.499767 0.512761 0.526101 0.539721 0.553554 0.56753 0.581576 0.59562 0.609586 0.623403 0.637 0.650307 0.663261 0.675799 0.687866 0.699409 0.710383 0.720747 0.730465 0.739509 0.747852 0.755474 0.762361 0.7685 0.773882 0.778501 0.782353 0.785436 0.787749 0.789291 0.790062 0.790062 0.789291 0.787749 0.785436 0.782353 0.778501 0.773882 0.7685 0.762361 0.755474 0.747852 0.739509 0.730465 0.720747 0.710383 0.699409 0.687866 0.675799 0.663261 0.650307 0.637 0.623403 0.609586 0.59562 0.581576 0.56753 0.553554 0.539721 0.526101 0.512761 0.499767 0.487177 0.475047 0.463426 0.452359 0.441883 0.432031 0.422831 0.414304 0.406467 0.399331 0.392907 0.387198 0.382206 0.377933 0.374377 0.371536 0.369407 0.36799 0.367282 
0.37982 0.380528 0.381946 0.384074 0.386915 0.390471 0.394745 0.399736 0.405445 0.41187 0.419005 0.426842 0.435369 0.444569 0.454421 0.464897 0.475964 0.487585 0.499715 0.512305 0.5253 0.538639 0.552259 0.566092 0.580068 0.594115 0.608158 0.622124 0.635941 0.649538 0.662845 0.675799 0.688337 0.700404 0.711947 0.722921 0.733285 0.743004 0.752047 0.76039 0.768013 0.774899 0.781038 0.78642 0.791039 0.794891 0.797975 0.800287 0.80183 0.802601 0.802601 0.80183 0.800287 0.797975 0.794891 0.791039 0.78642 0.781038 0.774899 0.768013 0.76039 0.752047 0.743004 0.733285 0.722921 0.711947 0.700404 0.688337 0.675799 0.662845 0.649538 0.635941 0.622124 0.608158 0.594115 0.580068 0.566092 0.552259 0.538639 0.5253 0.512305 0.499715 0.487585 0.475964 0.464897 0.454421 0.444569 0.435369 0.426842 0.419005 0.41187 0.405445 0.399736 0.394745 0.390471 0.386915 0.384074 0.381946 0.380528 0.37982 
0.391886 0.392595 0.394012 0.396141 0.398982 0.402538 0.406811 0.411803 0.417512 0.423936 0.431072 0.438909 0.447436 0.456636 0.466488 0.476963 0.488031 0.499652 0.511782 0.524372 0.537366 0.550705 0.564326 0.578159 0.592135 0.606181 0.620224 0.634191 0.648008 0.661605 0.674912 0.687866 0.700404 0.71247 0.724014 0.734988 0.745352 0.75507 0.764114 0.772457 0.780079 0.786966 0.793105 0.798487 0.803106 0.806958 0.810041 0.812354 0.813896 0.814667 0.814667 0.813896 0.812354 0.810041 0.806958 0.803106 0.798487 0.793105 0.786966 0.780079 0.772457 0.764114 0.75507 0.745352 0.734988 0.724014 0.71247 0.700404 0.687866 0.674912 0.661605 0.648008 0.634191 0.620224 0.606181 0.592135 0.578159 0.564326 0.550705 0.537366 0.524372 0.511782 0.499652 0.488031 0.476963 0.466488 0.456636 0.447436 0.438909 0.431072 0.423936 0.417512 0.411803 0.406811 0.402538 0.398982 0.396141 0.394012 0.392595 0.391886 
0.40343 0.404138 0.405556 0.407684 0.410525 0.414081 0.418355 0.423346 0.429055 0.43548 0.442615 0.450452 0.458979 0.468179 0.478031 0.488507 0.499574 0.511195 0.523326 0.535915 0.54891 0.562249 0.575869 0.589702 0.603678 0.617725 0.631768 0.645734 0.659551 0.673148 0.686455 0.699409 0.711947 0.724014 0.735557 0.746531 0.756895 0.766614 0.775657 0.784 0.791623 0.798509 0.804648 0.81003 0.814649 0.818501 0.821585 0.823898 0.82544 0.826211 0.826211 0.82544 0.823898 0.821585 0.818501 0.814649 0.81003 0.804648 0.798509 0.791623 0.784 0.775657 0.766614 0.756895 0.746531 0.735557 0.724014 0.711947 0.699409 0.686455 0.673148 0.659551 0.645734 0.631768 0.617725 0.603678 0.589702 0.575869 0.562249 0.54891 0.535915 0.523326 0.511195 0.499574 0.488507 0.478031 0.468179 0.458979 0.450452 0.442615 0.43548 0.429055 0.423346 0.418355 0.414081 0.410525 0.407684 0.405556 0.404138 0.40343 
0.414404 0.415112 0.41653 0.418658 0.421499 0.425055 0.429329 0.43432 0.440029 0.446454 0.453589 0.461426 0.469953 0.479154 0.489005 0.499481 0.510549 0.522169 0.5343 0.546889 0.559884 0.573223 0.586843 0.600676 0.614652 0.628699 0.642742 0.656708 0.670525 0.684122 0.69743 0.710383 0.722921 0.734988 0.746531 0.757505 0.767869 0.777588 0.786631 0.794974 0.802597 0.809484 0.815622 0.821004 0.825623 0.829475 0.832559 0.834872 0.836414 0.837185 0.837185 0.836414 0.834872 0.832559 0.829475 0.825623 0.821004 0.815622 0.809484 0.802597 0.794974 0.786631 0.777588 0.767869 0.757505 0.746531 0.734988 0.722921 0.710383 0.69743 0.684122 0.670525 0.656708 0.642742 0.628699 0.614652 0.600676 0.586843 0.573223 0.559884 0.546889 0.5343 0.522169 0.510549 0.499481 0.489005 0.479154 0.469953 0.461426 0.453589 0.446454 0.440029 0.43432 0.429329 0.425055 0.421499 0.418658 0.41653 0.415112 0.414404 
0.424768 0.425476 0.426894 0.429022 0.431863 0.435419 0.439693 0.444684 0.450393 0.456818 0.463953 0.47179 0.480317 0.489517 0.499369 0.509845 0.520912 0.532533 0.544664 0.557253 0.570248 0.583587 0.597207 0.61104 0.625016 0.639063 0.653106 0.667072 0.680889 0.694486 0.707793 0.720747 0.733285 0.745352 0.756895 0.767869 0.778233 0.787952 0.796995 0.805338 0.812961 0.819847 0.825986 0.831368 0.835987 0.839839 0.842923 0.845236 0.846778 0.847549 0.847549 0.846778 0.845236 0.842923 0.839839 0.835987 0.831368 0.825986 0.819847 0.812961 0.805338 0.796995 0.787952 0.778233 0.767869 0.756895 0.745352 0.733285 0.720747 0.707793 0.694486 0.680889 0.667072 0.653106 0.639063 0.625016 0.61104 0.597207 0.583587 0.570248 0.557253 0.544664 0.532533 0.520912 0.509845 0.499369 0.489517 0.480317 0.47179 0.463953 0.456818 0.450393 0.444684 0.439693 0.435419 0.431863 0.429022 0.426894 0.425476 0.424768 
0.434486 0.435195 0.436612 0.438741 0.441582 0.445138 0.449411 0.454403 0.460112 0.466536 0.473671 0.481509 0.490036 0.499236 0.509088 0.519563 0.530631 0.542252 0.554382 0.566972 0.579966 0.593305 0.606926 0.620759 0.634735 0.648781 0.662824 0.676791 0.690608 0.704204 0.717512 0.730465 0.743004 0.75507 0.766614 0.777588 0.787952 0.79767 0.806714 0.815057 0.822679 0.829566 0.835705 0.841086 0.845706 0.849558 0.852641 0.854954 0.856496 0.857267 0.857267 0.856496 0.854954 0.852641 0.849558 0.845706 0.841086 0.835705 0.829566 0.822679 0.815057 0.806714 0.79767 0.787952 0.777588 0.766614 0.75507 0.743004 0.730465 0.717512 0.704204 0.690608 0.676791 0.662824 0.648781 0.634735 0.620759 0.606926 0.593305 0.579966 0.566972 0.554382 0.542252 0.530631 0.519563 0.509088 0.499236 0.490036 0.481509 0.473671 0.466536 0.460112 0.454403 0.449411 0.445138 0.441582 0.438741 0.436612 0.435195 0.434486 
0.44353 0.444238 0.445655 0.447784 0.450625 0.454181 0.458454 0.463446 0.469155 0.47558 0.482715 0.490552 0.499079 0.508279 0.518131 0.528607 0.539674 0.551295 0.563425 0.576015 0.589009 0.602349 0.615969 0.629802 0.643778 0.657824 0.671868 0.685834 0.699651 0.713248 0.726555 0.739509 0.752047 0.764114 0.775657 0.786631 0.796995 0.806714 0.815757 0.8241 0.831722 0.838609 0.844748 0.85013 0.854749 0.858601 0.861684 0.863997 0.865539 0.86631 0.86631 0.865539 0.863997 0.861684 0.858601 0.854749 0.85013 0.844748 0.838609 0.831722 0.8241 0.815757 0.806714 0.796995 0.786631 0.775657 0.764114 0.752047 0.739509 0.726555 0.713248 0.699651 0.685834 0.671868 0.657824 0.643778 0.629802 0.615969 0.602349 0.589009 0.576015 0.563425 0.551295 0.539674 0.528607 0.518131 0.508279 0.499079 0.490552 0.482715 0.47558 0.469155 0.463446 0.458454 0.454181 0.450625 0.447784 0.445655 0.444238 0.44353 
0.451873 0.452581 0.453998 0.456127 0.458968 0.462524 0.466797 0.471789 0.477498 0.483923 0.491058 0.498895 0.507422 0.516622 0.526474 0.53695 0.548017 0.559638 0.571768 0.584358 0.597352 0.610692 0.624312 0.638145 0.652121 0.666167 0.680211 0.694177 0.707994 0.721591 0.734898 0.747852 0.76039 0.772457 0.784 0.794974 0.805338 0.815057 0.8241 0.832443 0.840065 0.846952 0.853091 0.858473 0.863092 0.866944 0.870027 0.87234 0.873882 0.874653 0.874653 0.873882 0.87234 0.870027 0.866944 0.863092 0.858473 0.853091 0.846952 0.840065 0.832443 0.8241 0.815057 0.805338 0.794974 0.784 0.772457 0.76039 0.747852 0.734898 0.721591 0.707994 0.694177 0.680211 0.666167 0.652121 0.638145 0.624312 0.610692 0.597352 0.584358 0.571768 0.559638 0.548017 0.53695 0.526474 0.516622 0.507422 0.498895 0.491058 0.483923 0.477498 0.471789 0.466797 0.462524 0.458968 0.456127 0.453998 0.452581 0.451873 
0.459495 0.460204 0.461621 0.463749 0.466591 0.470147 0.47442 0.479411 0.485121 0.491545 0.49868 0.506518 0.515045 0.524245 0.534096 0.544572 0.55564 0.567261 0.579391 0.591981 0.604975 0.618314 0.631934 0.645768 0.659744 0.67379 0.687833 0.7018 0.715617 0.729213 0.742521 0.755474 0.768013 0.780079 0.791623 0.802597 0.812961 0.822679 0.831722 0.840065 0.847688 0.854575 0.860714 0.866095 0.870715 0.874567 0.87765 0.879963 0.881505 0.882276 0.882276 0.881505 0.879963 0.87765 0.874567 0.870715 0.866095 0.860714 0.854575 0.847688 0.840065 0.831722 0.822679 0.812961 0.802597 0.791623 0.780079 0.768013 0.755474 0.742521 0.729213 0.715617 0.7018 0.687833 0.67379 0.659744 0.645768 0.631934 0.618314 0.604975 0.591981 0.579391 0.567261 0.55564 0.544572 0.534096 0.524245 0.515045 0.506518 0.49868 0.491545 0.485121 0.479411 0.47442 0.470147 0.466591 0.463749 0.461621 0.460204 0.459495 
0.466382 0.46709 0.468508 0.470636 0.473477 0.477034 0.481307 0.486298 0.492007 0.498432 0.505567 0.513404 0.521931 0.531132 0.540983 0.551459 0.562527 0.574148 0.586278 0.598867 0.611862 0.625201 0.638821 0.652654 0.66663 0.680677 0.69472 0.708687 0.722504 0.7361 0.749408 0.762361 0.774899 0.786966 0.798509 0.809484 0.819847 0.829566 0.838609 0.846952 0.854575 0.861462 0.8676 0.872982 0.877601 0.881454 0.884537 0.88685 0.888392 0.889163 0.889163 0.888392 0.88685 0.884537 0.881454 0.877601 0.872982 0.8676 0.861462 0.854575 0.846952 0.838609 0.829566 0.819847 0.809484 0.798509 0.786966 0.774899 0.762361 0.749408 0.7361 0.722504 0.708687 0.69472 0.680677 0.66663 0.652654 0.638821 0.625201 0.611862 0.598867 0.586278 0.574148 0.562527 0.551459 0.540983 0.531132 0.521931 0.513404 0.505567 0.498432 0.492007 0.486298 0.481307 0.477034 0.473477 0.470636 0.468508 0.46709 0.466382 
0.472521 0.473229 0.474647 0.476775 0.479616 0.483172 0.487445 0.492437 0.498146 0.504571 0.511706 0.519543 0.52807 0.53727 0.547122 0.557598 0.568665 0.580286 0.592416 0.605006 0.618 0.63134 0.64496 0.658793 0.672769 0.686815 0.700859 0.714825 0.728642 0.742239 0.755546 0.7685 0.781038 0.793105 0.804648 0.815622 0.825986 0.835705 0.844748 0.853091 0.860714 0.8676 0.873739 0.879121 0.88374 0.887592 0.890675 0.892988 0.89453 0.895301 0.895301 0.89453 0.892988 0.890675 0.887592 0.88374 0.879121 0.873739 0.8676 0.860714 0.853091 0.844748 0.835705 0.825986 0.815622 0.804648 0.793105 0.781038 0.7685 0.755546 0.742239 0.728642 0.714825 0.700859 0.686815 0.672769 0.658793 0.64496 0.63134 0.618 0.605006 0.592416 0.580286 0.568665 0.557598 0.547122 0.53727 0.52807 0.519543 0.511706 0.504571 0.498146 0.492437 0.487445 0.483172 0.479616 0.476775 0.474647 0.473229 0.472521 
0.477903 0.478611 0.480028 0.482157 0.484998 0.488554 0.492827 0.497819 0.503528 0.509953 0.517088 0.524925 0.533452 0.542652 0.552504 0.56298 0.574047 0.585668 0.597798 0.610388 0.623382 0.636722 0.650342 0.664175 0.678151 0.692197 0.706241 0.720207 0.734024 0.747621 0.760928 0.773882 0.78642 0.798487 0.81003 0.821004 0.831368 0.841086 0.85013 0.858473 0.866095 0.872982 0.879121 0.884503 0.889122 0.892974 0.896057 0.89837 0.899912 0.900683 0.900683 0.899912 0.89837 0.896057 0.892974 0.889122 0.884503 0.879121 0.872982 0.866095 0.858473 0.85013 0.841086 0.831368 0.821004 0.81003 0.798487 0.78642 0.773882 0.760928 0.747621 0.734024 0.720207 0.706241 0.692197 0.678151 0.664175 0.650342 0.636722 0.623382 0.610388 0.597798 0.585668 0.574047 0.56298 0.552504 0.542652 0.533452 0.524925 0.517088 0.509953 0.503528 0.497819 0.492827 0.488554 0.484998 0.482157 0.480028 0.478611 0.477903 
