0.0931863 0.0934208 0.0938896 0.0945896 0.0955197 0.0966741 0.098051 0.0996416 0.101444 0.103445 0.105644 0.108025 0.110586 0.11331 0.116192 0.119215 0.122373 0.125648 0.129033 0.132507 0.136065 0.139684 0.143359 0.147066 0.1508 0.154537 0.158271 0.161978 0.165653 0.169272 0.17283 0.176304 0.179689 0.182963 0.186122 0.189145 0.192027 0.194751 0.197311 0.199693 0.201891 0.203893 0.205695 0.207286 0.208663 0.209817 0.210747 0.211447 0.211916 0.212151 0.212151 0.211916 0.211447 0.210747 0.209817 0.208663 0.207286 0.205695 0.203893 0.201891 0.199693 0.197311 0.194751 0.192027 0.189145 0.186122 0.182963 0.179689 0.176304 0.17283 0.169272 0.165653 0.161978 0.158271 0.154537 0.1508 0.147066 0.143359 0.139684 0.136065 0.132507 0.129033 0.125648 0.122373 0.119215 0.116192 0.11331 0.110586 0.108025 0.105644 0.103445 0.101444 0.0996416 0.098051 0.0966741 0.0955197 0.0945896 0.0938896 0.0934208 0.0931863 
0.0934208 0.0936566 0.0941253 0.0948288 0.095759 0.0969192 0.0982961 0.0998946 0.101697 0.103708 0.105907 0.1083 0.110861 0.113598 0.116481 0.119519 0.122677 0.125968 0.129353 0.132845 0.136403 0.14004 0.143715 0.147441 0.151175 0.15493 0.158664 0.16239 0.166065 0.169702 0.17326 0.176752 0.180137 0.183428 0.186586 0.189624 0.192507 0.195244 0.197804 0.200198 0.202396 0.204408 0.20621 0.207809 0.209186 0.210346 0.211276 0.21198 0.212448 0.212684 0.212684 0.212448 0.21198 0.211276 0.210346 0.209186 0.207809 0.20621 0.204408 0.202396 0.200198 0.197804 0.195244 0.192507 0.189624 0.186586 0.183428 0.180137 0.176752 0.17326 0.169702 0.166065 0.16239 0.158664 0.15493 0.151175 0.147441 0.143715 0.14004 0.136403 0.132845 0.129353 0.125968 0.122677 0.119519 0.116481 0.113598 0.110861 0.1083 0.105907 0.103708 0.101697 0.0998946 0.0982961 0.0969192 0.095759 0.0948288 0.0941253 0.0936566 0.0934208 
0.0938896 0.0941253 0.0945988 0.0953023 0.0962418 0.0974019 0.0987926 0.100391 0.102211 0.104223 0.106444 0.108837 0.111423 0.114161 0.117072 0.12011 0.1233 0.126591 0.13001 0.133501 0.137095 0.140732 0.144444 0.14817 0.151941 0.155697 0.159468 0.163194 0.166906 0.170543 0.174137 0.177628 0.181047 0.184338 0.187528 0.190566 0.193477 0.196215 0.198801 0.201194 0.203415 0.205427 0.207247 0.208845 0.210236 0.211396 0.212336 0.213039 0.213513 0.213748 0.213748 0.213513 0.213039 0.212336 0.211396 0.210236 0.208845 0.207247 0.205427 0.203415 0.201194 0.198801 0.196215 0.193477 0.190566 0.187528 0.184338 0.181047 0.177628 0.174137 0.170543 0.166906 0.163194 0.159468 0.155697 0.151941 0.14817 0.144444 0.140732 0.137095 0.133501 0.13001 0.126591 0.1233 0.12011 0.117072 0.114161 0.111423 0.108837 0.106444 0.104223 0.102211 0.100391 0.0987926 0.0974019 0.0962418 0.0953023 0.0945988 0.0941253 0.0938896 
0.0945896 0.0948288 0.0953023 0.0960163 0.0969558 0.0981332 0.0995239 0.101146 0.102966 0.105008 0.107229 0.109658 0.112244 0.115022 0.117934 0.121017 0.124207 0.127547 0.130966 0.134509 0.138103 0.141795 0.145507 0.149288 0.153059 0.156871 0.160642 0.164424 0.168135 0.171827 0.175421 0.178964 0.182383 0.185723 0.188913 0.191997 0.194908 0.197686 0.200272 0.202701 0.204922 0.206964 0.208784 0.210406 0.211797 0.212974 0.213914 0.214628 0.215101 0.215341 0.215341 0.215101 0.214628 0.213914 0.212974 0.211797 0.210406 0.208784 0.206964 0.204922 0.202701 0.200272 0.197686 0.194908 0.191997 0.188913 0.185723 0.182383 0.178964 0.175421 0.171827 0.168135 0.164424 0.160642 0.156871 0.153059 0.149288 0.145507 0.141795 0.138103 0.134509 0.130966 0.127547 0.124207 0.121017 0.117934 0.115022 0.112244 0.109658 0.107229 0.105008 0.102966 0.101146 0.0995239 0.0981332 0.0969558 0.0960163 0.0953023 0.0948288 0.0945896 
0.0955197 0.095759 0.0962418 0.0969558 0.0979137 0.0990912 0.100509 0.102132 0.103988 0.106029 0.108294 0.110723 0.11336 0.116138 0.119107 0.12219 0.125443 0.128783 0.132269 0.135813 0.139477 0.143169 0.146954 0.150735 0.15458 0.158392 0.162237 0.166019 0.169804 0.173495 0.17716 0.180703 0.18419 0.187529 0.190783 0.193866 0.196834 0.199612 0.20225 0.204679 0.206943 0.208985 0.210841 0.212463 0.213881 0.215059 0.216017 0.216731 0.217213 0.217453 0.217453 0.217213 0.216731 0.216017 0.215059 0.213881 0.212463 0.210841 0.208985 0.206943 0.204679 0.20225 0.199612 0.196834 0.193866 0.190783 0.187529 0.18419 0.180703 0.17716 0.173495 0.169804 0.166019 0.162237 0.158392 0.15458 0.150735 0.146954 0.143169 0.139477 0.135813 0.132269 0.128783 0.125443 0.12219 0.119107 0.116138 0.11336 0.110723 0.108294 0.106029 0.103988 0.102132 0.100509 0.0990912 0.0979137 0.0969558 0.0962418 0.095759 0.0955197 
0.0966741 0.0969192 0.0974019 0.0981332 0.0990912 0.100297 0.101715 0.103377 0.105233 0.107324 0.109589 0.112077 0.114714 0.117559 0.120528 0.123686 0.126939 0.130359 0.133846 0.137475 0.14114 0.144921 0.148706 0.152579 0.156424 0.160328 0.164174 0.168047 0.171832 0.175613 0.179277 0.182907 0.186393 0.189814 0.193067 0.196225 0.199193 0.202039 0.204676 0.207164 0.209428 0.21152 0.213376 0.215037 0.216455 0.217661 0.218619 0.219351 0.219833 0.220078 0.220078 0.219833 0.219351 0.218619 0.217661 0.216455 0.215037 0.213376 0.21152 0.209428 0.207164 0.204676 0.202039 0.199193 0.196225 0.193067 0.189814 0.186393 0.182907 0.179277 0.175613 0.171832 0.168047 0.164174 0.160328 0.156424 0.152579 0.148706 0.144921 0.14114 0.137475 0.133846 0.130359 0.126939 0.123686 0.120528 0.117559 0.114714 0.112077 0.109589 0.107324 0.105233 0.103377 0.101715 0.100297 0.0990912 0.0981332 0.0974019 0.0969192 0.0966741 
0.098051 0.0982961 0.0987926 0.0995239 0.100509 0.101715 0.103174 0.104836 0.106745 0.108836 0.111165 0.113653 0.116365 0.119211 0.122264 0.125422 0.128768 0.132189 0.135775 0.139404 0.143173 0.146955 0.150848 0.154721 0.158676 0.16258 0.166535 0.170408 0.174301 0.178082 0.181852 0.185481 0.189067 0.192488 0.195834 0.198992 0.202045 0.20489 0.207603 0.210091 0.21242 0.214511 0.21642 0.218082 0.219541 0.220747 0.221732 0.222463 0.22296 0.223205 0.223205 0.22296 0.222463 0.221732 0.220747 0.219541 0.218082 0.21642 0.214511 0.21242 0.210091 0.207603 0.20489 0.202045 0.198992 0.195834 0.192488 0.189067 0.185481 0.181852 0.178082 0.174301 0.170408 0.166535 0.16258 0.158676 0.154721 0.150848 0.146955 0.143173 0.139404 0.135775 0.132189 0.128768 0.125422 0.122264 0.119211 0.116365 0.113653 0.111165 0.108836 0.106745 0.104836 0.103174 0.101715 0.100509 0.0995239 0.0987926 0.0982961 0.098051 
0.0996416 0.0998946 0.100391 0.101146 0.102132 0.103377 0.104836 0.106552 0.10846 0.11062 0.112949 0.115518 0.118231 0.121169 0.124222 0.127483 0.130829 0.134362 0.137947 0.141695 0.145464 0.149369 0.153262 0.157261 0.161217 0.165248 0.169203 0.173203 0.177096 0.181 0.184769 0.188517 0.192103 0.195635 0.198981 0.202242 0.205296 0.208234 0.210946 0.213515 0.215845 0.218004 0.219913 0.221629 0.223088 0.224333 0.225318 0.226073 0.22657 0.226823 0.226823 0.22657 0.226073 0.225318 0.224333 0.223088 0.221629 0.219913 0.218004 0.215845 0.213515 0.210946 0.208234 0.205296 0.202242 0.198981 0.195635 0.192103 0.188517 0.184769 0.181 0.177096 0.173203 0.169203 0.165248 0.161217 0.157261 0.153262 0.149369 0.145464 0.141695 0.137947 0.134362 0.130829 0.127483 0.124222 0.121169 0.118231 0.115518 0.112949 0.11062 0.10846 0.106552 0.104836 0.103377 0.102132 0.101146 0.100391 0.0998946 0.0996416 
0.101444 0.101697 0.102211 0.102966 0.103988 0.105233 0.106745 0.10846 0.110439 0.112598 0.115012 0.117581 0.120392 0.12333 0.126495 0.129756 0.133223 0.136756 0.140472 0.14422 0.148126 0.15203 0.156065 0.160064 0.164163 0.168195 0.172294 0.176293 0.180328 0.184232 0.188138 0.191886 0.195602 0.199135 0.202602 0.205863 0.209028 0.211966 0.214777 0.217346 0.21976 0.221919 0.223898 0.225614 0.227125 0.228371 0.229392 0.230147 0.230661 0.230915 0.230915 0.230661 0.230147 0.229392 0.228371 0.227125 0.225614 0.223898 0.221919 0.21976 0.217346 0.214777 0.211966 0.209028 0.205863 0.202602 0.199135 0.195602 0.191886 0.188138 0.184232 0.180328 0.176293 0.172294 0.168195 0.164163 0.160064 0.156065 0.15203 0.148126 0.14422 0.140472 0.136756 0.133223 0.129756 0.126495 0.12333 0.120392 0.117581 0.115012 0.112598 0.110439 0.10846 0.106745 0.105233 0.103988 0.102966 0.102211 0.101697 0.101444 
0.103445 0.103708 0.104223 0.105008 0.106029 0.107324 0.108836 0.11062 0.112598 0.114844 0.117257 0.119929 0.12274 0.125795 0.128959 0.13235 0.135817 0.13949 0.143206 0.147103 0.151009 0.155069 0.159103 0.163262 0.167361 0.171552 0.175652 0.17981 0.183844 0.187904 0.19181 0.195707 0.199423 0.203096 0.206564 0.209954 0.213118 0.216173 0.218985 0.221656 0.22407 0.226315 0.228293 0.230077 0.231589 0.232884 0.233905 0.23469 0.235205 0.235468 0.235468 0.235205 0.23469 0.233905 0.232884 0.231589 0.230077 0.228293 0.226315 0.22407 0.221656 0.218985 0.216173 0.213118 0.209954 0.206564 0.203096 0.199423 0.195707 0.19181 0.187904 0.183844 0.17981 0.175652 0.171552 0.167361 0.163262 0.159103 0.155069 0.151009 0.147103 0.143206 0.13949 0.135817 0.13235 0.128959 0.125795 0.12274 0.119929 0.117257 0.114844 0.112598 0.11062 0.108836 0.107324 0.106029 0.105008 0.104223 0.103708 0.103445 
0.105644 0.105907 0.106444 0.107229 0.108294 0.109589 0.111165 0.112949 0.115012 0.117257 0.119774 0.122446 0.125377 0.128432 0.131732 0.135122 0.138738 0.142411 0.146286 0.150183 0.154257 0.158316 0.162523 0.166682 0.170956 0.175148 0.179422 0.183581 0.187788 0.191848 0.195921 0.199818 0.203693 0.207366 0.210982 0.214372 0.217672 0.220727 0.223659 0.22633 0.228847 0.231092 0.233155 0.234939 0.236516 0.23781 0.238875 0.23966 0.240197 0.24046 0.24046 0.240197 0.23966 0.238875 0.23781 0.236516 0.234939 0.233155 0.231092 0.228847 0.22633 0.223659 0.220727 0.217672 0.214372 0.210982 0.207366 0.203693 0.199818 0.195921 0.191848 0.187788 0.183581 0.179422 0.175148 0.170956 0.166682 0.162523 0.158316 0.154257 0.150183 0.146286 0.142411 0.138738 0.135122 0.131732 0.128432 0.125377 0.122446 0.119774 0.117257 0.115012 0.112949 0.111165 0.109589 0.108294 0.107229 0.106444 0.105907 0.105644 
0.108025 0.1083 0.108837 0.109658 0.110723 0.112077 0.113653 0.115518 0.117581 0.119929 0.122446 0.125238 0.12817 0.131364 0.134663 0.138208 0.141824 0.145664 0.149539 0.153613 0.157687 0.161931 0.166138 0.170486 0.17476 0.179142 0.183417 0.187764 0.191971 0.196216 0.200289 0.204363 0.208238 0.212078 0.215694 0.219239 0.222539 0.225733 0.228664 0.231457 0.233974 0.236321 0.238384 0.24025 0.241826 0.24318 0.244244 0.245065 0.245602 0.245877 0.245877 0.245602 0.245065 0.244244 0.24318 0.241826 0.24025 0.238384 0.236321 0.233974 0.231457 0.228664 0.225733 0.222539 0.219239 0.215694 0.212078 0.208238 0.204363 0.200289 0.196216 0.191971 0.187764 0.183417 0.179142 0.17476 0.170486 0.166138 0.161931 0.157687 0.153613 0.149539 0.145664 0.141824 0.138208 0.134663 0.131364 0.12817 0.125238 0.122446 0.119929 0.117581 0.115518 0.113653 0.112077 0.110723 0.109658 0.108837 0.1083 0.108025 
0.110586 0.110861 0.111423 0.112244 0.11336 0.114714 0.116365 0.118231 0.120392 0.12274 0.125377 0.12817 0.131241 0.134435 0.137893 0.141438 0.145226 0.149066 0.153127 0.157201 0.161469 0.165713 0.170121 0.174469 0.178948 0.18333 0.187809 0.192156 0.196564 0.200809 0.205077 0.209151 0.213211 0.217051 0.22084 0.224385 0.227842 0.231036 0.234108 0.2369 0.239538 0.241885 0.244047 0.245912 0.247564 0.248917 0.250033 0.250854 0.251416 0.251691 0.251691 0.251416 0.250854 0.250033 0.248917 0.247564 0.245912 0.244047 0.241885 0.239538 0.2369 0.234108 0.231036 0.227842 0.224385 0.22084 0.217051 0.213211 0.209151 0.205077 0.200809 0.196564 0.192156 0.187809 0.18333 0.178948 0.174469 0.170121 0.165713 0.161469 0.157201 0.153127 0.149066 0.145226 0.141438 0.137893 0.134435 0.131241 0.12817 0.125377 0.12274 0.120392 0.118231 0.116365 0.114714 0.11336 0.112244 0.111423 0.110861 0.110586 
0.11331 0.113598 0.114161 0.115022 0.116138 0.117559 0.119211 0.121169 0.12333 0.125795 0.128432 0.131364 0.134435 0.137788 0.141246 0.144967 0.148756 0.152786 0.156847 0.161124 0.165392 0.169847 0.174255 0.178819 0.183298 0.187898 0.192377 0.196941 0.201349 0.205804 0.210072 0.214349 0.21841 0.22244 0.226229 0.22995 0.233408 0.236761 0.239832 0.242764 0.245401 0.247866 0.250027 0.251985 0.253637 0.255058 0.256174 0.257035 0.257598 0.257886 0.257886 0.257598 0.257035 0.256174 0.255058 0.253637 0.251985 0.250027 0.247866 0.245401 0.242764 0.239832 0.236761 0.233408 0.22995 0.226229 0.22244 0.21841 0.214349 0.210072 0.205804 0.201349 0.196941 0.192377 0.187898 0.183298 0.178819 0.174255 0.169847 0.165392 0.161124 0.156847 0.152786 0.148756 0.144967 0.141246 0.137788 0.134435 0.131364 0.128432 0.125795 0.12333 0.121169 0.119211 0.117559 0.116138 0.115022 0.114161 0.113598 0.11331 
0.116192 0.116481 0.117072 0.117934 0.119107 0.120528 0.122264 0.124222 0.126495 0.128959 0.131732 0.134663 0.137893 0.141246 0.144881 0.148602 0.152585 0.156616 0.160885 0.165162 0.169649 0.174104 0.178739 0.183303 0.188012 0.192612 0.197321 0.201884 0.206519 0.210974 0.215461 0.219738 0.224007 0.228038 0.232021 0.235742 0.239378 0.24273 0.24596 0.248891 0.251664 0.254128 0.256401 0.258359 0.260095 0.261516 0.26269 0.263551 0.264142 0.264431 0.264431 0.264142 0.263551 0.26269 0.261516 0.260095 0.258359 0.256401 0.254128 0.251664 0.248891 0.24596 0.24273 0.239378 0.235742 0.232021 0.228038 0.224007 0.219738 0.215461 0.210974 0.206519 0.201884 0.197321 0.192612 0.188012 0.183303 0.178739 0.174104 0.169649 0.165162 0.160885 0.156616 0.152585 0.148602 0.144881 0.141246 0.137893 0.134663 0.131732 0.128959 0.126495 0.124222 0.122264 0.120528 0.119107 0.117934 0.117072 0.116481 0.116192 
0.119215 0.119519 0.12011 0.121017 0.12219 0.123686 0.125422 0.127483 0.129756 0.13235 0.135122 0.138208 0.141438 0.144967 0.148602 0.152519 0.156502 0.160745 0.165014 0.169515 0.174003 0.178692 0.183327 0.188131 0.19284 0.197682 0.202391 0.207194 0.211829 0.216519 0.221006 0.225508 0.229777 0.234019 0.238003 0.24192 0.245555 0.249084 0.252313 0.255399 0.258172 0.260766 0.263038 0.265099 0.266836 0.268332 0.269505 0.270412 0.271003 0.271307 0.271307 0.271003 0.270412 0.269505 0.268332 0.266836 0.265099 0.263038 0.260766 0.258172 0.255399 0.252313 0.249084 0.245555 0.24192 0.238003 0.234019 0.229777 0.225508 0.221006 0.216519 0.211829 0.207194 0.202391 0.197682 0.19284 0.188131 0.183327 0.178692 0.174003 0.169515 0.165014 0.160745 0.156502 0.152519 0.148602 0.144967 0.141438 0.138208 0.135122 0.13235 0.129756 0.127483 0.125422 0.123686 0.12219 0.121017 0.12011 0.119519 0.119215 
0.122373 0.122677 0.1233 0.124207 0.125443 0.126939 0.128768 0.130829 0.133223 0.135817 0.138738 0.141824 0.145226 0.148756 0.152585 0.156502 0.160699 0.164941 0.169439 0.173941 0.178668 0.183358 0.18824 0.193044 0.198005 0.202847 0.207808 0.212612 0.217494 0.222184 0.226912 0.231413 0.235911 0.240153 0.24435 0.248267 0.252096 0.255626 0.259028 0.262114 0.265035 0.267629 0.270023 0.272084 0.273913 0.275409 0.276645 0.277552 0.278175 0.278479 0.278479 0.278175 0.277552 0.276645 0.275409 0.273913 0.272084 0.270023 0.267629 0.265035 0.262114 0.259028 0.255626 0.252096 0.248267 0.24435 0.240153 0.235911 0.231413 0.226912 0.222184 0.217494 0.212612 0.207808 0.202847 0.198005 0.193044 0.18824 0.183358 0.178668 0.173941 0.169439 0.164941 0.160699 0.156502 0.152585 0.148756 0.145226 0.141824 0.138738 0.135817 0.133223 0.130829 0.128768 0.126939 0.125443 0.124207 0.1233 0.122677 0.122373 
0.125648 0.125968 0.126591 0.127547 0.128783 0.130359 0.132189 0.134362 0.136756 0.13949 0.142411 0.145664 0.149066 0.152786 0.156616 0.160745 0.164941 0.169414 0.173911 0.178657 0.183384 0.188328 0.19321 0.198274 0.203235 0.208339 0.2133 0.218364 0.223246 0.22819 0.232917 0.237663 0.24216 0.246633 0.250829 0.254958 0.258788 0.262508 0.26591 0.269163 0.272084 0.274818 0.277213 0.279385 0.281215 0.282791 0.284027 0.284983 0.285606 0.285927 0.285927 0.285606 0.284983 0.284027 0.282791 0.281215 0.279385 0.277213 0.274818 0.272084 0.269163 0.26591 0.262508 0.258788 0.254958 0.250829 0.246633 0.24216 0.237663 0.232917 0.22819 0.223246 0.218364 0.2133 0.208339 0.203235 0.198274 0.19321 0.188328 0.183384 0.178657 0.173911 0.169414 0.164941 0.160745 0.156616 0.152786 0.149066 0.145664 0.142411 0.13949 0.136756 0.134362 0.132189 0.130359 0.128783 0.127547 0.126591 0.125968 0.125648 
0.129033 0.129353 0.13001 0.130966 0.132269 0.133846 0.135775 0.137947 0.140472 0.143206 0.146286 0.149539 0.153127 0.156847 0.160885 0.165014 0.169439 0.173911 0.178653 0.183399 0.188384 0.193327 0.198476 0.20354 0.208771 0.213875 0.219106 0.224169 0.229318 0.234262 0.239246 0.243992 0.248734 0.253206 0.257631 0.26176 0.265798 0.269519 0.273106 0.276359 0.279439 0.282173 0.284698 0.28687 0.288799 0.290376 0.291679 0.292635 0.293292 0.293613 0.293613 0.293292 0.292635 0.291679 0.290376 0.288799 0.28687 0.284698 0.282173 0.279439 0.276359 0.273106 0.269519 0.265798 0.26176 0.257631 0.253206 0.248734 0.243992 0.239246 0.234262 0.229318 0.224169 0.219106 0.213875 0.208771 0.20354 0.198476 0.193327 0.188384 0.183399 0.178653 0.173911 0.169439 0.165014 0.160885 0.156847 0.153127 0.149539 0.146286 0.143206 0.140472 0.137947 0.135775 0.133846 0.132269 0.130966 0.13001 0.129353 0.129033 
0.132507 0.132845 0.133501 0.134509 0.135813 0.137475 0.139404 0.141695 0.14422 0.147103 0.150183 0.153613 0.157201 0.161124 0.165162 0.169515 0.173941 0.178657 0.183399 0.188403 0.193388 0.198601 0.203749 0.209089 0.21432 0.219702 0.224933 0.230273 0.235421 0.240634 0.245619 0.250623 0.255365 0.260081 0.264506 0.26886 0.272898 0.276821 0.280408 0.283838 0.286919 0.289802 0.292326 0.294617 0.296546 0.298209 0.299512 0.300521 0.301177 0.301515 0.301515 0.301177 0.300521 0.299512 0.298209 0.296546 0.294617 0.292326 0.289802 0.286919 0.283838 0.280408 0.276821 0.272898 0.26886 0.264506 0.260081 0.255365 0.250623 0.245619 0.240634 0.235421 0.230273 0.224933 0.219702 0.21432 0.209089 0.203749 0.198601 0.193388 0.188403 0.183399 0.178657 0.173941 0.169515 0.165162 0.161124 0.157201 0.153613 0.150183 0.147103 0.14422 0.141695 0.139404 0.137475 0.135813 0.134509 0.133501 0.132845 0.132507 
0.136065 0.136403 0.137095 0.138103 0.139477 0.14114 0.143173 0.145464 0.148126 0.151009 0.154257 0.157687 0.161469 0.165392 0.169649 0.174003 0.178668 0.183384 0.188384 0.193388 0.198643 0.203856 0.209284 0.214623 0.220138 0.22552 0.231035 0.236375 0.241803 0.247016 0.252271 0.257275 0.262275 0.266991 0.271656 0.27601 0.280267 0.28419 0.287972 0.291402 0.29465 0.297533 0.300194 0.302485 0.304519 0.306182 0.307556 0.308564 0.309256 0.309594 0.309594 0.309256 0.308564 0.307556 0.306182 0.304519 0.302485 0.300194 0.297533 0.29465 0.291402 0.287972 0.28419 0.280267 0.27601 0.271656 0.266991 0.262275 0.257275 0.252271 0.247016 0.241803 0.236375 0.231035 0.22552 0.220138 0.214623 0.209284 0.203856 0.198643 0.193388 0.188384 0.183384 0.178668 0.174003 0.169649 0.165392 0.161469 0.157687 0.154257 0.151009 0.148126 0.145464 0.143173 0.14114 0.139477 0.138103 0.137095 0.136403 0.136065 
0.139684 0.14004 0.140732 0.141795 0.143169 0.144921 0.146955 0.149369 0.15203 0.155069 0.158316 0.161931 0.165713 0.169847 0.174104 0.178692 0.183358 0.188328 0.193327 0.198601 0.203856 0.209349 0.214777 0.220404 0.225919 0.231591 0.237106 0.242733 0.248161 0.253655 0.25891 0.264183 0.269183 0.274153 0.278818 0.283406 0.287663 0.291797 0.29558 0.299194 0.302442 0.30548 0.308142 0.310556 0.31259 0.314342 0.315716 0.316778 0.317471 0.317827 0.317827 0.317471 0.316778 0.315716 0.314342 0.31259 0.310556 0.308142 0.30548 0.302442 0.299194 0.29558 0.291797 0.287663 0.283406 0.278818 0.274153 0.269183 0.264183 0.25891 0.253655 0.248161 0.242733 0.237106 0.231591 0.225919 0.220404 0.214777 0.209349 0.203856 0.198601 0.193327 0.188328 0.183358 0.178692 0.174104 0.169847 0.165713 0.161931 0.158316 0.155069 0.15203 0.149369 0.146955 0.144921 0.143169 0.141795 0.140732 0.14004 0.139684 
0.143359 0.143715 0.144444 0.145507 0.146954 0.148706 0.150848 0.153262 0.156065 0.159103 0.162523 0.166138 0.170121 0.174255 0.178739 0.183327 0.18824 0.19321 0.198476 0.203749 0.209284 0.214777 0.220494 0.226121 0.231929 0.237601 0.243409 0.249036 0.254753 0.260246 0.265781 0.271054 0.27632 0.28129 0.286203 0.290791 0.295275 0.299409 0.303392 0.307007 0.310427 0.313465 0.316268 0.318682 0.320824 0.322576 0.324023 0.325086 0.325815 0.326171 0.326171 0.325815 0.325086 0.324023 0.322576 0.320824 0.318682 0.316268 0.313465 0.310427 0.307007 0.303392 0.299409 0.295275 0.290791 0.286203 0.28129 0.27632 0.271054 0.265781 0.260246 0.254753 0.249036 0.243409 0.237601 0.231929 0.226121 0.220494 0.214777 0.209284 0.203749 0.198476 0.19321 0.18824 0.183327 0.178739 0.174255 0.170121 0.166138 0.162523 0.159103 0.156065 0.153262 0.150848 0.148706 0.146954 0.145507 0.144444 0.143715 0.143359 
0.147066 0.147441 0.14817 0.149288 0.150735 0.152579 0.154721 0.157261 0.160064 0.163262 0.166682 0.170486 0.174469 0.178819 0.183303 0.188131 0.193044 0.198274 0.20354 0.209089 0.214623 0.220404 0.226121 0.232042 0.237851 0.243819 0.249627 0.255549 0.261265 0.267046 0.272581 0.27813 0.283396 0.288626 0.293539 0.298367 0.302851 0.307201 0.311184 0.314988 0.318408 0.321605 0.324408 0.326949 0.329091 0.330935 0.332382 0.3335 0.334229 0.334604 0.334604 0.334229 0.3335 0.332382 0.330935 0.329091 0.326949 0.324408 0.321605 0.318408 0.314988 0.311184 0.307201 0.302851 0.298367 0.293539 0.288626 0.283396 0.27813 0.272581 0.267046 0.261265 0.255549 0.249627 0.243819 0.237851 0.232042 0.226121 0.220404 0.214623 0.209089 0.20354 0.198274 0.193044 0.188131 0.183303 0.178819 0.174469 0.170486 0.166682 0.163262 0.160064 0.157261 0.154721 0.152579 0.150735 0.149288 0.14817 0.147441 0.147066 
0.1508 0.151175 0.151941 0.153059 0.15458 0.156424 0.158676 0.161217 0.164163 0.167361 0.170956 0.17476 0.178948 0.183298 0.188012 0.19284 0.198005 0.203235 0.208771 0.21432 0.220138 0.225919 0.231929 0.237851 0.243957 0.249925 0.256031 0.261953 0.267963 0.273744 0.279562 0.285111 0.290647 0.295877 0.301042 0.30587 0.310584 0.314934 0.319122 0.322925 0.326521 0.329718 0.332665 0.335206 0.337457 0.339301 0.340822 0.341941 0.342707 0.343082 0.343082 0.342707 0.341941 0.340822 0.339301 0.337457 0.335206 0.332665 0.329718 0.326521 0.322925 0.319122 0.314934 0.310584 0.30587 0.301042 0.295877 0.290647 0.285111 0.279562 0.273744 0.267963 0.261953 0.256031 0.249925 0.243957 0.237851 0.231929 0.225919 0.220138 0.21432 0.208771 0.203235 0.198005 0.19284 0.188012 0.183298 0.178948 0.17476 0.170956 0.167361 0.164163 0.161217 0.158676 0.156424 0.15458 0.153059 0.151941 0.151175 0.1508 
0.154537 0.15493 0.155697 0.156871 0.158392 0.160328 0.16258 0.165248 0.168195 0.171552 0.175148 0.179142 0.18333 0.187898 0.192612 0.197682 0.202847 0.208339 0.213875 0.219702 0.22552 0.231591 0.237601 0.243819 0.249925 0.256193 0.262299 0.268517 0.274527 0.280598 0.286416 0.292244 0.297779 0.303271 0.308436 0.313507 0.31822 0.322788 0.326976 0.33097 0.334566 0.337924 0.34087 0.343538 0.34579 0.347726 0.349247 0.350421 0.351188 0.351581 0.351581 0.351188 0.350421 0.349247 0.347726 0.34579 0.343538 0.34087 0.337924 0.334566 0.33097 0.326976 0.322788 0.31822 0.313507 0.308436 0.303271 0.297779 0.292244 0.286416 0.280598 0.274527 0.268517 0.262299 0.256193 0.249925 0.243819 0.237601 0.231591 0.22552 0.219702 0.213875 0.208339 0.202847 0.197682 0.192612 0.187898 0.18333 0.179142 0.175148 0.171552 0.168195 0.165248 0.16258 0.160328 0.158392 0.156871 0.155697 0.15493 0.154537 
0.158271 0.158664 0.159468 0.160642 0.162237 0.164174 0.166535 0.169203 0.172294 0.175652 0.179422 0.183417 0.187809 0.192377 0.197321 0.202391 0.207808 0.2133 0.219106 0.224933 0.231035 0.237106 0.243409 0.249627 0.256031 0.262299 0.268703 0.274921 0.281224 0.287295 0.293397 0.299225 0.30503 0.310522 0.31594 0.32101 0.325953 0.330522 0.334913 0.338908 0.342679 0.346036 0.349127 0.351795 0.354157 0.356093 0.357688 0.358862 0.359666 0.36006 0.36006 0.359666 0.358862 0.357688 0.356093 0.354157 0.351795 0.349127 0.346036 0.342679 0.338908 0.334913 0.330522 0.325953 0.32101 0.31594 0.310522 0.30503 0.299225 0.293397 0.287295 0.281224 0.274921 0.268703 0.262299 0.256031 0.249627 0.243409 0.237106 0.231035 0.224933 0.219106 0.2133 0.207808 0.202391 0.197321 0.192377 0.187809 0.183417 0.179422 0.175652 0.172294 0.169203 0.166535 0.164174 0.162237 0.160642 0.159468 0.158664 0.158271 
0.161978 0.16239 0.163194 0.164424 0.166019 0.168047 0.170408 0.173203 0.176293 0.17981 0.183581 0.187764 0.192156 0.196941 0.201884 0.207194 0.212612 0.218364 0.224169 0.230273 0.236375 0.242733 0.249036 0.255549 0.261953 0.268517 0.274921 0.281434 0.287737 0.294095 0.300197 0.306301 0.312106 0.317858 0.323276 0.328586 0.333529 0.338314 0.342706 0.346889 0.35066 0.354177 0.357267 0.360062 0.362423 0.364451 0.366047 0.367276 0.36808 0.368492 0.368492 0.36808 0.367276 0.366047 0.364451 0.362423 0.360062 0.357267 0.354177 0.35066 0.346889 0.342706 0.338314 0.333529 0.328586 0.323276 0.317858 0.312106 0.306301 0.300197 0.294095 0.287737 0.281434 0.274921 0.268517 0.261953 0.255549 0.249036 0.242733 0.236375 0.230273 0.224169 0.218364 0.212612 0.207194 0.201884 0.196941 0.192156 0.187764 0.183581 0.17981 0.176293 0.173203 0.170408 0.168047 0.166019 0.164424 0.163194 0.16239 0.161978 
0.165653 0.166065 0.166906 0.168135 0.169804 0.171832 0.174301 0.177096 0.180328 0.183844 0.187788 0.191971 0.196564 0.201349 0.206519 0.211829 0.217494 0.223246 0.229318 0.235421 0.241803 0.248161 0.254753 0.261265 0.267963 0.274527 0.281224 0.287737 0.294328 0.300686 0.307068 0.313172 0.319243 0.324995 0.33066 0.335971 0.341141 0.345925 0.350518 0.354702 0.358645 0.362162 0.365394 0.368188 0.370658 0.372686 0.374354 0.375584 0.376425 0.376837 0.376837 0.376425 0.375584 0.374354 0.372686 0.370658 0.368188 0.365394 0.362162 0.358645 0.354702 0.350518 0.345925 0.341141 0.335971 0.33066 0.324995 0.319243 0.313172 0.307068 0.300686 0.294328 0.287737 0.281224 0.274527 0.267963 0.261265 0.254753 0.248161 0.241803 0.235421 0.229318 0.223246 0.217494 0.211829 0.206519 0.201349 0.196564 0.191971 0.187788 0.183844 0.180328 0.177096 0.174301 0.171832 0.169804 0.168135 0.166906 0.166065 0.165653 
0.169272 0.169702 0.170543 0.171827 0.173495 0.175613 0.178082 0.181 0.184232 0.187904 0.191848 0.196216 0.200809 0.205804 0.210974 0.216519 0.222184 0.22819 0.234262 0.240634 0.247016 0.253655 0.260246 0.267046 0.273744 0.280598 0.287295 0.294095 0.300686 0.307325 0.313707 0.32008 0.326151 0.332157 0.337822 0.343367 0.348537 0.353533 0.358125 0.362494 0.366437 0.370109 0.373341 0.376259 0.378728 0.380846 0.382514 0.383798 0.384639 0.385069 0.385069 0.384639 0.383798 0.382514 0.380846 0.378728 0.376259 0.373341 0.370109 0.366437 0.362494 0.358125 0.353533 0.348537 0.343367 0.337822 0.332157 0.326151 0.32008 0.313707 0.307325 0.300686 0.294095 0.287295 0.280598 0.273744 0.267046 0.260246 0.253655 0.247016 0.240634 0.234262 0.22819 0.222184 0.216519 0.210974 0.205804 0.200809 0.196216 0.191848 0.187904 0.184232 0.181 0.178082 0.175613 0.173495 0.171827 0.170543 0.169702 0.169272 
0.17283 0.17326 0.174137 0.175421 0.17716 0.179277 0.181852 0.184769 0.188138 0.19181 0.195921 0.200289 0.205077 0.210072 0.215461 0.221006 0.226912 0.232917 0.239246 0.245619 0.252271 0.25891 0.265781 0.272581 0.279562 0.286416 0.293397 0.300197 0.307068 0.313707 0.320359 0.326732 0.333061 0.339067 0.344972 0.350517 0.355906 0.360902 0.365689 0.370057 0.374168 0.37784 0.381209 0.384127 0.386701 0.388818 0.390557 0.391841 0.392718 0.393148 0.393148 0.392718 0.391841 0.390557 0.388818 0.386701 0.384127 0.381209 0.37784 0.374168 0.370057 0.365689 0.360902 0.355906 0.350517 0.344972 0.339067 0.333061 0.326732 0.320359 0.313707 0.307068 0.300197 0.293397 0.286416 0.279562 0.272581 0.265781 0.25891 0.252271 0.245619 0.239246 0.232917 0.226912 0.221006 0.215461 0.210072 0.205077 0.200289 0.195921 0.19181 0.188138 0.184769 0.181852 0.179277 0.17716 0.175421 0.174137 0.17326 0.17283 
0.176304 0.176752 0.177628 0.178964 0.180703 0.182907 0.185481 0.188517 0.191886 0.195707 0.199818 0.204363 0.209151 0.214349 0.219738 0.225508 0.231413 0.237663 0.243992 0.250623 0.257275 0.264183 0.271054 0.27813 0.285111 0.292244 0.299225 0.306301 0.313172 0.32008 0.326732 0.333363 0.339692 0.345942 0.351847 0.357617 0.363006 0.368204 0.372992 0.377537 0.381648 0.385469 0.388838 0.391874 0.394448 0.396651 0.39839 0.399726 0.400603 0.401051 0.401051 0.400603 0.399726 0.39839 0.396651 0.394448 0.391874 0.388838 0.385469 0.381648 0.377537 0.372992 0.368204 0.363006 0.357617 0.351847 0.345942 0.339692 0.333363 0.326732 0.32008 0.313172 0.306301 0.299225 0.292244 0.285111 0.27813 0.271054 0.264183 0.257275 0.250623 0.243992 0.237663 0.231413 0.225508 0.219738 0.214349 0.209151 0.204363 0.199818 0.195707 0.191886 0.188517 0.185481 0.182907 0.180703 0.178964 0.177628 0.176752 0.176304 
0.179689 0.180137 0.181047 0.182383 0.18419 0.186393 0.189067 0.192103 0.195602 0.199423 0.203693 0.208238 0.213211 0.21841 0.224007 0.229777 0.235911 0.24216 0.248734 0.255365 0.262275 0.269183 0.27632 0.283396 0.290647 0.297779 0.30503 0.312106 0.319243 0.326151 0.333061 0.339692 0.346266 0.352515 0.358649 0.364419 0.370016 0.375215 0.380187 0.384733 0.389003 0.392824 0.396323 0.399359 0.402033 0.404236 0.406043 0.407379 0.408289 0.408737 0.408737 0.408289 0.407379 0.406043 0.404236 0.402033 0.399359 0.396323 0.392824 0.389003 0.384733 0.380187 0.375215 0.370016 0.364419 0.358649 0.352515 0.346266 0.339692 0.333061 0.326151 0.319243 0.312106 0.30503 0.297779 0.290647 0.283396 0.27632 0.269183 0.262275 0.255365 0.248734 0.24216 0.235911 0.229777 0.224007 0.21841 0.213211 0.208238 0.203693 0.199423 0.195602 0.192103 0.189067 0.186393 0.18419 0.182383 0.181047 0.180137 0.179689 
0.182963 0.183428 0.184338 0.185723 0.187529 0.189814 0.192488 0.195635 0.199135 0.203096 0.207366 0.212078 0.217051 0.22244 0.228038 0.234019 0.240153 0.246633 0.253206 0.260081 0.266991 0.274153 0.28129 0.288626 0.295877 0.303271 0.310522 0.317858 0.324995 0.332157 0.339067 0.345942 0.352515 0.358994 0.365128 0.37111 0.376707 0.382097 0.38707 0.391782 0.396052 0.400013 0.403513 0.40666 0.409334 0.411618 0.413425 0.41481 0.41572 0.416184 0.416184 0.41572 0.41481 0.413425 0.411618 0.409334 0.40666 0.403513 0.400013 0.396052 0.391782 0.38707 0.382097 0.376707 0.37111 0.365128 0.358994 0.352515 0.345942 0.339067 0.332157 0.324995 0.317858 0.310522 0.303271 0.295877 0.288626 0.28129 0.274153 0.266991 0.260081 0.253206 0.246633 0.240153 0.234019 0.228038 0.22244 0.217051 0.212078 0.207366 0.203096 0.199135 0.195635 0.192488 0.189814 0.187529 0.185723 0.184338 0.183428 0.182963 
0.186122 0.186586 0.187528 0.188913 0.190783 0.193067 0.195834 0.198981 0.202602 0.206564 0.210982 0.215694 0.22084 0.226229 0.232021 0.238003 0.24435 0.250829 0.257631 0.264506 0.271656 0.278818 0.286203 0.293539 0.301042 0.308436 0.31594 0.323276 0.33066 0.337822 0.344972 0.351847 0.358649 0.365128 0.371476 0.377457 0.383249 0.388639 0.393784 0.398497 0.402915 0.406876 0.410497 0.413645 0.416412 0.418696 0.420565 0.42195 0.422892 0.423356 0.423356 0.422892 0.42195 0.420565 0.418696 0.416412 0.413645 0.410497 0.406876 0.402915 0.398497 0.393784 0.388639 0.383249 0.377457 0.371476 0.365128 0.358649 0.351847 0.344972 0.337822 0.33066 0.323276 0.31594 0.308436 0.301042 0.293539 0.286203 0.278818 0.271656 0.264506 0.257631 0.250829 0.24435 0.238003 0.232021 0.226229 0.22084 0.215694 0.210982 0.206564 0.202602 0.198981 0.195834 0.193067 0.190783 0.188913 0.187528 0.186586 0.186122 
0.189145 0.189624 0.190566 0.191997 0.193866 0.196225 0.198992 0.202242 0.205863 0.209954 0.214372 0.219239 0.224385 0.22995 0.235742 0.24192 0.248267 0.254958 0.26176 0.26886 0.27601 0.283406 0.290791 0.298367 0.30587 0.313507 0.32101 0.328586 0.335971 0.343367 0.350517 0.357617 0.364419 0.37111 0.377457 0.383634 0.389426 0.394992 0.400138 0.405005 0.409423 0.413514 0.417135 0.420385 0.423152 0.425511 0.42738 0.428811 0.429753 0.430232 0.430232 0.429753 0.428811 0.42738 0.425511 0.423152 0.420385 0.417135 0.413514 0.409423 0.405005 0.400138 0.394992 0.389426 0.383634 0.377457 0.37111 0.364419 0.357617 0.350517 0.343367 0.335971 0.328586 0.32101 0.313507 0.30587 0.298367 0.290791 0.283406 0.27601 0.26886 0.26176 0.254958 0.248267 0.24192 0.235742 0.22995 0.224385 0.219239 0.214372 0.209954 0.205863 0.202242 0.198992 0.196225 0.193866 0.191997 0.190566 0.189624 0.189145 
0.192027 0.192507 0.193477 0.194908 0.196834 0.199193 0.202045 0.205296 0.209028 0.213118 0.217672 0.222539 0.227842 0.233408 0.239378 0.245555 0.252096 0.258788 0.265798 0.272898 0.280267 0.287663 0.295275 0.302851 0.310584 0.31822 0.325953 0.333529 0.341141 0.348537 0.355906 0.363006 0.370016 0.376707 0.383249 0.389426 0.395396 0.400962 0.406265 0.411132 0.415685 0.419776 0.423508 0.426759 0.429611 0.43197 0.433896 0.435327 0.436297 0.436777 0.436777 0.436297 0.435327 0.433896 0.43197 0.429611 0.426759 0.423508 0.419776 0.415685 0.411132 0.406265 0.400962 0.395396 0.389426 0.383249 0.376707 0.370016 0.363006 0.355906 0.348537 0.341141 0.333529 0.325953 0.31822 0.310584 0.302851 0.295275 0.287663 0.280267 0.272898 0.265798 0.258788 0.252096 0.245555 0.239378 0.233408 0.227842 0.222539 0.217672 0.213118 0.209028 0.205296 0.202045 0.199193 0.196834 0.194908 0.193477 0.192507 0.192027 
0.194751 0.195244 0.196215 0.197686 0.199612 0.202039 0.20489 0.208234 0.211966 0.216173 0.220727 0.225733 0.231036 0.236761 0.24273 0.249084 0.255626 0.262508 0.269519 0.276821 0.28419 0.291797 0.299409 0.307201 0.314934 0.322788 0.330522 0.338314 0.345925 0.353533 0.360902 0.368204 0.375215 0.382097 0.388639 0.394992 0.400962 0.406687 0.41199 0.416996 0.421549 0.425757 0.429489 0.432832 0.435684 0.43811 0.440037 0.441508 0.442479 0.442972 0.442972 0.442479 0.441508 0.440037 0.43811 0.435684 0.432832 0.429489 0.425757 0.421549 0.416996 0.41199 0.406687 0.400962 0.394992 0.388639 0.382097 0.375215 0.368204 0.360902 0.353533 0.345925 0.338314 0.330522 0.322788 0.314934 0.307201 0.299409 0.291797 0.28419 0.276821 0.269519 0.262508 0.255626 0.249084 0.24273 0.236761 0.231036 0.225733 0.220727 0.216173 0.211966 0.208234 0.20489 0.202039 0.199612 0.197686 0.196215 0.195244 0.194751 
0.197311 0.197804 0.198801 0.200272 0.20225 0.204676 0.207603 0.210946 0.214777 0.218985 0.223659 0.228664 0.234108 0.239832 0.24596 0.252313 0.259028 0.26591 0.273106 0.280408 0.287972 0.29558 0.303392 0.311184 0.319122 0.326976 0.334913 0.342706 0.350518 0.358125 0.365689 0.372992 0.380187 0.38707 0.393784 0.400138 0.406265 0.41199 0.417433 0.422439 0.427113 0.431321 0.435151 0.438495 0.441422 0.443848 0.445825 0.447297 0.448293 0.448786 0.448786 0.448293 0.447297 0.445825 0.443848 0.441422 0.438495 0.435151 0.431321 0.427113 0.422439 0.417433 0.41199 0.406265 0.400138 0.393784 0.38707 0.380187 0.372992 0.365689 0.358125 0.350518 0.342706 0.334913 0.326976 0.319122 0.311184 0.303392 0.29558 0.287972 0.280408 0.273106 0.26591 0.259028 0.252313 0.24596 0.239832 0.234108 0.228664 0.223659 0.218985 0.214777 0.210946 0.207603 0.204676 0.20225 0.200272 0.198801 0.197804 0.197311 
0.199693 0.200198 0.201194 0.202701 0.204679 0.207164 0.210091 0.213515 0.217346 0.221656 0.22633 0.231457 0.2369 0.242764 0.248891 0.255399 0.262114 0.269163 0.276359 0.283838 0.291402 0.299194 0.307007 0.314988 0.322925 0.33097 0.338908 0.346889 0.354702 0.362494 0.370057 0.377537 0.384733 0.391782 0.398497 0.405005 0.411132 0.416996 0.422439 0.427566 0.43224 0.43655 0.44038 0.443805 0.446732 0.449217 0.451195 0.452702 0.453698 0.454203 0.454203 0.453698 0.452702 0.451195 0.449217 0.446732 0.443805 0.44038 0.43655 0.43224 0.427566 0.422439 0.416996 0.411132 0.405005 0.398497 0.391782 0.384733 0.377537 0.370057 0.362494 0.354702 0.346889 0.338908 0.33097 0.322925 0.314988 0.307007 0.299194 0.291402 0.283838 0.276359 0.269163 0.262114 0.255399 0.248891 0.242764 0.2369 0.231457 0.22633 0.221656 0.217346 0.213515 0.210091 0.207164 0.204679 0.202701 0.201194 0.200198 0.199693 
0.201891 0.202396 0.203415 0.204922 0.206943 0.209428 0.21242 0.215845 0.21976 0.22407 0.228847 0.233974 0.239538 0.245401 0.251664 0.258172 0.265035 0.272084 0.279439 0.286919 0.29465 0.302442 0.310427 0.318408 0.326521 0.334566 0.342679 0.35066 0.358645 0.366437 0.374168 0.381648 0.389003 0.396052 0.402915 0.409423 0.415685 0.421549 0.427113 0.43224 0.437017 0.441327 0.445242 0.448667 0.451658 0.454144 0.456165 0.457672 0.45869 0.459195 0.459195 0.45869 0.457672 0.456165 0.454144 0.451658 0.448667 0.445242 0.441327 0.437017 0.43224 0.427113 0.421549 0.415685 0.409423 0.402915 0.396052 0.389003 0.381648 0.374168 0.366437 0.358645 0.35066 0.342679 0.334566 0.326521 0.318408 0.310427 0.302442 0.29465 0.286919 0.279439 0.272084 0.265035 0.258172 0.251664 0.245401 0.239538 0.233974 0.228847 0.22407 0.21976 0.215845 0.21242 0.209428 0.206943 0.204922 0.203415 0.202396 0.201891 
0.203893 0.204408 0.205427 0.206964 0.208985 0.21152 0.214511 0.218004 0.221919 0.226315 0.231092 0.236321 0.241885 0.247866 0.254128 0.260766 0.267629 0.274818 0.282173 0.289802 0.297533 0.30548 0.313465 0.321605 0.329718 0.337924 0.346036 0.354177 0.362162 0.370109 0.37784 0.385469 0.392824 0.400013 0.406876 0.413514 0.419776 0.425757 0.431321 0.43655 0.441327 0.445723 0.449638 0.453131 0.456122 0.458657 0.460678 0.462215 0.463234 0.463749 0.463749 0.463234 0.462215 0.460678 0.458657 0.456122 0.453131 0.449638 0.445723 0.441327 0.43655 0.431321 0.425757 0.419776 0.413514 0.406876 0.400013 0.392824 0.385469 0.37784 0.370109 0.362162 0.354177 0.346036 0.337924 0.329718 0.321605 0.313465 0.30548 0.297533 0.289802 0.282173 0.274818 0.267629 0.260766 0.254128 0.247866 0.241885 0.236321 0.231092 0.226315 0.221919 0.218004 0.214511 0.21152 0.208985 0.206964 0.205427 0.204408 0.203893 
0.205695 0.20621 0.207247 0.208784 0.210841 0.213376 0.21642 0.219913 0.223898 0.228293 0.233155 0.238384 0.244047 0.250027 0.256401 0.263038 0.270023 0.277213 0.284698 0.292326 0.300194 0.308142 0.316268 0.324408 0.332665 0.34087 0.349127 0.357267 0.365394 0.373341 0.381209 0.388838 0.396323 0.403513 0.410497 0.417135 0.423508 0.429489 0.435151 0.44038 0.445242 0.449638 0.453622 0.457115 0.46016 0.462695 0.464752 0.466289 0.467325 0.46784 0.46784 0.467325 0.466289 0.464752 0.462695 0.46016 0.457115 0.453622 0.449638 0.445242 0.44038 0.435151 0.429489 0.423508 0.417135 0.410497 0.403513 0.396323 0.388838 0.381209 0.373341 0.365394 0.357267 0.349127 0.34087 0.332665 0.324408 0.316268 0.308142 0.300194 0.292326 0.284698 0.277213 0.270023 0.263038 0.256401 0.250027 0.244047 0.238384 0.233155 0.228293 0.223898 0.219913 0.21642 0.213376 0.210841 0.208784 0.207247 0.20621 0.205695 
0.207286 0.207809 0.208845 0.210406 0.212463 0.215037 0.218082 0.221629 0.225614 0.230077 0.234939 0.24025 0.245912 0.251985 0.258359 0.265099 0.272084 0.279385 0.28687 0.294617 0.302485 0.310556 0.318682 0.326949 0.335206 0.343538 0.351795 0.360062 0.368188 0.376259 0.384127 0.391874 0.399359 0.40666 0.413645 0.420385 0.426759 0.432832 0.438495 0.443805 0.448667 0.453131 0.457115 0.460662 0.463707 0.466281 0.468338 0.469899 0.470935 0.471458 0.471458 0.470935 0.469899 0.468338 0.466281 0.463707 0.460662 0.457115 0.453131 0.448667 0.443805 0.438495 0.432832 0.426759 0.420385 0.413645 0.40666 0.399359 0.391874 0.384127 0.376259 0.368188 0.360062 0.351795 0.343538 0.335206 0.326949 0.318682 0.310556 0.302485 0.294617 0.28687 0.279385 0.272084 0.265099 0.258359 0.251985 0.245912 0.24025 0.234939 0.230077 0.225614 0.221629 0.218082 0.215037 0.212463 0.210406 0.208845 0.207809 0.207286 
