4.7141e-56 5.79411e-56 9.51418e-56 1.75208e-55 3.33314e-55 6.38284e-55 1.22152e-54 2.33163e-54 4.43663e-54 8.41394e-54 1.59024e-53 2.99511e-53 5.6212e-53 1.0512e-52 1.95867e-52 3.63604e-52 6.72459e-52 1.23893e-51 2.27376e-51 4.15656e-51 7.56815e-51 1.37241e-50 2.4785e-50 4.45736e-50 7.98219e-50 1.42329e-49 2.52674e-49 4.46577e-49 7.85721e-49 1.37609e-48 2.39884e-48 4.16197e-48 7.18633e-48 1.23479e-47 2.11118e-47 3.59144e-47 6.07839e-47 1.02341e-46 1.71403e-46 2.85533e-46 4.73073e-46 7.79465e-46 1.2771e-45 2.08053e-45 3.36981e-45 5.426e-45 8.68477e-45 1.38166e-44 2.18457e-44 3.4325e-44 5.35917e-44 8.31345e-44 1.28121e-43 1.96143e-43 2.98259e-43 4.50442e-43 6.75563e-43 1.00607e-42 1.48759e-42 2.18366e-42 3.18191e-42 4.602e-42 6.60563e-42 9.40907e-42 1.32983e-41 1.86474e-41 2.59397e-41 3.57926e-41 4.8984e-41 6.64818e-41 8.94734e-41 1.19394e-40 1.57951e-40 2.07144e-40 2.69267e-40 3.46909e-40 4.4292e-40 5.60364e-40 7.02441e-40 8.72374e-40 1.07327e-39 1.30795e-39 1.57875e-39 1.88729e-39 2.23425e-39 2.61915e-39 3.04013e-39 3.49379e-39 3.97508e-39 4.47727e-39 4.99199e-39 5.50941e-39 6.01845e-39 6.50722e-39 6.96336e-39 7.37464e-39 7.72946e-39 8.01739e-39 8.22971e-39 8.35983e-39 8.40367e-39 8.35983e-39 8.22971e-39 8.01739e-39 7.72946e-39 7.37464e-39 6.96336e-39 6.50722e-39 6.01845e-39 5.50941e-39 4.99199e-39 4.47727e-39 3.97508e-39 3.49379e-39 3.04013e-39 2.61915e-39 2.23425e-39 1.88729e-39 1.57875e-39 1.30795e-39 1.07327e-39 8.72374e-40 7.02441e-40 5.60364e-40 4.4292e-40 3.46909e-40 2.69267e-40 2.07144e-40 1.57951e-40 1.19394e-40 8.94734e-41 6.64818e-41 4.8984e-41 3.57926e-41 2.59397e-41 1.86474e-41 1.32983e-41 9.40907e-42 6.60563e-42 4.602e-42 3.18191e-42 2.18366e-42 1.48759e-42 1.00607e-42 6.75563e-43 4.50442e-43 2.98259e-43 1.96143e-43 1.28121e-43 8.31345e-44 5.35917e-44 3.4325e-44 2.18457e-44 1.38166e-44 8.68477e-45 5.426e-45 3.36981e-45 2.08053e-45 1.2771e-45 7.79465e-46 4.73073e-46 2.85533e-46 1.71403e-46 1.02341e-46 6.07839e-47 3.59144e-47 2.11118e-47 1.23479e-47 7.18633e-48 4.16197e-48 2.39884e-48 1.37609e-48 7.85721e-49 4.46577e-49 2.52674e-49 1.42329e-49 7.98219e-50 4.45736e-50 2.4785e-50 1.37241e-50 7.56815e-51 4.15656e-51 2.27376e-51 1.23893e-51 6.72459e-52 3.63604e-52 1.95867e-52 1.0512e-52 5.6212e-53 2.99511e-53 1.59024e-53 8.41394e-54 4.43663e-54 2.33163e-54 1.22152e-54 6.38284e-55 3.33314e-55 1.75208e-55 9.51418e-56 5.79411e-56 
5.79411e-56 7.12863e-56 1.17287e-55 2.16416e-55 4.12473e-55 7.91289e-55 1.51703e-54 2.90087e-54 5.52969e-54 1.05059e-53 1.98923e-53 3.75346e-53 7.05749e-53 1.32226e-52 2.46834e-52 4.59084e-52 8.50656e-52 1.57024e-51 2.88735e-51 5.28848e-51 9.64793e-51 1.753e-50 3.17208e-50 5.71605e-50 1.02567e-49 1.83253e-49 3.25985e-49 5.77317e-49 1.01783e-48 1.78626e-48 3.12028e-48 5.42488e-48 9.38646e-48 1.6162e-47 2.7691e-47 4.72057e-47 8.00629e-47 1.35087e-46 2.26726e-46 3.78499e-46 6.28439e-46 1.03767e-45 1.7038e-45 2.78162e-45 4.51503e-45 7.28563e-45 1.16863e-44 1.86316e-44 2.9522e-44 4.6486e-44 7.27339e-44 1.1307e-43 1.74627e-43 2.67906e-43 4.08245e-43 6.17846e-43 9.28572e-43 1.38574e-42 2.05322e-42 3.02016e-42 4.40978e-42 6.39077e-42 9.19159e-42 1.31185e-41 1.85774e-41 2.61004e-41 3.63767e-41 5.02886e-41 6.89502e-41 9.37513e-41 1.264e-40 1.68966e-40 2.23917e-40 2.94149e-40 3.82996e-40 4.94222e-40 6.31989e-40 8.00778e-40 1.00528e-39 1.25025e-39 1.54027e-39 1.87954e-39 2.27154e-39 2.71874e-39 3.22224e-39 3.78144e-39 4.39373e-39 5.05423e-39 5.75563e-39 6.48815e-39 7.23956e-39 7.99548e-39 8.73967e-39 9.45465e-39 1.01223e-38 1.07245e-38 1.12443e-38 1.16662e-38 1.19774e-38 1.21681e-38 1.22324e-38 1.21681e-38 1.19774e-38 1.16662e-38 1.12443e-38 1.07245e-38 1.01223e-38 9.45465e-39 8.73967e-39 7.99548e-39 7.23956e-39 6.48815e-39 5.75563e-39 5.05423e-39 4.39373e-39 3.78144e-39 3.22224e-39 2.71874e-39 2.27154e-39 1.87954e-39 1.54027e-39 1.25025e-39 1.00528e-39 8.00778e-40 6.31989e-40 4.94222e-40 3.82996e-40 2.94149e-40 2.23917e-40 1.68966e-40 1.264e-40 9.37513e-41 6.89502e-41 5.02886e-41 3.63767e-41 2.61004e-41 1.85774e-41 1.31185e-41 9.19159e-42 6.39077e-42 4.40978e-42 3.02016e-42 2.05322e-42 1.38574e-42 9.28572e-43 6.17846e-43 4.08245e-43 2.67906e-43 1.74627e-43 1.1307e-43 7.27339e-44 4.6486e-44 2.9522e-44 1.86316e-44 1.16863e-44 7.28563e-45 4.51503e-45 2.78162e-45 1.7038e-45 1.03767e-45 6.28439e-46 3.78499e-46 2.26726e-46 1.35087e-46 8.00629e-47 4.72057e-47 2.7691e-47 1.6162e-47 9.38646e-48 5.42488e-48 3.12028e-48 1.78626e-48 1.01783e-48 5.77317e-49 3.25985e-49 1.83253e-49 1.02567e-49 5.71605e-50 3.17208e-50 1.753e-50 9.64793e-51 5.28848e-51 2.88735e-51 1.57024e-51 8.50656e-52 4.59084e-52 2.46834e-52 1.32226e-52 7.05749e-53 3.75346e-53 1.98923e-53 1.05059e-53 5.52969e-54 2.90087e-54 1.51703e-54 7.91289e-55 4.12473e-55 2.16416e-55 1.17287e-55 7.12863e-56 
9.51418e-56 1.17287e-55 1.93729e-55 3.58868e-55 6.8648e-55 1.3216e-54 2.54258e-54 4.87895e-54 9.33297e-54 1.77942e-53 3.38117e-53 6.40263e-53 1.20817e-52 2.2717e-52 4.25604e-52 7.94448e-52 1.47743e-51 2.73718e-51 5.05162e-51 9.28671e-51 1.70047e-50 3.10118e-50 5.63258e-50 1.01878e-49 1.83494e-49 3.29077e-49 5.87598e-49 1.04457e-48 1.84861e-48 3.2566e-48 5.71041e-48 9.96599e-48 1.73098e-47 2.9919e-47 5.14581e-47 8.80595e-47 1.49927e-46 2.53938e-46 4.27845e-46 7.16997e-46 1.19504e-45 1.98083e-45 3.2649e-45 5.35073e-45 8.71839e-45 1.41221e-44 2.27386e-44 3.63903e-44 5.78794e-44 9.14825e-44 1.43676e-43 2.2419e-43 3.47533e-43 5.35149e-43 8.18483e-43 1.24324e-42 1.87528e-42 2.80864e-42 4.17637e-42 6.16492e-42 9.03307e-42 1.31364e-41 1.89583e-41 2.71495e-41 3.85756e-41 5.43757e-41 7.6031e-41 1.05444e-40 1.45028e-40 1.97801e-40 2.67492e-40 3.5863e-40 4.7664e-40 6.2791e-40 8.19821e-40 1.06074e-39 1.35997e-39 1.72753e-39 2.17402e-39 2.71016e-39 3.34642e-39 4.09242e-39 4.95626e-39 5.94381e-39 7.05791e-39 8.2976e-39 9.65741e-39 1.11268e-38 1.26896e-38 1.43241e-38 1.6003e-38 1.76941e-38 1.93608e-38 2.09637e-38 2.24617e-38 2.3814e-38 2.49819e-38 2.59303e-38 2.66302e-38 2.70592e-38 2.72038e-38 2.70592e-38 2.66302e-38 2.59303e-38 2.49819e-38 2.3814e-38 2.24617e-38 2.09637e-38 1.93608e-38 1.76941e-38 1.6003e-38 1.43241e-38 1.26896e-38 1.11268e-38 9.65741e-39 8.2976e-39 7.05791e-39 5.94381e-39 4.95626e-39 4.09242e-39 3.34642e-39 2.71016e-39 2.17402e-39 1.72753e-39 1.35997e-39 1.06074e-39 8.19821e-40 6.2791e-40 4.7664e-40 3.5863e-40 2.67492e-40 1.97801e-40 1.45028e-40 1.05444e-40 7.6031e-41 5.43757e-41 3.85756e-41 2.71495e-41 1.89583e-41 1.31364e-41 9.03307e-42 6.16492e-42 4.17637e-42 2.80864e-42 1.87528e-42 1.24324e-42 8.18483e-43 5.35149e-43 3.47533e-43 2.2419e-43 1.43676e-43 9.14825e-44 5.78794e-44 3.63903e-44 2.27386e-44 1.41221e-44 8.71839e-45 5.35073e-45 3.2649e-45 1.98083e-45 1.19504e-45 7.16997e-46 4.27845e-46 2.53938e-46 1.49927e-46 8.80595e-47 5.14581e-47 2.9919e-47 1.73098e-47 9.96599e-48 5.71041e-48 3.2566e-48 1.84861e-48 1.04457e-48 5.87598e-49 3.29077e-49 1.83494e-49 1.01878e-49 5.63258e-50 3.10118e-50 1.70047e-50 9.28671e-51 5.05162e-51 2.73718e-51 1.47743e-51 7.94448e-52 4.25604e-52 2.2717e-52 1.20817e-52 6.40263e-53 3.38117e-53 1.77942e-53 9.33297e-54 4.87895e-54 2.54258e-54 1.3216e-54 6.8648e-55 3.58868e-55 1.93729e-55 1.17287e-55 
1.75208e-55 2.16416e-55 3.58868e-55 6.67369e-55 1.28126e-54 2.47531e-54 4.77868e-54 9.20151e-54 1.76627e-53 3.37928e-53 6.44357e-53 1.22444e-52 2.31862e-52 4.37505e-52 8.22568e-52 1.54089e-51 2.87578e-51 5.34689e-51 9.90334e-51 1.82713e-50 3.35767e-50 6.14556e-50 1.12024e-49 2.03356e-49 3.67596e-49 6.61646e-49 1.18574e-48 2.11559e-48 3.75771e-48 6.64401e-48 1.16929e-47 2.04817e-47 3.57051e-47 6.1941e-47 1.06925e-46 1.83651e-46 3.13827e-46 5.33496e-46 9.02153e-46 1.5174e-45 2.53837e-45 4.22283e-45 6.98568e-45 1.14903e-44 1.87901e-44 3.05467e-44 4.9362e-44 7.92822e-44 1.26552e-43 2.00738e-43 3.16385e-43 4.95431e-43 7.707e-43 1.19091e-42 1.82776e-42 2.78586e-42 4.2165e-42 6.33653e-42 9.4539e-42 1.40018e-41 2.05835e-41 3.00311e-41 4.34802e-41 6.24642e-41 8.90311e-41 1.25885e-40 1.76555e-40 2.45589e-40 3.38776e-40 4.63386e-40 6.28422e-40 8.44869e-40 1.12592e-39 1.48717e-39 1.94671e-39 2.52511e-39 3.24529e-39 4.13215e-39 5.21198e-39 6.51163e-39 8.05741e-39 9.87367e-39 1.19811e-38 1.43951e-38 1.71235e-38 2.01648e-38 2.35064e-38 2.71229e-38 3.0975e-38 3.50093e-38 3.91585e-38 4.33425e-38 4.74706e-38 5.14441e-38 5.51608e-38 5.85183e-38 6.14195e-38 6.37768e-38 6.55168e-38 6.65838e-38 6.69434e-38 6.65838e-38 6.55168e-38 6.37768e-38 6.14195e-38 5.85183e-38 5.51608e-38 5.14441e-38 4.74706e-38 4.33425e-38 3.91585e-38 3.50093e-38 3.0975e-38 2.71229e-38 2.35064e-38 2.01648e-38 1.71235e-38 1.43951e-38 1.19811e-38 9.87367e-39 8.05741e-39 6.51163e-39 5.21198e-39 4.13215e-39 3.24529e-39 2.52511e-39 1.94671e-39 1.48717e-39 1.12592e-39 8.44869e-40 6.28422e-40 4.63386e-40 3.38776e-40 2.45589e-40 1.76555e-40 1.25885e-40 8.90311e-41 6.24642e-41 4.34802e-41 3.00311e-41 2.05835e-41 1.40018e-41 9.4539e-42 6.33653e-42 4.2165e-42 2.78586e-42 1.82776e-42 1.19091e-42 7.707e-43 4.95431e-43 3.16385e-43 2.00738e-43 1.26552e-43 7.92822e-44 4.9362e-44 3.05467e-44 1.87901e-44 1.14903e-44 6.98568e-45 4.22283e-45 2.53837e-45 1.5174e-45 9.02153e-46 5.33496e-46 3.13827e-46 1.83651e-46 1.06925e-46 6.1941e-47 3.57051e-47 2.04817e-47 1.16929e-47 6.64401e-48 3.75771e-48 2.11559e-48 1.18574e-48 6.61646e-49 3.67596e-49 2.03356e-49 1.12024e-49 6.14556e-50 3.35767e-50 1.82713e-50 9.90334e-51 5.34689e-51 2.87578e-51 1.54089e-51 8.22568e-52 4.37505e-52 2.31862e-52 1.22444e-52 6.44357e-53 3.37928e-53 1.76627e-53 9.20151e-54 4.77868e-54 2.47531e-54 1.28126e-54 6.67369e-55 3.58868e-55 2.16416e-55 
3.33314e-55 4.12473e-55 6.8648e-55 1.28126e-54 2.46819e-54 4.78399e-54 9.26555e-54 1.78988e-53 3.44688e-53 6.61612e-53 1.26567e-52 2.41296e-52 4.58426e-52 8.67865e-52 1.6371e-51 3.07692e-51 5.76164e-51 1.07483e-50 1.99745e-50 3.69761e-50 6.81794e-50 1.25211e-49 2.29014e-49 4.17141e-49 7.56617e-49 1.36651e-48 2.45731e-48 4.39937e-48 7.84101e-48 1.39114e-47 2.45674e-47 4.31817e-47 7.55374e-47 1.31495e-46 2.27777e-46 3.9258e-46 6.73173e-46 1.14834e-45 1.94859e-45 3.28884e-45 5.52073e-45 9.21604e-45 1.52984e-44 2.52501e-44 4.14336e-44 6.7589e-44 1.09595e-43 1.76625e-43 2.82892e-43 4.50248e-43 7.12035e-43 1.11873e-42 1.74613e-42 2.70715e-42 4.16854e-42 6.37451e-42 9.6795e-42 1.45933e-41 2.18426e-41 3.24529e-41 4.7858e-41 7.00417e-41 1.01721e-40 1.46579e-40 2.09548e-40 2.97166e-40 4.17993e-40 5.831e-40 8.06624e-40 1.10638e-39 1.5045e-39 2.02807e-39 2.70977e-39 3.5883e-39 4.70873e-39 6.12253e-39 7.88719e-39 1.00654e-38 1.27237e-38 1.59303e-38 1.97523e-38 2.42523e-38 2.94842e-38 3.54883e-38 4.22867e-38 4.98779e-38 5.82319e-38 6.72869e-38 7.69456e-38 8.70747e-38 9.75048e-38 1.08034e-37 1.18433e-37 1.28452e-37 1.3783e-37 1.46308e-37 1.53638e-37 1.59597e-37 1.63996e-37 1.66695e-37 1.67605e-37 1.66695e-37 1.63996e-37 1.59597e-37 1.53638e-37 1.46308e-37 1.3783e-37 1.28452e-37 1.18433e-37 1.08034e-37 9.75048e-38 8.70747e-38 7.69456e-38 6.72869e-38 5.82319e-38 4.98779e-38 4.22867e-38 3.54883e-38 2.94842e-38 2.42523e-38 1.97523e-38 1.59303e-38 1.27237e-38 1.00654e-38 7.88719e-39 6.12253e-39 4.70873e-39 3.5883e-39 2.70977e-39 2.02807e-39 1.5045e-39 1.10638e-39 8.06624e-40 5.831e-40 4.17993e-40 2.97166e-40 2.09548e-40 1.46579e-40 1.01721e-40 7.00417e-41 4.7858e-41 3.24529e-41 2.18426e-41 1.45933e-41 9.6795e-42 6.37451e-42 4.16854e-42 2.70715e-42 1.74613e-42 1.11873e-42 7.12035e-43 4.50248e-43 2.82892e-43 1.76625e-43 1.09595e-43 6.7589e-44 4.14336e-44 2.52501e-44 1.52984e-44 9.21604e-45 5.52073e-45 3.28884e-45 1.94859e-45 1.14834e-45 6.73173e-46 3.9258e-46 2.27777e-46 1.31495e-46 7.55374e-47 4.31817e-47 2.45674e-47 1.39114e-47 7.84101e-48 4.39937e-48 2.45731e-48 1.36651e-48 7.56617e-49 4.17141e-49 2.29014e-49 1.25211e-49 6.81794e-50 3.69761e-50 1.99745e-50 1.07483e-50 5.76164e-51 3.07692e-51 1.6371e-51 8.67865e-52 4.58426e-52 2.41296e-52 1.26567e-52 6.61612e-53 3.44688e-53 1.78988e-53 9.26555e-54 4.78399e-54 2.46819e-54 1.28126e-54 6.8648e-55 4.12473e-55 
6.38284e-55 7.91289e-55 1.3216e-54 2.47531e-54 4.78399e-54 9.30192e-54 1.80722e-53 3.50202e-53 6.7652e-53 1.30264e-52 2.49983e-52 4.78098e-52 9.11209e-52 1.73057e-51 3.27497e-51 6.17512e-51 1.16006e-50 2.17113e-50 4.04795e-50 7.51798e-50 1.39078e-49 2.56258e-49 4.70253e-49 8.59392e-49 1.56397e-48 2.83407e-48 5.1134e-48 9.18533e-48 1.64261e-47 2.92412e-47 5.1814e-47 9.13809e-47 1.60393e-46 2.8016e-46 4.86945e-46 8.42117e-46 1.44893e-45 2.48009e-45 4.22276e-45 7.15149e-45 1.20456e-44 2.01768e-44 3.3607e-44 5.56571e-44 9.16396e-44 1.49995e-43 2.44037e-43 3.94623e-43 6.34176e-43 1.01273e-42 1.60692e-42 2.53314e-42 3.96687e-42 6.17039e-42 9.53248e-42 1.46245e-41 2.22787e-41 3.36965e-41 5.05961e-41 7.54113e-41 1.11556e-40 1.63772e-40 2.38575e-40 3.44824e-40 4.94434e-40 7.03241e-40 9.92057e-40 1.38788e-39 1.92532e-39 2.64812e-39 3.6108e-39 4.88034e-39 6.53776e-39 8.6794e-39 1.14178e-38 1.48819e-38 1.92163e-38 2.45792e-38 3.11392e-38 3.90698e-38 4.8543e-38 5.97197e-38 7.27401e-38 8.77108e-38 1.04693e-37 1.23687e-37 1.44625e-37 1.67354e-37 1.91633e-37 2.17129e-37 2.43414e-37 2.69979e-37 2.96242e-37 3.21568e-37 3.45294e-37 3.66756e-37 3.85323e-37 4.00423e-37 4.11576e-37 4.18419e-37 4.20726e-37 4.18419e-37 4.11576e-37 4.00423e-37 3.85323e-37 3.66756e-37 3.45294e-37 3.21568e-37 2.96242e-37 2.69979e-37 2.43414e-37 2.17129e-37 1.91633e-37 1.67354e-37 1.44625e-37 1.23687e-37 1.04693e-37 8.77108e-38 7.27401e-38 5.97197e-38 4.8543e-38 3.90698e-38 3.11392e-38 2.45792e-38 1.92163e-38 1.48819e-38 1.14178e-38 8.6794e-39 6.53776e-39 4.88034e-39 3.6108e-39 2.64812e-39 1.92532e-39 1.38788e-39 9.92057e-40 7.03241e-40 4.94434e-40 3.44824e-40 2.38575e-40 1.63772e-40 1.11556e-40 7.54113e-41 5.05961e-41 3.36965e-41 2.22787e-41 1.46245e-41 9.53248e-42 6.17039e-42 3.96687e-42 2.53314e-42 1.60692e-42 1.01273e-42 6.34176e-43 3.94623e-43 2.44037e-43 1.49995e-43 9.16396e-44 5.56571e-44 3.3607e-44 2.01768e-44 1.20456e-44 7.15149e-45 4.22276e-45 2.48009e-45 1.44893e-45 8.42117e-46 4.86945e-46 2.8016e-46 1.60393e-46 9.13809e-47 5.1814e-47 2.92412e-47 1.64261e-47 9.18533e-48 5.1134e-48 2.83407e-48 1.56397e-48 8.59392e-49 4.70253e-49 2.56258e-49 1.39078e-49 7.51798e-50 4.04795e-50 2.17113e-50 1.16006e-50 6.17512e-51 3.27497e-51 1.73057e-51 9.11209e-52 4.78098e-52 2.49983e-52 1.30264e-52 6.7652e-53 3.50202e-53 1.80722e-53 9.30192e-54 4.78399e-54 2.47531e-54 1.3216e-54 7.91289e-55 
1.22152e-54 1.51703e-54 2.54258e-54 4.77868e-54 9.26555e-54 1.80722e-53 3.52202e-53 6.8461e-53 1.32664e-52 2.56241e-52 4.93282e-52 9.46384e-52 1.80942e-51 3.44739e-51 6.54474e-51 1.238e-50 2.33321e-50 4.38087e-50 8.19441e-50 1.52685e-49 2.83383e-49 5.23862e-49 9.64496e-49 1.76846e-48 3.22901e-48 5.87078e-48 1.06278e-47 1.91549e-47 3.43697e-47 6.13899e-47 1.09147e-46 1.93146e-46 3.40163e-46 5.96182e-46 1.03975e-45 1.80425e-45 3.11494e-45 5.34995e-45 9.14028e-45 1.55325e-44 2.62515e-44 4.41224e-44 7.37425e-44 1.22543e-43 2.02455e-43 3.32505e-43 5.42815e-43 8.80741e-43 1.42018e-42 2.27557e-42 3.62282e-42 5.73015e-42 9.00327e-42 1.40509e-41 2.17786e-41 3.35219e-41 5.12333e-41 7.77413e-41 1.17106e-40 1.75097e-40 2.59841e-40 3.82658e-40 5.59164e-40 8.10661e-40 1.1659e-39 1.66323e-39 2.35321e-39 3.30167e-39 4.59327e-39 6.33535e-39 8.66222e-39 1.17394e-38 1.57678e-38 2.09869e-38 2.76779e-38 3.61637e-38 4.68077e-38 6.00095e-38 7.61958e-38 9.58085e-38 1.19287e-37 1.47046e-37 1.7945e-37 2.16779e-37 2.59201e-37 3.06734e-37 3.59216e-37 4.16277e-37 4.77319e-37 5.41504e-37 6.07762e-37 6.74801e-37 7.41145e-37 8.05182e-37 8.65221e-37 9.19572e-37 9.66617e-37 1.00489e-36 1.03318e-36 1.05053e-36 1.05639e-36 1.05053e-36 1.03318e-36 1.00489e-36 9.66617e-37 9.19572e-37 8.65221e-37 8.05182e-37 7.41145e-37 6.74801e-37 6.07762e-37 5.41504e-37 4.77319e-37 4.16277e-37 3.59216e-37 3.06734e-37 2.59201e-37 2.16779e-37 1.7945e-37 1.47046e-37 1.19287e-37 9.58085e-38 7.61958e-38 6.00095e-38 4.68077e-38 3.61637e-38 2.76779e-38 2.09869e-38 1.57678e-38 1.17394e-38 8.66222e-39 6.33535e-39 4.59327e-39 3.30167e-39 2.35321e-39 1.66323e-39 1.1659e-39 8.10661e-40 5.59164e-40 3.82658e-40 2.59841e-40 1.75097e-40 1.17106e-40 7.77413e-41 5.12333e-41 3.35219e-41 2.17786e-41 1.40509e-41 9.00327e-42 5.73015e-42 3.62282e-42 2.27557e-42 1.42018e-42 8.80741e-43 5.42815e-43 3.32505e-43 2.02455e-43 1.22543e-43 7.37425e-44 4.41224e-44 2.62515e-44 1.55325e-44 9.14028e-45 5.34995e-45 3.11494e-45 1.80425e-45 1.03975e-45 5.96182e-46 3.40163e-46 1.93146e-46 1.09147e-46 6.13899e-47 3.43697e-47 1.91549e-47 1.06278e-47 5.87078e-48 3.22901e-48 1.76846e-48 9.64496e-49 5.23862e-49 2.83383e-49 1.52685e-49 8.19441e-50 4.38087e-50 2.33321e-50 1.238e-50 6.54474e-51 3.44739e-51 1.80942e-51 9.46384e-52 4.93282e-52 2.56241e-52 1.32664e-52 6.8461e-53 3.52202e-53 1.80722e-53 9.26555e-54 4.77868e-54 2.54258e-54 1.51703e-54 
2.33163e-54 2.90087e-54 4.87895e-54 9.20151e-54 1.78988e-53 3.50202e-53 6.8461e-53 1.33487e-52 2.59475e-52 5.02743e-52 9.70855e-52 1.86851e-51 3.58379e-51 6.84972e-51 1.30456e-50 2.47563e-50 4.68077e-50 8.8172e-50 1.65463e-49 3.09313e-49 5.75968e-49 1.06825e-48 1.97328e-48 3.63014e-48 6.65034e-48 1.21317e-47 2.20355e-47 3.98493e-47 7.1743e-47 1.28579e-46 2.2938e-46 4.07292e-46 7.19756e-46 1.26578e-45 2.2151e-45 3.85699e-45 6.68176e-45 1.15155e-44 1.97417e-44 3.36634e-44 5.70907e-44 9.62866e-44 1.6148e-43 2.69266e-43 4.4639e-43 7.35654e-43 1.20508e-42 1.96199e-42 3.17449e-42 5.10387e-42 8.15323e-42 1.29395e-41 2.03992e-41 3.19429e-41 4.96761e-41 7.67163e-41 1.17637e-40 1.79087e-40 2.70647e-40 4.05981e-40 6.04397e-40 8.92896e-40 1.30885e-39 1.90343e-39 2.74592e-39 3.92909e-39 5.57566e-39 7.84596e-39 1.09469e-38 1.51416e-38 2.07608e-38 2.8213e-38 3.79958e-38 5.07052e-38 6.70419e-38 8.78148e-38 1.13937e-37 1.46416e-37 1.86332e-37 2.3481e-37 2.92972e-37 3.61886e-37 4.42495e-37 5.35541e-37 6.4148e-37 7.60394e-37 8.91911e-37 1.03513e-36 1.18856e-36 1.35013e-36 1.51712e-36 1.68627e-36 1.85385e-36 2.01575e-36 2.16768e-36 2.3053e-36 2.4245e-36 2.52153e-36 2.59325e-36 2.63727e-36 2.65211e-36 2.63727e-36 2.59325e-36 2.52153e-36 2.4245e-36 2.3053e-36 2.16768e-36 2.01575e-36 1.85385e-36 1.68627e-36 1.51712e-36 1.35013e-36 1.18856e-36 1.03513e-36 8.91911e-37 7.60394e-37 6.4148e-37 5.35541e-37 4.42495e-37 3.61886e-37 2.92972e-37 2.3481e-37 1.86332e-37 1.46416e-37 1.13937e-37 8.78148e-38 6.70419e-38 5.07052e-38 3.79958e-38 2.8213e-38 2.07608e-38 1.51416e-38 1.09469e-38 7.84596e-39 5.57566e-39 3.92909e-39 2.74592e-39 1.90343e-39 1.30885e-39 8.92896e-40 6.04397e-40 4.05981e-40 2.70647e-40 1.79087e-40 1.17637e-40 7.67163e-41 4.96761e-41 3.19429e-41 2.03992e-41 1.29395e-41 8.15323e-42 5.10387e-42 3.17449e-42 1.96199e-42 1.20508e-42 7.35654e-43 4.4639e-43 2.69266e-43 1.6148e-43 9.62866e-44 5.70907e-44 3.36634e-44 1.97417e-44 1.15155e-44 6.68176e-45 3.85699e-45 2.2151e-45 1.26578e-45 7.19756e-46 4.07292e-46 2.2938e-46 1.28579e-46 7.1743e-47 3.98493e-47 2.20355e-47 1.21317e-47 6.65034e-48 3.63014e-48 1.97328e-48 1.06825e-48 5.75968e-49 3.09313e-49 1.65463e-49 8.8172e-50 4.68077e-50 2.47563e-50 1.30456e-50 6.84972e-51 3.58379e-51 1.86851e-51 9.70855e-52 5.02743e-52 2.59475e-52 1.33487e-52 6.8461e-53 3.50202e-53 1.78988e-53 9.20151e-54 4.87895e-54 2.90087e-54 
4.43663e-54 5.52969e-54 9.33297e-54 1.76627e-53 3.44688e-53 6.7652e-53 1.32664e-52 2.59475e-52 5.05949e-52 9.8337e-52 1.90499e-51 3.67795e-51 7.07676e-51 1.35692e-50 2.59261e-50 4.93584e-50 9.36267e-50 1.76941e-49 3.33133e-49 6.24801e-49 1.16728e-48 2.17213e-48 4.02576e-48 7.43073e-48 1.36586e-47 2.50003e-47 4.5563e-47 8.26761e-47 1.49353e-46 2.68586e-46 4.80787e-46 8.56625e-46 1.51901e-45 2.68059e-45 4.70717e-45 8.22463e-45 1.42975e-44 2.47262e-44 4.25369e-44 7.2786e-44 1.23869e-43 2.09639e-43 3.52805e-43 5.90346e-43 9.82081e-43 1.6241e-42 2.66968e-42 4.36158e-42 7.0814e-42 1.14246e-41 1.83131e-41 2.91632e-41 4.61331e-41 7.24848e-41 1.13107e-40 1.75262e-40 2.69646e-40 4.11867e-40 6.24491e-40 9.3983e-40 1.4037e-39 2.08041e-39 3.05927e-39 4.46305e-39 6.45853e-39 9.26982e-39 1.31944e-38 1.86225e-38 2.60589e-38 3.61488e-38 4.97047e-38 6.77346e-38 9.14704e-38 1.22392e-37 1.62248e-37 2.13059e-37 2.7712e-37 3.56969e-37 4.55342e-37 5.75094e-37 7.19097e-37 8.90093e-37 1.09053e-36 1.32235e-36 1.5868e-36 1.88418e-36 2.21364e-36 2.573e-36 2.95858e-36 3.36515e-36 3.78592e-36 4.21266e-36 4.63588e-36 5.04516e-36 5.42953e-36 5.77798e-36 6.07996e-36 6.3259e-36 6.50775e-36 6.6194e-36 6.65705e-36 6.6194e-36 6.50775e-36 6.3259e-36 6.07996e-36 5.77798e-36 5.42953e-36 5.04516e-36 4.63588e-36 4.21266e-36 3.78592e-36 3.36515e-36 2.95858e-36 2.573e-36 2.21364e-36 1.88418e-36 1.5868e-36 1.32235e-36 1.09053e-36 8.90093e-37 7.19097e-37 5.75094e-37 4.55342e-37 3.56969e-37 2.7712e-37 2.13059e-37 1.62248e-37 1.22392e-37 9.14704e-38 6.77346e-38 4.97047e-38 3.61488e-38 2.60589e-38 1.86225e-38 1.31944e-38 9.26982e-39 6.45853e-39 4.46305e-39 3.05927e-39 2.08041e-39 1.4037e-39 9.3983e-40 6.24491e-40 4.11867e-40 2.69646e-40 1.75262e-40 1.13107e-40 7.24848e-41 4.61331e-41 2.91632e-41 1.83131e-41 1.14246e-41 7.0814e-42 4.36158e-42 2.66968e-42 1.6241e-42 9.82081e-43 5.90346e-43 3.52805e-43 2.09639e-43 1.23869e-43 7.2786e-44 4.25369e-44 2.47262e-44 1.42975e-44 8.22463e-45 4.70717e-45 2.68059e-45 1.51901e-45 8.56625e-46 4.80787e-46 2.68586e-46 1.49353e-46 8.26761e-47 4.5563e-47 2.50003e-47 1.36586e-47 7.43073e-48 4.02576e-48 2.17213e-48 1.16728e-48 6.24801e-49 3.33133e-49 1.76941e-49 9.36267e-50 4.93584e-50 2.59261e-50 1.35692e-50 7.07676e-51 3.67795e-51 1.90499e-51 9.8337e-52 5.05949e-52 2.59475e-52 1.32664e-52 6.7652e-53 3.44688e-53 1.76627e-53 9.33297e-54 5.52969e-54 
8.41394e-54 1.05059e-53 1.77942e-53 3.37928e-53 6.61612e-53 1.30264e-52 2.56241e-52 5.02743e-52 9.8337e-52 1.91732e-51 3.726e-51 7.2167e-51 1.39301e-50 2.67959e-50 5.13636e-50 9.81044e-50 1.867e-49 3.53992e-49 6.68671e-49 1.25827e-48 2.35856e-48 4.40359e-48 8.18886e-48 1.51659e-47 2.79711e-47 5.13709e-47 9.39425e-47 1.71045e-46 3.1005e-46 5.5949e-46 1.00498e-45 1.79679e-45 3.19721e-45 5.6617e-45 9.97673e-45 1.74928e-44 3.05155e-44 5.29585e-44 9.1425e-44 1.56989e-43 2.68108e-43 4.55348e-43 7.69007e-43 1.2913e-42 2.15572e-42 3.57752e-42 5.90134e-42 9.67506e-42 1.57633e-41 2.552e-41 4.10498e-41 6.55978e-41 1.04128e-40 1.6417e-40 2.57053e-40 3.99669e-40 6.16989e-40 9.45588e-40 1.43854e-39 2.17213e-39 3.25491e-39 4.83982e-39 7.14005e-39 1.04496e-38 1.51696e-38 2.18407e-38 3.11834e-38 4.41455e-38 6.19588e-38 8.62018e-38 1.1887e-37 1.62448e-37 2.19982e-37 2.95147e-37 3.92295e-37 5.16482e-37 6.73462e-37 8.6963e-37 1.1119e-36 1.40754e-36 1.76386e-36 2.18792e-36 2.68605e-36 3.26337e-36 3.92323e-36 4.66663e-36 5.49168e-36 6.39308e-36 7.36175e-36 8.38462e-36 9.44464e-36 1.0521e-35 1.15896e-35 1.26241e-35 1.35964e-35 1.44786e-35 1.52435e-35 1.58668e-35 1.63279e-35 1.6611e-35 1.67065e-35 1.6611e-35 1.63279e-35 1.58668e-35 1.52435e-35 1.44786e-35 1.35964e-35 1.26241e-35 1.15896e-35 1.0521e-35 9.44464e-36 8.38462e-36 7.36175e-36 6.39308e-36 5.49168e-36 4.66663e-36 3.92323e-36 3.26337e-36 2.68605e-36 2.18792e-36 1.76386e-36 1.40754e-36 1.1119e-36 8.6963e-37 6.73462e-37 5.16482e-37 3.92295e-37 2.95147e-37 2.19982e-37 1.62448e-37 1.1887e-37 8.62018e-38 6.19588e-38 4.41455e-38 3.11834e-38 2.18407e-38 1.51696e-38 1.04496e-38 7.14005e-39 4.83982e-39 3.25491e-39 2.17213e-39 1.43854e-39 9.45588e-40 6.16989e-40 3.99669e-40 2.57053e-40 1.6417e-40 1.04128e-40 6.55978e-41 4.10498e-41 2.552e-41 1.57633e-41 9.67506e-42 5.90134e-42 3.57752e-42 2.15572e-42 1.2913e-42 7.69007e-43 4.55348e-43 2.68108e-43 1.56989e-43 9.1425e-44 5.29585e-44 3.05155e-44 1.74928e-44 9.97673e-45 5.6617e-45 3.19721e-45 1.79679e-45 1.00498e-45 5.5949e-46 3.1005e-46 1.71045e-46 9.39425e-47 5.13709e-47 2.79711e-47 1.51659e-47 8.18886e-48 4.40359e-48 2.35856e-48 1.25827e-48 6.68671e-49 3.53992e-49 1.867e-49 9.81044e-50 5.13636e-50 2.67959e-50 1.39301e-50 7.2167e-51 3.726e-51 1.91732e-51 9.8337e-52 5.02743e-52 2.56241e-52 1.30264e-52 6.61612e-53 3.37928e-53 1.77942e-53 1.05059e-53 
1.59024e-53 1.98923e-53 3.38117e-53 6.44357e-53 1.26567e-52 2.49983e-52 4.93282e-52 9.70855e-52 1.90499e-51 3.726e-51 7.26397e-51 1.41142e-50 2.73319e-50 5.27458e-50 1.01434e-49 1.94373e-49 3.71121e-49 7.05987e-49 1.33799e-48 2.52616e-48 4.75101e-48 8.90029e-48 1.66068e-47 3.08603e-47 5.71108e-47 1.05247e-46 1.93127e-46 3.52846e-46 6.41808e-46 1.16217e-45 2.0948e-45 3.75832e-45 6.71098e-45 1.19257e-44 2.10887e-44 3.71064e-44 6.49593e-44 1.13133e-43 1.96e-43 3.37753e-43 5.78866e-43 9.86627e-43 1.67217e-42 2.81787e-42 4.72092e-42 7.86242e-42 1.30156e-41 2.14143e-41 3.50132e-41 5.68851e-41 9.18241e-41 1.47251e-40 2.3456e-40 3.71103e-40 5.8308e-40 9.09715e-40 1.4092e-39 2.1671e-39 3.30805e-39 5.01183e-39 7.53528e-39 1.12415e-38 1.66388e-38 2.44304e-38 3.55792e-38 5.13883e-38 7.35999e-38 1.04515e-37 1.47134e-37 2.05317e-37 2.83958e-37 3.89177e-37 5.285e-37 7.11041e-37 9.47629e-37 1.2509e-36 1.63527e-36 2.11685e-36 2.71311e-36 3.44249e-36 4.32366e-36 5.37472e-36 6.61206e-36 8.0491e-36 9.69487e-36 1.15525e-35 1.36179e-35 1.58782e-35 1.8311e-35 2.08837e-35 2.35535e-35 2.62678e-35 2.89656e-35 3.15798e-35 3.40392e-35 3.62721e-35 3.82096e-35 3.97892e-35 4.0958e-35 4.1676e-35 4.19182e-35 4.1676e-35 4.0958e-35 3.97892e-35 3.82096e-35 3.62721e-35 3.40392e-35 3.15798e-35 2.89656e-35 2.62678e-35 2.35535e-35 2.08837e-35 1.8311e-35 1.58782e-35 1.36179e-35 1.15525e-35 9.69487e-36 8.0491e-36 6.61206e-36 5.37472e-36 4.32366e-36 3.44249e-36 2.71311e-36 2.11685e-36 1.63527e-36 1.2509e-36 9.47629e-37 7.11041e-37 5.285e-37 3.89177e-37 2.83958e-37 2.05317e-37 1.47134e-37 1.04515e-37 7.35999e-38 5.13883e-38 3.55792e-38 2.44304e-38 1.66388e-38 1.12415e-38 7.53528e-39 5.01183e-39 3.30805e-39 2.1671e-39 1.4092e-39 9.09715e-40 5.8308e-40 3.71103e-40 2.3456e-40 1.47251e-40 9.18241e-41 5.68851e-41 3.50132e-41 2.14143e-41 1.30156e-41 7.86242e-42 4.72092e-42 2.81787e-42 1.67217e-42 9.86627e-43 5.78866e-43 3.37753e-43 1.96e-43 1.13133e-43 6.49593e-44 3.71064e-44 2.10887e-44 1.19257e-44 6.71098e-45 3.75832e-45 2.0948e-45 1.16217e-45 6.41808e-46 3.52846e-46 1.93127e-46 1.05247e-46 5.71108e-47 3.08603e-47 1.66068e-47 8.90029e-48 4.75101e-48 2.52616e-48 1.33799e-48 7.05987e-49 3.71121e-49 1.94373e-49 1.01434e-49 5.27458e-50 2.73319e-50 1.41142e-50 7.26397e-51 3.726e-51 1.90499e-51 9.70855e-52 4.93282e-52 2.49983e-52 1.26567e-52 6.44357e-53 3.38117e-53 1.98923e-53 
2.99511e-53 3.75346e-53 6.40263e-53 1.22444e-52 2.41296e-52 4.78098e-52 9.46384e-52 1.86851e-51 3.67795e-51 7.2167e-51 1.41142e-50 2.7513e-50 5.34508e-50 1.03486e-49 1.99664e-49 3.83863e-49 7.35342e-49 1.4035e-48 2.66881e-48 5.05567e-48 9.54039e-48 1.7933e-47 3.35745e-47 6.26045e-47 1.16255e-46 2.14979e-46 3.95848e-46 7.25733e-46 1.32467e-45 2.40707e-45 4.35395e-45 7.839e-45 1.4047e-44 2.50504e-44 4.4455e-44 7.84985e-44 1.37911e-43 2.41045e-43 4.19097e-43 7.24789e-43 1.24666e-42 2.13245e-42 3.62714e-42 6.13425e-42 1.0314e-41 1.72391e-41 2.86403e-41 4.72905e-41 7.75987e-41 1.26523e-40 2.04963e-40 3.29853e-40 5.27296e-40 8.37196e-40 1.32004e-39 2.06673e-39 3.21264e-39 4.9576e-39 7.59375e-39 1.15442e-38 1.74155e-38 2.60688e-38 3.87134e-38 5.70295e-38 8.3326e-38 1.20739e-37 1.73476e-37 2.47117e-37 3.48961e-37 4.88434e-37 6.77535e-37 9.31313e-37 1.26835e-36 1.71123e-36 2.28689e-36 3.02684e-36 3.96725e-36 5.14859e-36 6.61502e-36 8.41328e-36 1.0591e-35 1.31947e-35 1.62665e-35 1.98418e-35 2.39448e-35 2.85849e-35 3.37533e-35 3.94192e-35 4.55274e-35 5.19966e-35 5.87192e-35 6.55624e-35 7.2372e-35 7.89772e-35 8.51969e-35 9.08482e-35 9.5755e-35 9.97575e-35 1.0272e-34 1.04541e-34 1.05155e-34 1.04541e-34 1.0272e-34 9.97575e-35 9.5755e-35 9.08482e-35 8.51969e-35 7.89772e-35 7.2372e-35 6.55624e-35 5.87192e-35 5.19966e-35 4.55274e-35 3.94192e-35 3.37533e-35 2.85849e-35 2.39448e-35 1.98418e-35 1.62665e-35 1.31947e-35 1.0591e-35 8.41328e-36 6.61502e-36 5.14859e-36 3.96725e-36 3.02684e-36 2.28689e-36 1.71123e-36 1.26835e-36 9.31313e-37 6.77535e-37 4.88434e-37 3.48961e-37 2.47117e-37 1.73476e-37 1.20739e-37 8.3326e-38 5.70295e-38 3.87134e-38 2.60688e-38 1.74155e-38 1.15442e-38 7.59375e-39 4.9576e-39 3.21264e-39 2.06673e-39 1.32004e-39 8.37196e-40 5.27296e-40 3.29853e-40 2.04963e-40 1.26523e-40 7.75987e-41 4.72905e-41 2.86403e-41 1.72391e-41 1.0314e-41 6.13425e-42 3.62714e-42 2.13245e-42 1.24666e-42 7.24789e-43 4.19097e-43 2.41045e-43 1.37911e-43 7.84985e-44 4.4455e-44 2.50504e-44 1.4047e-44 7.839e-45 4.35395e-45 2.40707e-45 1.32467e-45 7.25733e-46 3.95848e-46 2.14979e-46 1.16255e-46 6.26045e-47 3.35745e-47 1.7933e-47 9.54039e-48 5.05567e-48 2.66881e-48 1.4035e-48 7.35342e-49 3.83863e-49 1.99664e-49 1.03486e-49 5.34508e-50 2.7513e-50 1.41142e-50 7.2167e-51 3.67795e-51 1.86851e-51 9.46384e-52 4.78098e-52 2.41296e-52 1.22444e-52 6.40263e-53 3.75346e-53 
5.6212e-53 7.05749e-53 1.20817e-52 2.31862e-52 4.58426e-52 9.11209e-52 1.80942e-51 3.58379e-51 7.07676e-51 1.39301e-50 2.73319e-50 5.34508e-50 1.0418e-49 2.02363e-49 3.91719e-49 7.55591e-49 1.45225e-48 2.78109e-48 5.30613e-48 1.00856e-47 1.90969e-47 3.60187e-47 6.76658e-47 1.26607e-46 2.35919e-46 4.37777e-46 8.08903e-46 1.4882e-45 2.72594e-45 4.97078e-45 9.02308e-45 1.63031e-44 2.93182e-44 5.24708e-44 9.34493e-44 1.65605e-43 2.91993e-43 5.12194e-43 8.93754e-43 1.55126e-42 2.67788e-42 4.59722e-42 7.84794e-42 1.33207e-41 2.24786e-41 3.77078e-41 6.2874e-41 1.04193e-40 1.7159e-40 2.80788e-40 4.56509e-40 7.3732e-40 1.1829e-39 1.88483e-39 2.98249e-39 4.68613e-39 7.31014e-39 1.13203e-38 1.74003e-38 2.65441e-38 4.01821e-38 6.03528e-38 8.99299e-38 1.32921e-37 1.94855e-37 2.83268e-37 4.08313e-37 5.83497e-37 8.26563e-37 1.1605e-36 1.61469e-36 2.22612e-36 3.04061e-36 4.11407e-36 5.5134e-36 7.31726e-36 9.61613e-36 1.25118e-35 1.61156e-35 2.05462e-35 2.59249e-35 3.23707e-35 3.9993e-35 4.88837e-35 5.91077e-35 7.06931e-35 8.36216e-35 9.78197e-35 1.13151e-34 1.29414e-34 1.46337e-34 1.63586e-34 1.80771e-34 1.97458e-34 2.13185e-34 2.27486e-34 2.39911e-34 2.50052e-34 2.57562e-34 2.62177e-34 2.63735e-34 2.62177e-34 2.57562e-34 2.50052e-34 2.39911e-34 2.27486e-34 2.13185e-34 1.97458e-34 1.80771e-34 1.63586e-34 1.46337e-34 1.29414e-34 1.13151e-34 9.78197e-35 8.36216e-35 7.06931e-35 5.91077e-35 4.88837e-35 3.9993e-35 3.23707e-35 2.59249e-35 2.05462e-35 1.61156e-35 1.25118e-35 9.61613e-36 7.31726e-36 5.5134e-36 4.11407e-36 3.04061e-36 2.22612e-36 1.61469e-36 1.1605e-36 8.26563e-37 5.83497e-37 4.08313e-37 2.83268e-37 1.94855e-37 1.32921e-37 8.99299e-38 6.03528e-38 4.01821e-38 2.65441e-38 1.74003e-38 1.13203e-38 7.31014e-39 4.68613e-39 2.98249e-39 1.88483e-39 1.1829e-39 7.3732e-40 4.56509e-40 2.80788e-40 1.7159e-40 1.04193e-40 6.2874e-41 3.77078e-41 2.24786e-41 1.33207e-41 7.84794e-42 4.59722e-42 2.67788e-42 1.55126e-42 8.93754e-43 5.12194e-43 2.91993e-43 1.65605e-43 9.34493e-44 5.24708e-44 2.93182e-44 1.63031e-44 9.02308e-45 4.97078e-45 2.72594e-45 1.4882e-45 8.08903e-46 4.37777e-46 2.35919e-46 1.26607e-46 6.76658e-47 3.60187e-47 1.90969e-47 1.00856e-47 5.30613e-48 2.78109e-48 1.45225e-48 7.55591e-49 3.91719e-49 2.02363e-49 1.0418e-49 5.34508e-50 2.73319e-50 1.39301e-50 7.07676e-51 3.58379e-51 1.80942e-51 9.11209e-52 4.58426e-52 2.31862e-52 1.20817e-52 7.05749e-53 
1.0512e-52 1.32226e-52 2.2717e-52 4.37505e-52 8.67865e-52 1.73057e-51 3.44739e-51 6.84972e-51 1.35692e-50 2.67959e-50 5.27458e-50 1.03486e-49 2.02363e-49 3.94373e-49 7.65924e-49 1.48232e-48 2.85857e-48 5.49263e-48 1.0515e-47 2.00544e-47 3.81022e-47 7.21114e-47 1.35938e-46 2.55231e-46 4.77252e-46 8.88698e-46 1.64786e-45 3.04239e-45 5.59248e-45 1.02342e-44 1.86437e-44 3.38065e-44 6.10132e-44 1.09589e-43 1.95881e-43 3.48386e-43 6.16503e-43 1.08536e-42 1.90082e-42 3.31125e-42 5.73702e-42 9.8851e-42 1.69369e-41 2.88534e-41 4.88687e-41 8.22787e-41 1.37695e-40 2.29024e-40 3.7855e-40 6.21723e-40 1.0145e-39 1.64453e-39 2.64796e-39 4.23457e-39 6.72485e-39 1.06042e-38 1.66013e-38 2.58e-38 3.97974e-38 6.09242e-38 9.25487e-38 1.39488e-37 2.08561e-37 3.09313e-37 4.54961e-37 6.63594e-37 9.59671e-37 1.37586e-36 1.95523e-36 2.75379e-36 3.84341e-36 5.31485e-36 7.28107e-36 9.88028e-36 1.32786e-35 1.76721e-35 2.3287e-35 3.03789e-35 3.9229e-35 5.01374e-35 6.34133e-35 7.93614e-35 9.82643e-35 1.20362e-34 1.45827e-34 1.74741e-34 2.07068e-34 2.42634e-34 2.81104e-34 3.21974e-34 3.64566e-34 4.08036e-34 4.51395e-34 4.93542e-34 5.33303e-34 5.69489e-34 6.0095e-34 6.2664e-34 6.45672e-34 6.57374e-34 6.61322e-34 6.57374e-34 6.45672e-34 6.2664e-34 6.0095e-34 5.69489e-34 5.33303e-34 4.93542e-34 4.51395e-34 4.08036e-34 3.64566e-34 3.21974e-34 2.81104e-34 2.42634e-34 2.07068e-34 1.74741e-34 1.45827e-34 1.20362e-34 9.82643e-35 7.93614e-35 6.34133e-35 5.01374e-35 3.9229e-35 3.03789e-35 2.3287e-35 1.76721e-35 1.32786e-35 9.88028e-36 7.28107e-36 5.31485e-36 3.84341e-36 2.75379e-36 1.95523e-36 1.37586e-36 9.59671e-37 6.63594e-37 4.54961e-37 3.09313e-37 2.08561e-37 1.39488e-37 9.25487e-38 6.09242e-38 3.97974e-38 2.58e-38 1.66013e-38 1.06042e-38 6.72485e-39 4.23457e-39 2.64796e-39 1.64453e-39 1.0145e-39 6.21723e-40 3.7855e-40 2.29024e-40 1.37695e-40 8.22787e-41 4.88687e-41 2.88534e-41 1.69369e-41 9.8851e-42 5.73702e-42 3.31125e-42 1.90082e-42 1.08536e-42 6.16503e-43 3.48386e-43 1.95881e-43 1.09589e-43 6.10132e-44 3.38065e-44 1.86437e-44 1.02342e-44 5.59248e-45 3.04239e-45 1.64786e-45 8.88698e-46 4.77252e-46 2.55231e-46 1.35938e-46 7.21114e-47 3.81022e-47 2.00544e-47 1.0515e-47 5.49263e-48 2.85857e-48 1.48232e-48 7.65924e-49 3.94373e-49 2.02363e-49 1.03486e-49 5.27458e-50 2.67959e-50 1.35692e-50 6.84972e-51 3.44739e-51 1.73057e-51 8.67865e-52 4.37505e-52 2.2717e-52 1.32226e-52 
1.95867e-52 2.46834e-52 4.25604e-52 8.22568e-52 1.6371e-51 3.27497e-51 6.54474e-51 1.30456e-50 2.59261e-50 5.13636e-50 1.01434e-49 1.99664e-49 3.91719e-49 7.65924e-49 1.49248e-48 2.89812e-48 5.60768e-48 1.08114e-47 2.07677e-47 3.97439e-47 7.5771e-47 1.43898e-46 2.72208e-46 5.12867e-46 9.62366e-46 1.79835e-45 3.34639e-45 6.20028e-45 1.1438e-44 2.10064e-44 3.84051e-44 6.98912e-44 1.26595e-43 2.28211e-43 4.09396e-43 7.30799e-43 1.29796e-42 2.29349e-42 4.03144e-42 7.04876e-42 1.22577e-41 2.11988e-41 3.64562e-41 6.23369e-41 1.05972e-40 1.79084e-40 3.00816e-40 5.02195e-40 8.33151e-40 1.37343e-39 2.2494e-39 3.6598e-39 5.91459e-39 9.49326e-39 1.51313e-38 2.39472e-38 3.76264e-38 5.86863e-38 9.08508e-38 1.39576e-37 2.12779e-37 3.21826e-37 4.82867e-37 7.18606e-37 1.0606e-36 1.55219e-36 2.25223e-36 3.23961e-36 4.61876e-36 6.52599e-36 9.13683e-36 1.26739e-35 1.74152e-35 2.37023e-35 3.19471e-35 4.26377e-35 5.63399e-35 7.3695e-35 9.54116e-35 1.2225e-34 1.54996e-34 1.9443e-34 2.41281e-34 2.96173e-34 3.59569e-34 4.31698e-34 5.12501e-34 6.0156e-34 6.98058e-34 8.0074e-34 9.07906e-34 1.01743e-33 1.12681e-33 1.23325e-33 1.33376e-33 1.4253e-33 1.50495e-33 1.57003e-33 1.61826e-33 1.64792e-33 1.65793e-33 1.64792e-33 1.61826e-33 1.57003e-33 1.50495e-33 1.4253e-33 1.33376e-33 1.23325e-33 1.12681e-33 1.01743e-33 9.07906e-34 8.0074e-34 6.98058e-34 6.0156e-34 5.12501e-34 4.31698e-34 3.59569e-34 2.96173e-34 2.41281e-34 1.9443e-34 1.54996e-34 1.2225e-34 9.54116e-35 7.3695e-35 5.63399e-35 4.26377e-35 3.19471e-35 2.37023e-35 1.74152e-35 1.26739e-35 9.13683e-36 6.52599e-36 4.61876e-36 3.23961e-36 2.25223e-36 1.55219e-36 1.0606e-36 7.18606e-37 4.82867e-37 3.21826e-37 2.12779e-37 1.39576e-37 9.08508e-38 5.86863e-38 3.76264e-38 2.39472e-38 1.51313e-38 9.49326e-39 5.91459e-39 3.6598e-39 2.2494e-39 1.37343e-39 8.33151e-40 5.02195e-40 3.00816e-40 1.79084e-40 1.05972e-40 6.23369e-41 3.64562e-41 2.11988e-41 1.22577e-41 7.04876e-42 4.03144e-42 2.29349e-42 1.29796e-42 7.30799e-43 4.09396e-43 2.28211e-43 1.26595e-43 6.98912e-44 3.84051e-44 2.10064e-44 1.1438e-44 6.20028e-45 3.34639e-45 1.79835e-45 9.62366e-46 5.12867e-46 2.72208e-46 1.43898e-46 7.5771e-47 3.97439e-47 2.07677e-47 1.08114e-47 5.60768e-48 2.89812e-48 1.49248e-48 7.65924e-49 3.91719e-49 1.99664e-49 1.01434e-49 5.13636e-50 2.59261e-50 1.30456e-50 6.54474e-51 3.27497e-51 1.6371e-51 8.22568e-52 4.25604e-52 2.46834e-52 
3.63604e-52 4.59084e-52 7.94448e-52 1.54089e-51 3.07692e-51 6.17512e-51 1.238e-50 2.47563e-50 4.93584e-50 9.81044e-50 1.94373e-49 3.83863e-49 7.55591e-49 1.48232e-48 2.89812e-48 5.64656e-48 1.09628e-47 2.12078e-47 4.08777e-47 7.84988e-47 1.50175e-46 2.86193e-46 5.43274e-46 1.02718e-45 1.93426e-45 3.62734e-45 6.77386e-45 1.25958e-44 2.33196e-44 4.29825e-44 7.88681e-44 1.4405e-43 2.61874e-43 4.73808e-43 8.53108e-43 1.52848e-42 2.72476e-42 4.83251e-42 8.52609e-42 1.4963e-41 2.61178e-41 4.53377e-41 7.8261e-41 1.34322e-40 2.29203e-40 3.88791e-40 6.55525e-40 1.09848e-39 1.82924e-39 3.02677e-39 4.97584e-39 8.12603e-39 1.31815e-38 2.12358e-38 3.39735e-38 5.3966e-38 8.5105e-38 1.33226e-37 2.06995e-37 3.19163e-37 4.88303e-37 7.41189e-37 1.11602e-36 1.66669e-36 2.46843e-36 3.62497e-36 5.2777e-36 7.61691e-36 1.08954e-35 1.54446e-35 2.16927e-35 3.01851e-35 4.16053e-35 5.67963e-35 7.67793e-35 1.02768e-34 1.36175e-34 1.7861e-34 2.31856e-34 2.97837e-34 3.78553e-34 4.75998e-34 5.9205e-34 7.28336e-34 8.8608e-34 1.06593e-33 1.26782e-33 1.49075e-33 1.73272e-33 1.99062e-33 2.26019e-33 2.53608e-33 2.81195e-33 3.08069e-33 3.33472e-33 3.56629e-33 3.76791e-33 3.93274e-33 4.05495e-33 4.13013e-33 4.1555e-33 4.13013e-33 4.05495e-33 3.93274e-33 3.76791e-33 3.56629e-33 3.33472e-33 3.08069e-33 2.81195e-33 2.53608e-33 2.26019e-33 1.99062e-33 1.73272e-33 1.49075e-33 1.26782e-33 1.06593e-33 8.8608e-34 7.28336e-34 5.9205e-34 4.75998e-34 3.78553e-34 2.97837e-34 2.31856e-34 1.7861e-34 1.36175e-34 1.02768e-34 7.67793e-35 5.67963e-35 4.16053e-35 3.01851e-35 2.16927e-35 1.54446e-35 1.08954e-35 7.61691e-36 5.2777e-36 3.62497e-36 2.46843e-36 1.66669e-36 1.11602e-36 7.41189e-37 4.88303e-37 3.19163e-37 2.06995e-37 1.33226e-37 8.5105e-38 5.3966e-38 3.39735e-38 2.12358e-38 1.31815e-38 8.12603e-39 4.97584e-39 3.02677e-39 1.82924e-39 1.09848e-39 6.55525e-40 3.88791e-40 2.29203e-40 1.34322e-40 7.8261e-41 4.53377e-41 2.61178e-41 1.4963e-41 8.52609e-42 4.83251e-42 2.72476e-42 1.52848e-42 8.53108e-43 4.73808e-43 2.61874e-43 1.4405e-43 7.88681e-44 4.29825e-44 2.33196e-44 1.25958e-44 6.77386e-45 3.62734e-45 1.93426e-45 1.02718e-45 5.43274e-46 2.86193e-46 1.50175e-46 7.84988e-47 4.08777e-47 2.12078e-47 1.09628e-47 5.64656e-48 2.89812e-48 1.48232e-48 7.55591e-49 3.83863e-49 1.94373e-49 9.81044e-50 4.93584e-50 2.47563e-50 1.238e-50 6.17512e-51 3.07692e-51 1.54089e-51 7.94448e-52 4.59084e-52 
