1.95028e-85 2.03234e-85 2.28445e-85 2.72474e-85 3.38461e-85 4.31058e-85 5.56695e-85 7.23946e-85 9.44002e-85 1.23128e-84 1.60419e-84 2.08606e-84 2.70633e-84 3.50196e-84 4.51916e-84 5.81549e-84 7.4624e-84 9.54826e-84 1.21819e-83 1.54971e-83 1.96573e-83 2.4862e-83 3.13534e-83 3.94248e-83 4.94299e-83 6.17937e-83 7.7025e-83 9.57309e-83 1.18633e-82 1.46585e-82 1.80594e-82 2.21844e-82 2.7172e-82 3.31837e-82 4.04069e-82 4.90584e-82 5.9388e-82 7.1682e-82 8.62675e-82 1.03516e-81 1.2385e-81 1.47743e-81 1.75728e-81 2.084e-81 2.4642e-81 2.90521e-81 3.41507e-81 4.0026e-81 4.6774e-81 5.44988e-81 6.33124e-81 7.33347e-81 8.46931e-81 9.75225e-81 1.11964e-80 1.28165e-80 1.46277e-80 1.66456e-80 1.88859e-80 2.13645e-80 2.40969e-80 2.70985e-80 3.03838e-80 3.39667e-80 3.78598e-80 4.20742e-80 4.66193e-80 5.15025e-80 5.67287e-80 6.23002e-80 6.82161e-80 7.44725e-80 8.10616e-80 8.79722e-80 9.51888e-80 1.02692e-79 1.10458e-79 1.18458e-79 1.26662e-79 1.35031e-79 1.43526e-79 1.52102e-79 1.60713e-79 1.69306e-79 1.7783e-79 1.86227e-79 1.94442e-79 2.02416e-79 2.1009e-79 2.17408e-79 2.24312e-79 2.30747e-79 2.36662e-79 2.42006e-79 2.46736e-79 2.5081e-79 2.54193e-79 2.56856e-79 2.58775e-79 2.59934e-79 2.60321e-79 2.59934e-79 2.58775e-79 2.56856e-79 2.54193e-79 2.5081e-79 2.46736e-79 2.42006e-79 2.36662e-79 2.30747e-79 2.24312e-79 2.17408e-79 2.1009e-79 2.02416e-79 1.94442e-79 1.86227e-79 1.7783e-79 1.69306e-79 1.60713e-79 1.52102e-79 1.43526e-79 1.35031e-79 1.26662e-79 1.18458e-79 1.10458e-79 1.02692e-79 9.51888e-80 8.79722e-80 8.10616e-80 7.44725e-80 6.82161e-80 6.23002e-80 5.67287e-80 5.15025e-80 4.66193e-80 4.20742e-80 3.78598e-80 3.39667e-80 3.03838e-80 2.70985e-80 2.40969e-80 2.13645e-80 1.88859e-80 1.66456e-80 1.46277e-80 1.28165e-80 1.11964e-80 9.75225e-81 8.46931e-81 7.33347e-81 6.33124e-81 5.44988e-81 4.6774e-81 4.0026e-81 3.41507e-81 2.90521e-81 2.4642e-81 2.084e-81 1.75728e-81 1.47743e-81 1.2385e-81 1.03516e-81 8.62675e-82 7.1682e-82 5.9388e-82 4.90584e-82 4.04069e-82 3.31837e-82 2.7172e-82 2.21844e-82 1.80594e-82 1.46585e-82 1.18633e-82 9.57309e-83 7.7025e-83 6.17937e-83 4.94299e-83 3.94248e-83 3.13534e-83 2.4862e-83 1.96573e-83 1.54971e-83 1.21819e-83 9.54826e-84 7.4624e-84 5.81549e-84 4.51916e-84 3.50196e-84 2.70633e-84 2.08606e-84 1.60419e-84 1.23128e-84 9.44002e-85 7.23946e-85 5.56695e-85 4.31058e-85 3.38461e-85 2.72474e-85 2.28445e-85 2.03234e-85 
2.03234e-85 2.11786e-85 2.38057e-85 2.83937e-85 3.52699e-85 4.4919e-85 5.8011e-85 7.54392e-85 9.837e-85 1.28306e-84 1.67164e-84 2.17377e-84 2.82011e-84 3.64918e-84 4.70912e-84 6.05993e-84 7.77605e-84 9.94955e-84 1.26939e-83 1.61483e-83 2.04833e-83 2.59066e-83 3.26707e-83 4.10811e-83 5.15064e-83 6.43894e-83 8.02603e-83 9.97517e-83 1.23615e-82 1.52741e-82 1.88178e-82 2.3116e-82 2.83129e-82 3.4577e-82 4.21034e-82 5.1118e-82 6.18811e-82 7.46911e-82 8.98887e-82 1.07861e-81 1.29048e-81 1.53944e-81 1.83103e-81 2.17145e-81 2.56761e-81 3.02711e-81 3.55836e-81 4.17053e-81 4.87364e-81 5.67852e-81 6.59685e-81 7.6411e-81 8.82458e-81 1.01613e-80 1.1666e-80 1.33541e-80 1.52412e-80 1.73437e-80 1.9678e-80 2.22604e-80 2.51074e-80 2.82348e-80 3.16579e-80 3.5391e-80 3.94472e-80 4.38383e-80 4.85739e-80 5.36618e-80 5.9107e-80 6.4912e-80 7.10758e-80 7.75944e-80 8.44597e-80 9.16598e-80 9.91788e-80 1.06996e-79 1.15088e-79 1.23424e-79 1.3197e-79 1.4069e-79 1.49541e-79 1.58477e-79 1.67448e-79 1.76402e-79 1.85282e-79 1.94032e-79 2.0259e-79 2.10898e-79 2.18895e-79 2.26519e-79 2.33712e-79 2.40417e-79 2.46579e-79 2.52148e-79 2.57075e-79 2.6132e-79 2.64845e-79 2.6762e-79 2.69619e-79 2.70826e-79 2.7123e-79 2.70826e-79 2.69619e-79 2.6762e-79 2.64845e-79 2.6132e-79 2.57075e-79 2.52148e-79 2.46579e-79 2.40417e-79 2.33712e-79 2.26519e-79 2.18895e-79 2.10898e-79 2.0259e-79 1.94032e-79 1.85282e-79 1.76402e-79 1.67448e-79 1.58477e-79 1.49541e-79 1.4069e-79 1.3197e-79 1.23424e-79 1.15088e-79 1.06996e-79 9.91788e-80 9.16598e-80 8.44597e-80 7.75944e-80 7.10758e-80 6.4912e-80 5.9107e-80 5.36618e-80 4.85739e-80 4.38383e-80 3.94472e-80 3.5391e-80 3.16579e-80 2.82348e-80 2.51074e-80 2.22604e-80 1.9678e-80 1.73437e-80 1.52412e-80 1.33541e-80 1.1666e-80 1.01613e-80 8.82458e-81 7.6411e-81 6.59685e-81 5.67852e-81 4.87364e-81 4.17053e-81 3.55836e-81 3.02711e-81 2.56761e-81 2.17145e-81 1.83103e-81 1.53944e-81 1.29048e-81 1.07861e-81 8.98887e-82 7.46911e-82 6.18811e-82 5.1118e-82 4.21034e-82 3.4577e-82 2.83129e-82 2.3116e-82 1.88178e-82 1.52741e-82 1.23615e-82 9.97517e-83 8.02603e-83 6.43894e-83 5.15064e-83 4.10811e-83 3.26707e-83 2.59066e-83 2.04833e-83 1.61483e-83 1.26939e-83 9.94955e-84 7.77605e-84 6.05993e-84 4.70912e-84 3.64918e-84 2.82011e-84 2.17377e-84 1.67164e-84 1.28306e-84 9.837e-85 7.54392e-85 5.8011e-85 4.4919e-85 3.52699e-85 2.83937e-85 2.38057e-85 2.11786e-85 
2.28445e-85 2.38057e-85 2.67585e-85 3.19154e-85 3.96441e-85 5.04894e-85 6.52043e-85 8.4793e-85 1.10566e-84 1.44212e-84 1.87886e-84 2.44322e-84 3.16965e-84 4.10145e-84 5.29273e-84 6.81089e-84 8.73962e-84 1.11824e-83 1.42666e-83 1.81489e-83 2.30208e-83 2.91158e-83 3.67175e-83 4.61694e-83 5.78856e-83 7.23637e-83 9.01996e-83 1.12104e-82 1.38922e-82 1.71652e-82 2.11476e-82 2.59778e-82 3.18179e-82 3.88572e-82 4.7315e-82 5.74451e-82 6.954e-82 8.3935e-82 1.01013e-81 1.21209e-81 1.45017e-81 1.72992e-81 2.05758e-81 2.44012e-81 2.88527e-81 3.4016e-81 3.99855e-81 4.68643e-81 5.47649e-81 6.3809e-81 7.41277e-81 8.58615e-81 9.91595e-81 1.1418e-80 1.31087e-80 1.50054e-80 1.71259e-80 1.94883e-80 2.21111e-80 2.50127e-80 2.82116e-80 3.17255e-80 3.55717e-80 3.97661e-80 4.43237e-80 4.92574e-80 5.45782e-80 6.02948e-80 6.64129e-80 7.29352e-80 7.98606e-80 8.71846e-80 9.48981e-80 1.02988e-79 1.11436e-79 1.20219e-79 1.2931e-79 1.38676e-79 1.48279e-79 1.58076e-79 1.6802e-79 1.7806e-79 1.88139e-79 1.98199e-79 2.08176e-79 2.18006e-79 2.27622e-79 2.36956e-79 2.4594e-79 2.54506e-79 2.62588e-79 2.70121e-79 2.77044e-79 2.833e-79 2.88837e-79 2.93606e-79 2.97566e-79 3.00683e-79 3.0293e-79 3.04286e-79 3.04739e-79 3.04286e-79 3.0293e-79 3.00683e-79 2.97566e-79 2.93606e-79 2.88837e-79 2.833e-79 2.77044e-79 2.70121e-79 2.62588e-79 2.54506e-79 2.4594e-79 2.36956e-79 2.27622e-79 2.18006e-79 2.08176e-79 1.98199e-79 1.88139e-79 1.7806e-79 1.6802e-79 1.58076e-79 1.48279e-79 1.38676e-79 1.2931e-79 1.20219e-79 1.11436e-79 1.02988e-79 9.48981e-80 8.71846e-80 7.98606e-80 7.29352e-80 6.64129e-80 6.02948e-80 5.45782e-80 4.92574e-80 4.43237e-80 3.97661e-80 3.55717e-80 3.17255e-80 2.82116e-80 2.50127e-80 2.21111e-80 1.94883e-80 1.71259e-80 1.50054e-80 1.31087e-80 1.1418e-80 9.91595e-81 8.58615e-81 7.41277e-81 6.3809e-81 5.47649e-81 4.68643e-81 3.99855e-81 3.4016e-81 2.88527e-81 2.44012e-81 2.05758e-81 1.72992e-81 1.45017e-81 1.21209e-81 1.01013e-81 8.3935e-82 6.954e-82 5.74451e-82 4.7315e-82 3.88572e-82 3.18179e-82 2.59778e-82 2.11476e-82 1.71652e-82 1.38922e-82 1.12104e-82 9.01996e-83 7.23637e-83 5.78856e-83 4.61694e-83 3.67175e-83 2.91158e-83 2.30208e-83 1.81489e-83 1.42666e-83 1.11824e-83 8.73962e-84 6.81089e-84 5.29273e-84 4.10145e-84 3.16965e-84 2.44322e-84 1.87886e-84 1.44212e-84 1.10566e-84 8.4793e-85 6.52043e-85 5.04894e-85 3.96441e-85 3.19154e-85 2.67585e-85 2.38057e-85 
2.72474e-85 2.83937e-85 3.19154e-85 3.80657e-85 4.72831e-85 6.02175e-85 7.77667e-85 1.01128e-84 1.31865e-84 1.7199e-84 2.24075e-84 2.91377e-84 3.78008e-84 4.89128e-84 6.3119e-84 8.12232e-84 1.04223e-83 1.33352e-83 1.70131e-83 2.16426e-83 2.74521e-83 3.472e-83 4.37845e-83 5.50551e-83 6.90254e-83 8.6289e-83 1.07556e-82 1.33674e-82 1.65651e-82 2.04677e-82 2.5216e-82 3.09752e-82 3.79385e-82 4.63314e-82 5.64156e-82 6.84937e-82 8.29142e-82 1.00077e-81 1.20438e-81 1.44517e-81 1.72902e-81 2.06254e-81 2.45318e-81 2.90925e-81 3.43996e-81 4.05553e-81 4.7672e-81 5.58728e-81 6.52916e-81 7.60736e-81 8.83751e-81 1.02363e-80 1.18216e-80 1.36122e-80 1.56278e-80 1.78889e-80 2.04167e-80 2.32329e-80 2.63595e-80 2.98186e-80 3.36319e-80 3.78208e-80 4.24056e-80 4.74056e-80 5.28385e-80 5.87197e-80 6.50624e-80 7.18767e-80 7.91697e-80 8.69444e-80 9.51997e-80 1.0393e-79 1.13125e-79 1.22768e-79 1.32838e-79 1.43307e-79 1.54144e-79 1.65308e-79 1.76754e-79 1.88432e-79 2.00286e-79 2.12253e-79 2.24267e-79 2.36258e-79 2.4815e-79 2.59867e-79 2.71329e-79 2.82455e-79 2.93164e-79 3.03374e-79 3.13007e-79 3.21986e-79 3.30238e-79 3.37695e-79 3.44294e-79 3.49978e-79 3.54699e-79 3.58415e-79 3.61093e-79 3.62709e-79 3.63249e-79 3.62709e-79 3.61093e-79 3.58415e-79 3.54699e-79 3.49978e-79 3.44294e-79 3.37695e-79 3.30238e-79 3.21986e-79 3.13007e-79 3.03374e-79 2.93164e-79 2.82455e-79 2.71329e-79 2.59867e-79 2.4815e-79 2.36258e-79 2.24267e-79 2.12253e-79 2.00286e-79 1.88432e-79 1.76754e-79 1.65308e-79 1.54144e-79 1.43307e-79 1.32838e-79 1.22768e-79 1.13125e-79 1.0393e-79 9.51997e-80 8.69444e-80 7.91697e-80 7.18767e-80 6.50624e-80 5.87197e-80 5.28385e-80 4.74056e-80 4.24056e-80 3.78208e-80 3.36319e-80 2.98186e-80 2.63595e-80 2.32329e-80 2.04167e-80 1.78889e-80 1.56278e-80 1.36122e-80 1.18216e-80 1.02363e-80 8.83751e-81 7.60736e-81 6.52916e-81 5.58728e-81 4.7672e-81 4.05553e-81 3.43996e-81 2.90925e-81 2.45318e-81 2.06254e-81 1.72902e-81 1.44517e-81 1.20438e-81 1.00077e-81 8.29142e-82 6.84937e-82 5.64156e-82 4.63314e-82 3.79385e-82 3.09752e-82 2.5216e-82 2.04677e-82 1.65651e-82 1.33674e-82 1.07556e-82 8.6289e-83 6.90254e-83 5.50551e-83 4.37845e-83 3.472e-83 2.74521e-83 2.16426e-83 1.70131e-83 1.33352e-83 1.04223e-83 8.12232e-84 6.3119e-84 4.89128e-84 3.78008e-84 2.91377e-84 2.24075e-84 1.7199e-84 1.31865e-84 1.01128e-84 7.77667e-85 6.02175e-85 4.72831e-85 3.80657e-85 3.19154e-85 2.83937e-85 
3.38461e-85 3.52699e-85 3.96441e-85 4.72831e-85 5.87318e-85 7.47969e-85 9.65937e-85 1.25609e-84 1.63785e-84 2.13621e-84 2.78309e-84 3.61897e-84 4.69489e-84 6.07493e-84 7.83925e-84 1.00876e-83 1.2944e-83 1.65616e-83 2.1129e-83 2.68782e-83 3.40927e-83 4.31182e-83 5.43748e-83 6.83707e-83 8.57191e-83 1.07157e-82 1.33566e-82 1.65998e-82 2.05705e-82 2.54165e-82 3.13126e-82 3.84638e-82 4.71102e-82 5.75316e-82 7.00529e-82 8.50498e-82 1.02955e-81 1.24265e-81 1.49546e-81 1.79443e-81 2.14685e-81 2.56096e-81 3.04598e-81 3.61221e-81 4.27113e-81 5.0354e-81 5.91897e-81 6.93712e-81 8.1065e-81 9.4451e-81 1.09723e-80 1.2709e-80 1.46771e-80 1.69001e-80 1.94024e-80 2.22094e-80 2.53476e-80 2.88438e-80 3.27253e-80 3.70195e-80 4.17534e-80 4.69536e-80 5.26452e-80 5.88523e-80 6.55966e-80 7.28975e-80 8.07712e-80 8.92304e-80 9.82837e-80 1.07935e-79 1.18183e-79 1.2902e-79 1.40434e-79 1.52404e-79 1.64904e-79 1.77901e-79 1.91352e-79 2.0521e-79 2.19419e-79 2.33915e-79 2.48629e-79 2.63484e-79 2.78397e-79 2.93281e-79 3.08043e-79 3.22588e-79 3.36815e-79 3.50626e-79 3.63918e-79 3.76592e-79 3.88549e-79 3.99695e-79 4.09938e-79 4.19194e-79 4.27385e-79 4.34441e-79 4.40301e-79 4.44913e-79 4.48237e-79 4.50243e-79 4.50914e-79 4.50243e-79 4.48237e-79 4.44913e-79 4.40301e-79 4.34441e-79 4.27385e-79 4.19194e-79 4.09938e-79 3.99695e-79 3.88549e-79 3.76592e-79 3.63918e-79 3.50626e-79 3.36815e-79 3.22588e-79 3.08043e-79 2.93281e-79 2.78397e-79 2.63484e-79 2.48629e-79 2.33915e-79 2.19419e-79 2.0521e-79 1.91352e-79 1.77901e-79 1.64904e-79 1.52404e-79 1.40434e-79 1.2902e-79 1.18183e-79 1.07935e-79 9.82837e-80 8.92304e-80 8.07712e-80 7.28975e-80 6.55966e-80 5.88523e-80 5.26452e-80 4.69536e-80 4.17534e-80 3.70195e-80 3.27253e-80 2.88438e-80 2.53476e-80 2.22094e-80 1.94024e-80 1.69001e-80 1.46771e-80 1.2709e-80 1.09723e-80 9.4451e-81 8.1065e-81 6.93712e-81 5.91897e-81 5.0354e-81 4.27113e-81 3.61221e-81 3.04598e-81 2.56096e-81 2.14685e-81 1.79443e-81 1.49546e-81 1.24265e-81 1.02955e-81 8.50498e-82 7.00529e-82 5.75316e-82 4.71102e-82 3.84638e-82 3.13126e-82 2.54165e-82 2.05705e-82 1.65998e-82 1.33566e-82 1.07157e-82 8.57191e-83 6.83707e-83 5.43748e-83 4.31182e-83 3.40927e-83 2.68782e-83 2.1129e-83 1.65616e-83 1.2944e-83 1.00876e-83 7.83925e-84 6.07493e-84 4.69489e-84 3.61897e-84 2.78309e-84 2.13621e-84 1.63785e-84 1.25609e-84 9.65937e-85 7.47969e-85 5.87318e-85 4.72831e-85 3.96441e-85 3.52699e-85 
4.31058e-85 4.4919e-85 5.04894e-85 6.02175e-85 7.47969e-85 9.5255e-85 1.23012e-84 1.59961e-84 2.08574e-84 2.72035e-84 3.54408e-84 4.60847e-84 5.9785e-84 7.73577e-84 9.98232e-84 1.28452e-83 1.64823e-83 2.10884e-83 2.69041e-83 3.42243e-83 4.34101e-83 5.49017e-83 6.92337e-83 8.70534e-83 1.09141e-82 1.36435e-82 1.70058e-82 2.1135e-82 2.61901e-82 3.23598e-82 3.98662e-82 4.89704e-82 5.9978e-82 7.32452e-82 8.91856e-82 1.08277e-81 1.31072e-81 1.582e-81 1.90383e-81 2.28442e-81 2.73305e-81 3.26021e-81 3.87762e-81 4.59842e-81 5.43718e-81 6.41005e-81 7.53478e-81 8.83081e-81 1.03193e-80 1.20232e-80 1.39673e-80 1.61778e-80 1.8683e-80 2.15125e-80 2.46976e-80 2.82705e-80 3.22649e-80 3.6715e-80 4.16555e-80 4.71212e-80 5.31465e-80 5.97653e-80 6.70096e-80 7.49098e-80 8.34938e-80 9.27861e-80 1.02808e-79 1.13574e-79 1.25097e-79 1.3738e-79 1.50423e-79 1.64216e-79 1.78743e-79 1.93977e-79 2.09887e-79 2.26427e-79 2.43547e-79 2.61184e-79 2.79268e-79 2.97717e-79 3.16443e-79 3.35348e-79 3.54328e-79 3.73271e-79 3.92058e-79 4.10569e-79 4.28676e-79 4.46252e-79 4.63168e-79 4.79298e-79 4.94515e-79 5.087e-79 5.21736e-79 5.33516e-79 5.4394e-79 5.5292e-79 5.60377e-79 5.66246e-79 5.70477e-79 5.7303e-79 5.73884e-79 5.7303e-79 5.70477e-79 5.66246e-79 5.60377e-79 5.5292e-79 5.4394e-79 5.33516e-79 5.21736e-79 5.087e-79 4.94515e-79 4.79298e-79 4.63168e-79 4.46252e-79 4.28676e-79 4.10569e-79 3.92058e-79 3.73271e-79 3.54328e-79 3.35348e-79 3.16443e-79 2.97717e-79 2.79268e-79 2.61184e-79 2.43547e-79 2.26427e-79 2.09887e-79 1.93977e-79 1.78743e-79 1.64216e-79 1.50423e-79 1.3738e-79 1.25097e-79 1.13574e-79 1.02808e-79 9.27861e-80 8.34938e-80 7.49098e-80 6.70096e-80 5.97653e-80 5.31465e-80 4.71212e-80 4.16555e-80 3.6715e-80 3.22649e-80 2.82705e-80 2.46976e-80 2.15125e-80 1.8683e-80 1.61778e-80 1.39673e-80 1.20232e-80 1.03193e-80 8.83081e-81 7.53478e-81 6.41005e-81 5.43718e-81 4.59842e-81 3.87762e-81 3.26021e-81 2.73305e-81 2.28442e-81 1.90383e-81 1.582e-81 1.31072e-81 1.08277e-81 8.91856e-82 7.32452e-82 5.9978e-82 4.89704e-82 3.98662e-82 3.23598e-82 2.61901e-82 2.1135e-82 1.70058e-82 1.36435e-82 1.09141e-82 8.70534e-83 6.92337e-83 5.49017e-83 4.34101e-83 3.42243e-83 2.69041e-83 2.10884e-83 1.64823e-83 1.28452e-83 9.98232e-84 7.73577e-84 5.9785e-84 4.60847e-84 3.54408e-84 2.72035e-84 2.08574e-84 1.59961e-84 1.23012e-84 9.5255e-85 7.47969e-85 6.02175e-85 5.04894e-85 4.4919e-85 
5.56695e-85 5.8011e-85 6.52043e-85 7.77667e-85 9.65937e-85 1.23012e-84 1.58855e-84 2.06568e-84 2.69342e-84 3.51288e-84 4.57654e-84 5.95093e-84 7.71997e-84 9.98901e-84 1.28898e-83 1.65864e-83 2.12824e-83 2.72298e-83 3.47387e-83 4.41902e-83 5.60503e-83 7.08872e-83 8.93914e-83 1.12398e-82 1.40915e-82 1.76154e-82 2.19563e-82 2.72872e-82 3.38135e-82 4.17786e-82 5.14694e-82 6.32228e-82 7.74334e-82 9.45609e-82 1.15139e-81 1.39786e-81 1.69211e-81 2.04231e-81 2.45777e-81 2.94907e-81 3.52821e-81 4.2087e-81 5.0057e-81 5.93614e-81 7.01886e-81 8.27468e-81 9.7265e-81 1.13994e-80 1.33208e-80 1.55202e-80 1.80295e-80 2.08829e-80 2.41165e-80 2.77687e-80 3.18798e-80 3.64916e-80 4.16473e-80 4.73911e-80 5.37678e-80 6.08225e-80 6.85994e-80 7.71422e-80 8.64923e-80 9.6689e-80 1.07768e-79 1.19761e-79 1.32696e-79 1.46591e-79 1.61463e-79 1.77317e-79 1.9415e-79 2.11952e-79 2.307e-79 2.50363e-79 2.70895e-79 2.92243e-79 3.14338e-79 3.371e-79 3.60438e-79 3.84249e-79 4.08416e-79 4.32815e-79 4.5731e-79 4.81757e-79 5.06004e-79 5.29893e-79 5.53261e-79 5.75944e-79 5.97776e-79 6.18592e-79 6.38231e-79 6.56537e-79 6.7336e-79 6.88563e-79 7.02016e-79 7.13605e-79 7.23229e-79 7.30804e-79 7.36263e-79 7.39558e-79 7.4066e-79 7.39558e-79 7.36263e-79 7.30804e-79 7.23229e-79 7.13605e-79 7.02016e-79 6.88563e-79 6.7336e-79 6.56537e-79 6.38231e-79 6.18592e-79 5.97776e-79 5.75944e-79 5.53261e-79 5.29893e-79 5.06004e-79 4.81757e-79 4.5731e-79 4.32815e-79 4.08416e-79 3.84249e-79 3.60438e-79 3.371e-79 3.14338e-79 2.92243e-79 2.70895e-79 2.50363e-79 2.307e-79 2.11952e-79 1.9415e-79 1.77317e-79 1.61463e-79 1.46591e-79 1.32696e-79 1.19761e-79 1.07768e-79 9.6689e-80 8.64923e-80 7.71422e-80 6.85994e-80 6.08225e-80 5.37678e-80 4.73911e-80 4.16473e-80 3.64916e-80 3.18798e-80 2.77687e-80 2.41165e-80 2.08829e-80 1.80295e-80 1.55202e-80 1.33208e-80 1.13994e-80 9.7265e-81 8.27468e-81 7.01886e-81 5.93614e-81 5.0057e-81 4.2087e-81 3.52821e-81 2.94907e-81 2.45777e-81 2.04231e-81 1.69211e-81 1.39786e-81 1.15139e-81 9.45609e-82 7.74334e-82 6.32228e-82 5.14694e-82 4.17786e-82 3.38135e-82 2.72872e-82 2.19563e-82 1.76154e-82 1.40915e-82 1.12398e-82 8.93914e-83 7.08872e-83 5.60503e-83 4.41902e-83 3.47387e-83 2.72298e-83 2.12824e-83 1.65864e-83 1.28898e-83 9.98901e-84 7.71997e-84 5.95093e-84 4.57654e-84 3.51288e-84 2.69342e-84 2.06568e-84 1.58855e-84 1.23012e-84 9.65937e-85 7.77667e-85 6.52043e-85 5.8011e-85 
7.23946e-85 7.54392e-85 8.4793e-85 1.01128e-84 1.25609e-84 1.59961e-84 2.06568e-84 2.68608e-84 3.50232e-84 4.56783e-84 5.95085e-84 7.73788e-84 1.0038e-83 1.29882e-83 1.67598e-83 2.15661e-83 2.76717e-83 3.54042e-83 4.51669e-83 5.7455e-83 7.28744e-83 9.2164e-83 1.16221e-82 1.46132e-82 1.83206e-82 2.29017e-82 2.85451e-82 3.54754e-82 4.39598e-82 5.43144e-82 6.69123e-82 8.21915e-82 1.00665e-81 1.2293e-81 1.49681e-81 1.81719e-81 2.1997e-81 2.65493e-81 3.19499e-81 3.83363e-81 4.58644e-81 5.47098e-81 6.50697e-81 7.7164e-81 9.12376e-81 1.07561e-80 1.26432e-80 1.48177e-80 1.73151e-80 2.01739e-80 2.34354e-80 2.71441e-80 3.13471e-80 3.60941e-80 4.14375e-80 4.74316e-80 5.41326e-80 6.1598e-80 6.98859e-80 7.90549e-80 8.91627e-80 1.00266e-79 1.12418e-79 1.2567e-79 1.4007e-79 1.55657e-79 1.72467e-79 1.90527e-79 2.09854e-79 2.30459e-79 2.52336e-79 2.75472e-79 2.99837e-79 3.25391e-79 3.52076e-79 3.79819e-79 4.08534e-79 4.38116e-79 4.68446e-79 4.9939e-79 5.30798e-79 5.62507e-79 5.9434e-79 6.26111e-79 6.57621e-79 6.88666e-79 7.19035e-79 7.48513e-79 7.76885e-79 8.03937e-79 8.29459e-79 8.53248e-79 8.75112e-79 8.94868e-79 9.12351e-79 9.27411e-79 9.39918e-79 9.49762e-79 9.56857e-79 9.61139e-79 9.62571e-79 9.61139e-79 9.56857e-79 9.49762e-79 9.39918e-79 9.27411e-79 9.12351e-79 8.94868e-79 8.75112e-79 8.53248e-79 8.29459e-79 8.03937e-79 7.76885e-79 7.48513e-79 7.19035e-79 6.88666e-79 6.57621e-79 6.26111e-79 5.9434e-79 5.62507e-79 5.30798e-79 4.9939e-79 4.68446e-79 4.38116e-79 4.08534e-79 3.79819e-79 3.52076e-79 3.25391e-79 2.99837e-79 2.75472e-79 2.52336e-79 2.30459e-79 2.09854e-79 1.90527e-79 1.72467e-79 1.55657e-79 1.4007e-79 1.2567e-79 1.12418e-79 1.00266e-79 8.91627e-80 7.90549e-80 6.98859e-80 6.1598e-80 5.41326e-80 4.74316e-80 4.14375e-80 3.60941e-80 3.13471e-80 2.71441e-80 2.34354e-80 2.01739e-80 1.73151e-80 1.48177e-80 1.26432e-80 1.07561e-80 9.12376e-81 7.7164e-81 6.50697e-81 5.47098e-81 4.58644e-81 3.83363e-81 3.19499e-81 2.65493e-81 2.1997e-81 1.81719e-81 1.49681e-81 1.2293e-81 1.00665e-81 8.21915e-82 6.69123e-82 5.43144e-82 4.39598e-82 3.54754e-82 2.85451e-82 2.29017e-82 1.83206e-82 1.46132e-82 1.16221e-82 9.2164e-83 7.28744e-83 5.7455e-83 4.51669e-83 3.54042e-83 2.76717e-83 2.15661e-83 1.67598e-83 1.29882e-83 1.0038e-83 7.73788e-84 5.95085e-84 4.56783e-84 3.50232e-84 2.68608e-84 2.06568e-84 1.59961e-84 1.25609e-84 1.01128e-84 8.4793e-85 7.54392e-85 
9.44002e-85 9.837e-85 1.10566e-84 1.31865e-84 1.63785e-84 2.08574e-84 2.69342e-84 3.50232e-84 4.56653e-84 5.95575e-84 7.75892e-84 1.00888e-83 1.30876e-83 1.6934e-83 2.18511e-83 2.81172e-83 3.60772e-83 4.6158e-83 5.88854e-83 7.49051e-83 9.50068e-83 1.20154e-82 1.51515e-82 1.90507e-82 2.38838e-82 2.98557e-82 3.72123e-82 4.62465e-82 5.73064e-82 7.08043e-82 8.72261e-82 1.07143e-81 1.31223e-81 1.60246e-81 1.95115e-81 2.36877e-81 2.86737e-81 3.46074e-81 4.16468e-81 4.99711e-81 5.97834e-81 7.13128e-81 8.4816e-81 1.0058e-80 1.18923e-80 1.40199e-80 1.64795e-80 1.93137e-80 2.25687e-80 2.62947e-80 3.05456e-80 3.53792e-80 4.0857e-80 4.70439e-80 5.4008e-80 6.18201e-80 7.05534e-80 8.02829e-80 9.10844e-80 1.03034e-79 1.16207e-79 1.30677e-79 1.46514e-79 1.63786e-79 1.82551e-79 2.02865e-79 2.24772e-79 2.48308e-79 2.73496e-79 3.00348e-79 3.28858e-79 3.59008e-79 3.90762e-79 4.24063e-79 4.58838e-79 4.94992e-79 5.32412e-79 5.70963e-79 6.10488e-79 6.50812e-79 6.91742e-79 7.33063e-79 7.74547e-79 8.15948e-79 8.57011e-79 8.97467e-79 9.37042e-79 9.75455e-79 1.01243e-78 1.04768e-78 1.08094e-78 1.11194e-78 1.14043e-78 1.16617e-78 1.18896e-78 1.20858e-78 1.22488e-78 1.23771e-78 1.24695e-78 1.25253e-78 1.2544e-78 1.25253e-78 1.24695e-78 1.23771e-78 1.22488e-78 1.20858e-78 1.18896e-78 1.16617e-78 1.14043e-78 1.11194e-78 1.08094e-78 1.04768e-78 1.01243e-78 9.75455e-79 9.37042e-79 8.97467e-79 8.57011e-79 8.15948e-79 7.74547e-79 7.33063e-79 6.91742e-79 6.50812e-79 6.10488e-79 5.70963e-79 5.32412e-79 4.94992e-79 4.58838e-79 4.24063e-79 3.90762e-79 3.59008e-79 3.28858e-79 3.00348e-79 2.73496e-79 2.48308e-79 2.24772e-79 2.02865e-79 1.82551e-79 1.63786e-79 1.46514e-79 1.30677e-79 1.16207e-79 1.03034e-79 9.10844e-80 8.02829e-80 7.05534e-80 6.18201e-80 5.4008e-80 4.70439e-80 4.0857e-80 3.53792e-80 3.05456e-80 2.62947e-80 2.25687e-80 1.93137e-80 1.64795e-80 1.40199e-80 1.18923e-80 1.0058e-80 8.4816e-81 7.13128e-81 5.97834e-81 4.99711e-81 4.16468e-81 3.46074e-81 2.86737e-81 2.36877e-81 1.95115e-81 1.60246e-81 1.31223e-81 1.07143e-81 8.72261e-82 7.08043e-82 5.73064e-82 4.62465e-82 3.72123e-82 2.98557e-82 2.38838e-82 1.90507e-82 1.51515e-82 1.20154e-82 9.50068e-83 7.49051e-83 5.88854e-83 4.6158e-83 3.60772e-83 2.81172e-83 2.18511e-83 1.6934e-83 1.30876e-83 1.00888e-83 7.75892e-84 5.95575e-84 4.56653e-84 3.50232e-84 2.69342e-84 2.08574e-84 1.63785e-84 1.31865e-84 1.10566e-84 9.837e-85 
1.23128e-84 1.28306e-84 1.44212e-84 1.7199e-84 2.13621e-84 2.72035e-84 3.51288e-84 4.56783e-84 5.95575e-84 7.76752e-84 1.01191e-83 1.31576e-83 1.70684e-83 2.20845e-83 2.84969e-83 3.66683e-83 4.70488e-83 6.01948e-83 7.67919e-83 9.76821e-83 1.23895e-82 1.56687e-82 1.97582e-82 2.48428e-82 3.11449e-82 3.89321e-82 4.85248e-82 6.03048e-82 7.47262e-82 9.23262e-82 1.13739e-81 1.39708e-81 1.71106e-81 2.08948e-81 2.54413e-81 3.08865e-81 3.73873e-81 4.5124e-81 5.4302e-81 6.51554e-81 7.79487e-81 9.29806e-81 1.10586e-80 1.31138e-80 1.55054e-80 1.82792e-80 2.14859e-80 2.5181e-80 2.94246e-80 3.42822e-80 3.98242e-80 4.61259e-80 5.32673e-80 6.1333e-80 7.04119e-80 8.05964e-80 9.19817e-80 1.04666e-79 1.18747e-79 1.34325e-79 1.51498e-79 1.70361e-79 1.91007e-79 2.13522e-79 2.37985e-79 2.64467e-79 2.93025e-79 3.23706e-79 3.56541e-79 3.91544e-79 4.2871e-79 4.68013e-79 5.09405e-79 5.52815e-79 5.98146e-79 6.45276e-79 6.94055e-79 7.44307e-79 7.95829e-79 8.48394e-79 9.01747e-79 9.5561e-79 1.00969e-78 1.06365e-78 1.11718e-78 1.16991e-78 1.2215e-78 1.27157e-78 1.31977e-78 1.36572e-78 1.40907e-78 1.44948e-78 1.48662e-78 1.52018e-78 1.54987e-78 1.57546e-78 1.5967e-78 1.61342e-78 1.62547e-78 1.63275e-78 1.63518e-78 1.63275e-78 1.62547e-78 1.61342e-78 1.5967e-78 1.57546e-78 1.54987e-78 1.52018e-78 1.48662e-78 1.44948e-78 1.40907e-78 1.36572e-78 1.31977e-78 1.27157e-78 1.2215e-78 1.16991e-78 1.11718e-78 1.06365e-78 1.00969e-78 9.5561e-79 9.01747e-79 8.48394e-79 7.95829e-79 7.44307e-79 6.94055e-79 6.45276e-79 5.98146e-79 5.52815e-79 5.09405e-79 4.68013e-79 4.2871e-79 3.91544e-79 3.56541e-79 3.23706e-79 2.93025e-79 2.64467e-79 2.37985e-79 2.13522e-79 1.91007e-79 1.70361e-79 1.51498e-79 1.34325e-79 1.18747e-79 1.04666e-79 9.19817e-80 8.05964e-80 7.04119e-80 6.1333e-80 5.32673e-80 4.61259e-80 3.98242e-80 3.42822e-80 2.94246e-80 2.5181e-80 2.14859e-80 1.82792e-80 1.55054e-80 1.31138e-80 1.10586e-80 9.29806e-81 7.79487e-81 6.51554e-81 5.4302e-81 4.5124e-81 3.73873e-81 3.08865e-81 2.54413e-81 2.08948e-81 1.71106e-81 1.39708e-81 1.13739e-81 9.23262e-82 7.47262e-82 6.03048e-82 4.85248e-82 3.89321e-82 3.11449e-82 2.48428e-82 1.97582e-82 1.56687e-82 1.23895e-82 9.76821e-83 7.67919e-83 6.01948e-83 4.70488e-83 3.66683e-83 2.84969e-83 2.20845e-83 1.70684e-83 1.31576e-83 1.01191e-83 7.76752e-84 5.95575e-84 4.56783e-84 3.51288e-84 2.72035e-84 2.13621e-84 1.7199e-84 1.44212e-84 1.28306e-84 
1.60419e-84 1.67164e-84 1.87886e-84 2.24075e-84 2.78309e-84 3.54408e-84 4.57654e-84 5.95085e-84 7.75892e-84 1.01191e-83 1.31825e-83 1.71407e-83 2.22352e-83 2.87694e-83 3.71225e-83 4.77668e-83 6.12886e-83 7.84126e-83 1.00032e-82 1.27243e-82 1.61388e-82 2.04101e-82 2.57369e-82 3.23597e-82 4.05683e-82 5.07113e-82 6.32058e-82 7.85491e-82 9.73327e-82 1.20256e-81 1.48145e-81 1.81969e-81 2.22863e-81 2.72149e-81 3.31363e-81 4.02282e-81 4.86948e-81 5.87709e-81 7.07242e-81 8.48592e-81 1.01521e-80 1.21098e-80 1.44025e-80 1.70792e-80 2.01937e-80 2.38061e-80 2.79822e-80 3.27942e-80 3.83207e-80 4.46467e-80 5.18638e-80 6.00702e-80 6.93701e-80 7.98737e-80 9.16966e-80 1.04959e-79 1.19785e-79 1.36303e-79 1.54639e-79 1.74925e-79 1.97288e-79 2.21851e-79 2.48736e-79 2.78055e-79 3.0991e-79 3.44393e-79 3.8158e-79 4.21531e-79 4.64288e-79 5.09866e-79 5.58261e-79 6.09439e-79 6.63337e-79 7.19862e-79 7.78889e-79 8.40257e-79 9.03772e-79 9.69205e-79 1.03629e-78 1.10474e-78 1.17421e-78 1.24434e-78 1.31475e-78 1.38502e-78 1.45472e-78 1.52338e-78 1.59055e-78 1.65575e-78 1.7185e-78 1.77834e-78 1.83478e-78 1.8874e-78 1.93576e-78 1.97945e-78 2.01812e-78 2.05143e-78 2.07909e-78 2.10086e-78 2.11655e-78 2.12602e-78 2.12919e-78 2.12602e-78 2.11655e-78 2.10086e-78 2.07909e-78 2.05143e-78 2.01812e-78 1.97945e-78 1.93576e-78 1.8874e-78 1.83478e-78 1.77834e-78 1.7185e-78 1.65575e-78 1.59055e-78 1.52338e-78 1.45472e-78 1.38502e-78 1.31475e-78 1.24434e-78 1.17421e-78 1.10474e-78 1.03629e-78 9.69205e-79 9.03772e-79 8.40257e-79 7.78889e-79 7.19862e-79 6.63337e-79 6.09439e-79 5.58261e-79 5.09866e-79 4.64288e-79 4.21531e-79 3.8158e-79 3.44393e-79 3.0991e-79 2.78055e-79 2.48736e-79 2.21851e-79 1.97288e-79 1.74925e-79 1.54639e-79 1.36303e-79 1.19785e-79 1.04959e-79 9.16966e-80 7.98737e-80 6.93701e-80 6.00702e-80 5.18638e-80 4.46467e-80 3.83207e-80 3.27942e-80 2.79822e-80 2.38061e-80 2.01937e-80 1.70792e-80 1.44025e-80 1.21098e-80 1.01521e-80 8.48592e-81 7.07242e-81 5.87709e-81 4.86948e-81 4.02282e-81 3.31363e-81 2.72149e-81 2.22863e-81 1.81969e-81 1.48145e-81 1.20256e-81 9.73327e-82 7.85491e-82 6.32058e-82 5.07113e-82 4.05683e-82 3.23597e-82 2.57369e-82 2.04101e-82 1.61388e-82 1.27243e-82 1.00032e-82 7.84126e-83 6.12886e-83 4.77668e-83 3.71225e-83 2.87694e-83 2.22352e-83 1.71407e-83 1.31825e-83 1.01191e-83 7.75892e-84 5.95085e-84 4.57654e-84 3.54408e-84 2.78309e-84 2.24075e-84 1.87886e-84 1.67164e-84 
2.08606e-84 2.17377e-84 2.44322e-84 2.91377e-84 3.61897e-84 4.60847e-84 5.95093e-84 7.73788e-84 1.00888e-83 1.31576e-83 1.71407e-83 2.22871e-83 2.8911e-83 3.74066e-83 4.82671e-83 6.21064e-83 7.96867e-83 1.0195e-82 1.30058e-82 1.65435e-82 2.09827e-82 2.65357e-82 3.3461e-82 4.20711e-82 5.27428e-82 6.59291e-82 8.21722e-82 1.02119e-81 1.26538e-81 1.56338e-81 1.92594e-81 2.36564e-81 2.89725e-81 3.53795e-81 4.3077e-81 5.22959e-81 6.3302e-81 7.64001e-81 9.19383e-81 1.10312e-80 1.31971e-80 1.57418e-80 1.87221e-80 2.22014e-80 2.62499e-80 3.09454e-80 3.63737e-80 4.26284e-80 4.98118e-80 5.80344e-80 6.74153e-80 7.80819e-80 9.01698e-80 1.03822e-79 1.19189e-79 1.36427e-79 1.55698e-79 1.77166e-79 2.01e-79 2.27366e-79 2.56431e-79 2.88357e-79 3.233e-79 3.61405e-79 4.02808e-79 4.47625e-79 4.95957e-79 5.47882e-79 6.03451e-79 6.62689e-79 7.25587e-79 7.92101e-79 8.6215e-79 9.35614e-79 1.01233e-78 1.09209e-78 1.17463e-78 1.25967e-78 1.34686e-78 1.43582e-78 1.5261e-78 1.61725e-78 1.70876e-78 1.80008e-78 1.89066e-78 1.9799e-78 2.06719e-78 2.15193e-78 2.23348e-78 2.31124e-78 2.3846e-78 2.45298e-78 2.51582e-78 2.57261e-78 2.62286e-78 2.66615e-78 2.7021e-78 2.73039e-78 2.75078e-78 2.76309e-78 2.76721e-78 2.76309e-78 2.75078e-78 2.73039e-78 2.7021e-78 2.66615e-78 2.62286e-78 2.57261e-78 2.51582e-78 2.45298e-78 2.3846e-78 2.31124e-78 2.23348e-78 2.15193e-78 2.06719e-78 1.9799e-78 1.89066e-78 1.80008e-78 1.70876e-78 1.61725e-78 1.5261e-78 1.43582e-78 1.34686e-78 1.25967e-78 1.17463e-78 1.09209e-78 1.01233e-78 9.35614e-79 8.6215e-79 7.92101e-79 7.25587e-79 6.62689e-79 6.03451e-79 5.47882e-79 4.95957e-79 4.47625e-79 4.02808e-79 3.61405e-79 3.233e-79 2.88357e-79 2.56431e-79 2.27366e-79 2.01e-79 1.77166e-79 1.55698e-79 1.36427e-79 1.19189e-79 1.03822e-79 9.01698e-80 7.80819e-80 6.74153e-80 5.80344e-80 4.98118e-80 4.26284e-80 3.63737e-80 3.09454e-80 2.62499e-80 2.22014e-80 1.87221e-80 1.57418e-80 1.31971e-80 1.10312e-80 9.19383e-81 7.64001e-81 6.3302e-81 5.22959e-81 4.3077e-81 3.53795e-81 2.89725e-81 2.36564e-81 1.92594e-81 1.56338e-81 1.26538e-81 1.02119e-81 8.21722e-82 6.59291e-82 5.27428e-82 4.20711e-82 3.3461e-82 2.65357e-82 2.09827e-82 1.65435e-82 1.30058e-82 1.0195e-82 7.96867e-83 6.21064e-83 4.82671e-83 3.74066e-83 2.8911e-83 2.22871e-83 1.71407e-83 1.31576e-83 1.00888e-83 7.73788e-84 5.95093e-84 4.60847e-84 3.61897e-84 2.91377e-84 2.44322e-84 2.17377e-84 
2.70633e-84 2.82011e-84 3.16965e-84 3.78008e-84 4.69489e-84 5.9785e-84 7.71997e-84 1.0038e-83 1.30876e-83 1.70684e-83 2.22352e-83 2.8911e-83 3.75032e-83 4.85233e-83 6.26107e-83 8.05619e-83 1.03365e-82 1.32243e-82 1.68701e-82 2.14589e-82 2.72167e-82 3.44193e-82 4.34016e-82 5.45691e-82 6.84105e-82 8.55132e-82 1.06581e-81 1.32451e-81 1.64122e-81 2.02772e-81 2.49793e-81 3.0682e-81 3.75766e-81 4.5886e-81 5.58691e-81 6.78251e-81 8.20988e-81 9.90855e-81 1.19237e-80 1.43065e-80 1.71153e-80 2.04154e-80 2.42804e-80 2.87924e-80 3.40426e-80 4.01318e-80 4.71712e-80 5.52824e-80 6.45977e-80 7.52606e-80 8.74254e-80 1.01257e-79 1.16933e-79 1.34636e-79 1.54563e-79 1.76917e-79 2.01905e-79 2.29744e-79 2.60649e-79 2.94838e-79 3.32527e-79 3.73925e-79 4.19235e-79 4.68646e-79 5.22331e-79 5.80445e-79 6.43115e-79 7.10444e-79 7.82498e-79 8.59309e-79 9.40865e-79 1.02711e-78 1.11794e-78 1.21319e-78 1.31266e-78 1.41608e-78 1.52311e-78 1.63337e-78 1.74643e-78 1.86176e-78 1.97883e-78 2.09701e-78 2.21566e-78 2.33407e-78 2.45152e-78 2.56722e-78 2.68041e-78 2.79027e-78 2.89601e-78 2.99683e-78 3.09195e-78 3.18061e-78 3.26209e-78 3.33572e-78 3.40087e-78 3.457e-78 3.50361e-78 3.54029e-78 3.56673e-78 3.58269e-78 3.58803e-78 3.58269e-78 3.56673e-78 3.54029e-78 3.50361e-78 3.457e-78 3.40087e-78 3.33572e-78 3.26209e-78 3.18061e-78 3.09195e-78 2.99683e-78 2.89601e-78 2.79027e-78 2.68041e-78 2.56722e-78 2.45152e-78 2.33407e-78 2.21566e-78 2.09701e-78 1.97883e-78 1.86176e-78 1.74643e-78 1.63337e-78 1.52311e-78 1.41608e-78 1.31266e-78 1.21319e-78 1.11794e-78 1.02711e-78 9.40865e-79 8.59309e-79 7.82498e-79 7.10444e-79 6.43115e-79 5.80445e-79 5.22331e-79 4.68646e-79 4.19235e-79 3.73925e-79 3.32527e-79 2.94838e-79 2.60649e-79 2.29744e-79 2.01905e-79 1.76917e-79 1.54563e-79 1.34636e-79 1.16933e-79 1.01257e-79 8.74254e-80 7.52606e-80 6.45977e-80 5.52824e-80 4.71712e-80 4.01318e-80 3.40426e-80 2.87924e-80 2.42804e-80 2.04154e-80 1.71153e-80 1.43065e-80 1.19237e-80 9.90855e-81 8.20988e-81 6.78251e-81 5.58691e-81 4.5886e-81 3.75766e-81 3.0682e-81 2.49793e-81 2.02772e-81 1.64122e-81 1.32451e-81 1.06581e-81 8.55132e-82 6.84105e-82 5.45691e-82 4.34016e-82 3.44193e-82 2.72167e-82 2.14589e-82 1.68701e-82 1.32243e-82 1.03365e-82 8.05619e-83 6.26107e-83 4.85233e-83 3.75032e-83 2.8911e-83 2.22352e-83 1.70684e-83 1.30876e-83 1.0038e-83 7.71997e-84 5.9785e-84 4.69489e-84 3.78008e-84 3.16965e-84 2.82011e-84 
3.50196e-84 3.64918e-84 4.10145e-84 4.89128e-84 6.07493e-84 7.73577e-84 9.98901e-84 1.29882e-83 1.6934e-83 2.20845e-83 2.87694e-83 3.74066e-83 4.85233e-83 6.27809e-83 8.10069e-83 1.04232e-82 1.33734e-82 1.71094e-82 2.18262e-82 2.77627e-82 3.52116e-82 4.45297e-82 5.615e-82 7.05971e-82 8.85033e-82 1.10628e-81 1.37882e-81 1.71349e-81 2.12319e-81 2.62317e-81 3.23145e-81 3.96915e-81 4.86102e-81 5.9359e-81 7.22727e-81 8.77385e-81 1.06202e-80 1.28175e-80 1.54241e-80 1.85064e-80 2.21396e-80 2.64083e-80 3.14077e-80 3.72438e-80 4.40348e-80 5.1911e-80 6.10162e-80 7.15075e-80 8.35564e-80 9.73481e-80 1.13082e-79 1.30973e-79 1.51247e-79 1.74146e-79 1.99919e-79 2.28831e-79 2.61151e-79 2.97156e-79 3.37128e-79 3.81347e-79 4.30092e-79 4.83635e-79 5.42236e-79 6.06141e-79 6.75574e-79 7.50734e-79 8.31787e-79 9.18864e-79 1.01205e-78 1.11139e-78 1.21687e-78 1.32841e-78 1.44588e-78 1.56907e-78 1.69771e-78 1.83146e-78 1.96988e-78 2.11248e-78 2.25869e-78 2.40785e-78 2.55924e-78 2.71209e-78 2.86553e-78 3.01867e-78 3.17055e-78 3.32018e-78 3.46656e-78 3.60864e-78 3.74539e-78 3.87577e-78 3.99878e-78 4.11344e-78 4.21881e-78 4.31403e-78 4.39829e-78 4.47088e-78 4.53115e-78 4.5786e-78 4.61279e-78 4.63343e-78 4.64033e-78 4.63343e-78 4.61279e-78 4.5786e-78 4.53115e-78 4.47088e-78 4.39829e-78 4.31403e-78 4.21881e-78 4.11344e-78 3.99878e-78 3.87577e-78 3.74539e-78 3.60864e-78 3.46656e-78 3.32018e-78 3.17055e-78 3.01867e-78 2.86553e-78 2.71209e-78 2.55924e-78 2.40785e-78 2.25869e-78 2.11248e-78 1.96988e-78 1.83146e-78 1.69771e-78 1.56907e-78 1.44588e-78 1.32841e-78 1.21687e-78 1.11139e-78 1.01205e-78 9.18864e-79 8.31787e-79 7.50734e-79 6.75574e-79 6.06141e-79 5.42236e-79 4.83635e-79 4.30092e-79 3.81347e-79 3.37128e-79 2.97156e-79 2.61151e-79 2.28831e-79 1.99919e-79 1.74146e-79 1.51247e-79 1.30973e-79 1.13082e-79 9.73481e-80 8.35564e-80 7.15075e-80 6.10162e-80 5.1911e-80 4.40348e-80 3.72438e-80 3.14077e-80 2.64083e-80 2.21396e-80 1.85064e-80 1.54241e-80 1.28175e-80 1.06202e-80 8.77385e-81 7.22727e-81 5.9359e-81 4.86102e-81 3.96915e-81 3.23145e-81 2.62317e-81 2.12319e-81 1.71349e-81 1.37882e-81 1.10628e-81 8.85033e-82 7.05971e-82 5.615e-82 4.45297e-82 3.52116e-82 2.77627e-82 2.18262e-82 1.71094e-82 1.33734e-82 1.04232e-82 8.10069e-83 6.27809e-83 4.85233e-83 3.74066e-83 2.87694e-83 2.20845e-83 1.6934e-83 1.29882e-83 9.98901e-84 7.73577e-84 6.07493e-84 4.89128e-84 4.10145e-84 3.64918e-84 
4.51916e-84 4.70912e-84 5.29273e-84 6.3119e-84 7.83925e-84 9.98232e-84 1.28898e-83 1.67598e-83 2.18511e-83 2.84969e-83 3.71225e-83 4.82671e-83 6.26107e-83 8.10069e-83 1.04523e-82 1.34489e-82 1.72554e-82 2.20757e-82 2.81613e-82 3.58207e-82 4.54312e-82 5.74532e-82 7.24455e-82 9.10845e-82 1.14186e-81 1.42731e-81 1.77891e-81 2.21068e-81 2.73923e-81 3.38426e-81 4.16899e-81 5.12068e-81 6.27125e-81 7.65791e-81 9.32385e-81 1.1319e-80 1.37009e-80 1.65354e-80 1.9898e-80 2.38741e-80 2.85609e-80 3.40675e-80 4.05165e-80 4.8045e-80 5.6805e-80 6.6965e-80 7.87102e-80 9.22433e-80 1.07785e-79 1.25576e-79 1.45872e-79 1.68949e-79 1.95101e-79 2.24637e-79 2.57882e-79 2.95174e-79 3.36862e-79 3.83304e-79 4.34862e-79 4.91898e-79 5.54771e-79 6.23833e-79 6.99419e-79 7.81845e-79 8.71401e-79 9.68343e-79 1.07289e-78 1.1852e-78 1.30539e-78 1.43352e-78 1.56956e-78 1.71343e-78 1.86493e-78 2.02382e-78 2.18974e-78 2.36224e-78 2.54078e-78 2.7247e-78 2.91327e-78 3.10565e-78 3.30091e-78 3.49804e-78 3.69594e-78 3.89345e-78 4.08934e-78 4.28233e-78 4.47111e-78 4.65436e-78 4.83072e-78 4.99888e-78 5.15753e-78 5.30541e-78 5.44131e-78 5.56412e-78 5.67279e-78 5.7664e-78 5.84414e-78 5.90533e-78 5.94943e-78 5.97605e-78 5.98495e-78 5.97605e-78 5.94943e-78 5.90533e-78 5.84414e-78 5.7664e-78 5.67279e-78 5.56412e-78 5.44131e-78 5.30541e-78 5.15753e-78 4.99888e-78 4.83072e-78 4.65436e-78 4.47111e-78 4.28233e-78 4.08934e-78 3.89345e-78 3.69594e-78 3.49804e-78 3.30091e-78 3.10565e-78 2.91327e-78 2.7247e-78 2.54078e-78 2.36224e-78 2.18974e-78 2.02382e-78 1.86493e-78 1.71343e-78 1.56956e-78 1.43352e-78 1.30539e-78 1.1852e-78 1.07289e-78 9.68343e-79 8.71401e-79 7.81845e-79 6.99419e-79 6.23833e-79 5.54771e-79 4.91898e-79 4.34862e-79 3.83304e-79 3.36862e-79 2.95174e-79 2.57882e-79 2.24637e-79 1.95101e-79 1.68949e-79 1.45872e-79 1.25576e-79 1.07785e-79 9.22433e-80 7.87102e-80 6.6965e-80 5.6805e-80 4.8045e-80 4.05165e-80 3.40675e-80 2.85609e-80 2.38741e-80 1.9898e-80 1.65354e-80 1.37009e-80 1.1319e-80 9.32385e-81 7.65791e-81 6.27125e-81 5.12068e-81 4.16899e-81 3.38426e-81 2.73923e-81 2.21068e-81 1.77891e-81 1.42731e-81 1.14186e-81 9.10845e-82 7.24455e-82 5.74532e-82 4.54312e-82 3.58207e-82 2.81613e-82 2.20757e-82 1.72554e-82 1.34489e-82 1.04523e-82 8.10069e-83 6.26107e-83 4.82671e-83 3.71225e-83 2.84969e-83 2.18511e-83 1.67598e-83 1.28898e-83 9.98232e-84 7.83925e-84 6.3119e-84 5.29273e-84 4.70912e-84 
5.81549e-84 6.05993e-84 6.81089e-84 8.12232e-84 1.00876e-83 1.28452e-83 1.65864e-83 2.15661e-83 2.81172e-83 3.66683e-83 4.77668e-83 6.21064e-83 8.05619e-83 1.04232e-82 1.34489e-82 1.73044e-82 2.22019e-82 2.84039e-82 3.62336e-82 4.60881e-82 5.84529e-82 7.392e-82 9.32085e-82 1.17189e-81 1.4691e-81 1.83633e-81 2.28868e-81 2.84415e-81 3.52414e-81 4.35396e-81 5.36349e-81 6.58781e-81 8.06798e-81 9.85185e-81 1.1995e-80 1.45616e-80 1.76257e-80 2.12721e-80 2.55977e-80 3.07126e-80 3.67416e-80 4.38251e-80 5.2121e-80 6.18054e-80 7.30739e-80 8.61431e-80 1.01251e-79 1.18659e-79 1.38652e-79 1.61535e-79 1.87642e-79 2.17326e-79 2.50965e-79 2.88957e-79 3.31719e-79 3.79687e-79 4.3331e-79 4.93046e-79 5.59362e-79 6.32724e-79 7.13594e-79 8.02424e-79 8.99644e-79 1.00566e-78 1.12085e-78 1.24554e-78 1.38e-78 1.52446e-78 1.67905e-78 1.84385e-78 2.01882e-78 2.20386e-78 2.39872e-78 2.60308e-78 2.81648e-78 3.03835e-78 3.26797e-78 3.50452e-78 3.74705e-78 3.99448e-78 4.24562e-78 4.49915e-78 4.75368e-78 5.0077e-78 5.25964e-78 5.50785e-78 5.75065e-78 5.98633e-78 6.21316e-78 6.42943e-78 6.63348e-78 6.82366e-78 6.99845e-78 7.15639e-78 7.29616e-78 7.41656e-78 7.51654e-78 7.59524e-78 7.65195e-78 7.68619e-78 7.69763e-78 7.68619e-78 7.65195e-78 7.59524e-78 7.51654e-78 7.41656e-78 7.29616e-78 7.15639e-78 6.99845e-78 6.82366e-78 6.63348e-78 6.42943e-78 6.21316e-78 5.98633e-78 5.75065e-78 5.50785e-78 5.25964e-78 5.0077e-78 4.75368e-78 4.49915e-78 4.24562e-78 3.99448e-78 3.74705e-78 3.50452e-78 3.26797e-78 3.03835e-78 2.81648e-78 2.60308e-78 2.39872e-78 2.20386e-78 2.01882e-78 1.84385e-78 1.67905e-78 1.52446e-78 1.38e-78 1.24554e-78 1.12085e-78 1.00566e-78 8.99644e-79 8.02424e-79 7.13594e-79 6.32724e-79 5.59362e-79 4.93046e-79 4.3331e-79 3.79687e-79 3.31719e-79 2.88957e-79 2.50965e-79 2.17326e-79 1.87642e-79 1.61535e-79 1.38652e-79 1.18659e-79 1.01251e-79 8.61431e-80 7.30739e-80 6.18054e-80 5.2121e-80 4.38251e-80 3.67416e-80 3.07126e-80 2.55977e-80 2.12721e-80 1.76257e-80 1.45616e-80 1.1995e-80 9.85185e-81 8.06798e-81 6.58781e-81 5.36349e-81 4.35396e-81 3.52414e-81 2.84415e-81 2.28868e-81 1.83633e-81 1.4691e-81 1.17189e-81 9.32085e-82 7.392e-82 5.84529e-82 4.60881e-82 3.62336e-82 2.84039e-82 2.22019e-82 1.73044e-82 1.34489e-82 1.04232e-82 8.05619e-83 6.21064e-83 4.77668e-83 3.66683e-83 2.81172e-83 2.15661e-83 1.65864e-83 1.28452e-83 1.00876e-83 8.12232e-84 6.81089e-84 6.05993e-84 
