9.23126e-55 1.1385e-54 1.88216e-54 3.48948e-54 6.68e-54 1.28689e-53 2.47739e-53 4.75669e-53 9.10426e-53 1.73674e-52 3.30173e-52 6.25512e-52 1.18085e-51 2.22122e-51 4.16298e-51 7.77333e-51 1.44603e-50 2.67969e-50 4.94661e-50 9.09531e-50 1.66567e-49 3.03803e-49 5.51825e-49 9.9813e-49 1.79772e-48 3.22384e-48 5.75593e-48 1.02309e-47 1.81027e-47 3.18835e-47 5.58926e-47 9.75157e-47 1.69314e-46 2.92535e-46 5.02913e-46 8.60211e-46 1.46379e-45 2.47787e-45 4.17222e-45 6.98731e-45 1.16377e-44 1.92754e-44 3.17453e-44 5.19822e-44 8.46235e-44 1.36946e-43 2.20286e-43 3.5218e-43 5.59551e-43 8.83429e-43 1.38585e-42 2.15989e-42 3.34406e-42 5.1428e-42 7.85533e-42 1.19158e-41 1.79486e-41 2.68438e-41 3.98579e-41 5.87487e-41 8.59503e-41 1.24801e-40 1.79829e-40 2.57116e-40 3.64737e-40 5.13289e-40 7.16526e-40 9.92067e-40 1.36221e-39 1.85478e-39 2.50405e-39 3.35157e-39 4.44697e-39 5.84849e-39 7.62331e-39 9.84737e-39 1.26046e-38 1.59857e-38 2.00854e-38 2.5e-38 3.08226e-38 3.76382e-38 4.55179e-38 5.45122e-38 6.46438e-38 7.59015e-38 8.82332e-38 1.01541e-37 1.15678e-37 1.30446e-37 1.456e-37 1.60849e-37 1.75864e-37 1.90292e-37 2.03767e-37 2.15925e-37 2.26418e-37 2.34936e-37 2.4122e-37 2.45071e-37 2.46369e-37 2.45071e-37 2.4122e-37 2.34936e-37 2.26418e-37 2.15925e-37 2.03767e-37 1.90292e-37 1.75864e-37 1.60849e-37 1.456e-37 1.30446e-37 1.15678e-37 1.01541e-37 8.82332e-38 7.59015e-38 6.46438e-38 5.45122e-38 4.55179e-38 3.76382e-38 3.08226e-38 2.5e-38 2.00854e-38 1.59857e-38 1.26046e-38 9.84737e-39 7.62331e-39 5.84849e-39 4.44697e-39 3.35157e-39 2.50405e-39 1.85478e-39 1.36221e-39 9.92067e-40 7.16526e-40 5.13289e-40 3.64737e-40 2.57116e-40 1.79829e-40 1.24801e-40 8.59503e-41 5.87487e-41 3.98579e-41 2.68438e-41 1.79486e-41 1.19158e-41 7.85533e-42 5.1428e-42 3.34406e-42 2.15989e-42 1.38585e-42 8.83429e-43 5.59551e-43 3.5218e-43 2.20286e-43 1.36946e-43 8.46235e-44 5.19822e-44 3.17453e-44 1.92754e-44 1.16377e-44 6.98731e-45 4.17222e-45 2.47787e-45 1.46379e-45 8.60211e-46 5.02913e-46 2.92535e-46 1.69314e-46 9.75157e-47 5.58926e-47 3.18835e-47 1.81027e-47 1.02309e-47 5.75593e-48 3.22384e-48 1.79772e-48 9.9813e-49 5.51825e-49 3.03803e-49 1.66567e-49 9.09531e-50 4.94661e-50 2.67969e-50 1.44603e-50 7.77333e-51 4.16298e-51 2.22122e-51 1.18085e-51 6.25512e-52 3.30173e-52 1.73674e-52 9.10426e-53 4.75669e-53 2.47739e-53 1.28689e-53 6.68e-54 3.48948e-54 1.88216e-54 1.1385e-54 
1.1385e-54 1.40557e-54 2.32842e-54 4.32562e-54 8.29644e-54 1.60125e-53 3.08821e-53 5.9404e-53 1.13909e-52 2.177e-52 4.14648e-52 7.87036e-52 1.48861e-51 2.8055e-51 5.26821e-51 9.85625e-51 1.8371e-50 3.41113e-50 6.30934e-50 1.16242e-49 2.13309e-49 3.89846e-49 7.09558e-49 1.28607e-48 2.32111e-48 4.17109e-48 7.46274e-48 1.32926e-47 2.35697e-47 4.16005e-47 7.30823e-47 1.2778e-46 2.22339e-46 3.84979e-46 6.63275e-46 1.13697e-45 1.93898e-45 3.28945e-45 5.55094e-45 9.31676e-45 1.55518e-44 2.58153e-44 4.26103e-44 6.99283e-44 1.14091e-43 1.85044e-43 2.98317e-43 4.7799e-43 7.61128e-43 1.20435e-42 1.89346e-42 2.95754e-42 4.58911e-42 7.07306e-42 1.08273e-41 1.64598e-41 2.4847e-41 3.7241e-41 5.54142e-41 8.18515e-41 1.20003e-40 1.7461e-40 2.52121e-40 3.61218e-40 5.1345e-40 7.24019e-40 1.01269e-39 1.40485e-39 1.93271e-39 2.63654e-39 3.56605e-39 4.78169e-39 6.35577e-39 8.37342e-39 1.0933e-38 1.4146e-38 1.81361e-38 2.30368e-38 2.89887e-38 3.61346e-38 4.46132e-38 5.45521e-38 6.60583e-38 7.92093e-38 9.4042e-38 1.10543e-37 1.28638e-37 1.48186e-37 1.68972e-37 1.90708e-37 2.13029e-37 2.35507e-37 2.57656e-37 2.78954e-37 2.98855e-37 3.16818e-37 3.32328e-37 3.44924e-37 3.54217e-37 3.59915e-37 3.61834e-37 3.59915e-37 3.54217e-37 3.44924e-37 3.32328e-37 3.16818e-37 2.98855e-37 2.78954e-37 2.57656e-37 2.35507e-37 2.13029e-37 1.90708e-37 1.68972e-37 1.48186e-37 1.28638e-37 1.10543e-37 9.4042e-38 7.92093e-38 6.60583e-38 5.45521e-38 4.46132e-38 3.61346e-38 2.89887e-38 2.30368e-38 1.81361e-38 1.4146e-38 1.0933e-38 8.37342e-39 6.35577e-39 4.78169e-39 3.56605e-39 2.63654e-39 1.93271e-39 1.40485e-39 1.01269e-39 7.24019e-40 5.1345e-40 3.61218e-40 2.52121e-40 1.7461e-40 1.20003e-40 8.18515e-41 5.54142e-41 3.7241e-41 2.4847e-41 1.64598e-41 1.08273e-41 7.07306e-42 4.58911e-42 2.95754e-42 1.89346e-42 1.20435e-42 7.61128e-43 4.7799e-43 2.98317e-43 1.85044e-43 1.14091e-43 6.99283e-44 4.26103e-44 2.58153e-44 1.55518e-44 9.31676e-45 5.55094e-45 3.28945e-45 1.93898e-45 1.13697e-45 6.63275e-46 3.84979e-46 2.22339e-46 1.2778e-46 7.30823e-47 4.16005e-47 2.35697e-47 1.32926e-47 7.46274e-48 4.17109e-48 2.32111e-48 1.28607e-48 7.09558e-49 3.89846e-49 2.13309e-49 1.16242e-49 6.30934e-50 3.41113e-50 1.8371e-50 9.85625e-51 5.26821e-51 2.8055e-51 1.48861e-51 7.87036e-52 4.14648e-52 2.177e-52 1.13909e-52 5.9404e-53 3.08821e-53 1.60125e-53 8.29644e-54 4.32562e-54 2.32842e-54 1.40557e-54 
1.88216e-54 2.32842e-54 3.87272e-54 7.22341e-54 1.39062e-53 2.69368e-53 5.21371e-53 1.00649e-52 1.93692e-52 3.71518e-52 7.10191e-52 1.35292e-51 2.56832e-51 4.85822e-51 9.15662e-51 1.71948e-50 3.2169e-50 5.99558e-50 1.11314e-49 2.0586e-49 3.79196e-49 6.95668e-49 1.27103e-48 2.31259e-48 4.18986e-48 7.55841e-48 1.35756e-47 2.42749e-47 4.32107e-47 7.6565e-47 1.35034e-46 2.37024e-46 4.14047e-46 7.19745e-46 1.24493e-45 2.14246e-45 3.66815e-45 6.24757e-45 1.05845e-44 1.78353e-44 2.98889e-44 4.98102e-44 8.25403e-44 1.35992e-43 2.22751e-43 3.62696e-43 5.87008e-43 9.44232e-43 1.5094e-42 2.39762e-42 3.78409e-42 5.93339e-42 9.24187e-42 1.42984e-41 2.19706e-41 3.35254e-41 5.07972e-41 7.64172e-41 1.14125e-40 1.69185e-40 2.48935e-40 3.63502e-40 5.26713e-40 7.57251e-40 1.08008e-39 1.52817e-39 2.14458e-39 2.98482e-39 4.11953e-39 5.63748e-39 7.64861e-39 1.0287e-38 1.3714e-38 1.81198e-38 2.37254e-38 3.07821e-38 3.95696e-38 5.03919e-38 6.35699e-38 7.94311e-38 9.82963e-38 1.20462e-37 1.46181e-37 1.75639e-37 2.08932e-37 2.4604e-37 2.86809e-37 3.30926e-37 3.77913e-37 4.27118e-37 4.77719e-37 5.28739e-37 5.79071e-37 6.27515e-37 6.72823e-37 7.1375e-37 7.49112e-37 7.77844e-37 7.99049e-37 8.12054e-37 8.16436e-37 8.12054e-37 7.99049e-37 7.77844e-37 7.49112e-37 7.1375e-37 6.72823e-37 6.27515e-37 5.79071e-37 5.28739e-37 4.77719e-37 4.27118e-37 3.77913e-37 3.30926e-37 2.86809e-37 2.4604e-37 2.08932e-37 1.75639e-37 1.46181e-37 1.20462e-37 9.82963e-38 7.94311e-38 6.35699e-38 5.03919e-38 3.95696e-38 3.07821e-38 2.37254e-38 1.81198e-38 1.3714e-38 1.0287e-38 7.64861e-39 5.63748e-39 4.11953e-39 2.98482e-39 2.14458e-39 1.52817e-39 1.08008e-39 7.57251e-40 5.26713e-40 3.63502e-40 2.48935e-40 1.69185e-40 1.14125e-40 7.64172e-41 5.07972e-41 3.35254e-41 2.19706e-41 1.42984e-41 9.24187e-42 5.93339e-42 3.78409e-42 2.39762e-42 1.5094e-42 9.44232e-43 5.87008e-43 3.62696e-43 2.22751e-43 1.35992e-43 8.25403e-44 4.98102e-44 2.98889e-44 1.78353e-44 1.05845e-44 6.24757e-45 3.66815e-45 2.14246e-45 1.24493e-45 7.19745e-46 4.14047e-46 2.37024e-46 1.35034e-46 7.6565e-47 4.32107e-47 2.42749e-47 1.35756e-47 7.55841e-48 4.18986e-48 2.31259e-48 1.27103e-48 6.95668e-49 3.79196e-49 2.0586e-49 1.11314e-49 5.99558e-50 3.2169e-50 1.71948e-50 9.15662e-51 4.85822e-51 2.56832e-51 1.35292e-51 7.10191e-52 3.71518e-52 1.93692e-52 1.00649e-52 5.21371e-53 2.69368e-53 1.39062e-53 7.22341e-54 3.87272e-54 2.32842e-54 
3.48948e-54 4.32562e-54 7.22341e-54 1.35267e-53 2.61377e-53 5.08109e-53 9.86943e-53 1.912e-52 3.69256e-52 7.10781e-52 1.36357e-51 2.60693e-51 4.96665e-51 9.4288e-51 1.78354e-50 3.3614e-50 6.3116e-50 1.18064e-49 2.20002e-49 4.08356e-49 7.54969e-49 1.39017e-48 2.54934e-48 4.65564e-48 8.46629e-48 1.53299e-47 2.76368e-47 4.96028e-47 8.86266e-47 1.57626e-46 2.79041e-46 4.91642e-46 8.62057e-46 1.50417e-45 2.61153e-45 4.51123e-45 7.75284e-45 1.32543e-44 2.25395e-44 3.81228e-44 6.4127e-44 1.07269e-43 1.7842e-43 2.95058e-43 4.85097e-43 7.92797e-43 1.28786e-42 2.07923e-42 3.33597e-42 5.31843e-42 8.42446e-42 1.32573e-41 2.07239e-41 3.21775e-41 4.96189e-41 7.59819e-41 1.1553e-40 1.74402e-40 2.61356e-40 3.88769e-40 5.73956e-40 8.40901e-40 1.22248e-39 1.76326e-39 2.52304e-39 3.58107e-39 5.04118e-39 7.03776e-39 9.74248e-39 1.33717e-38 1.81944e-38 2.454e-38 3.28056e-38 4.34619e-38 5.70572e-38 7.42174e-38 9.56419e-38 1.22093e-37 1.54381e-37 1.93334e-37 2.39769e-37 2.94447e-37 3.58022e-37 4.30984e-37 5.13601e-37 6.05852e-37 7.07373e-37 8.1741e-37 9.3478e-37 1.05786e-36 1.18459e-36 1.31252e-36 1.43886e-36 1.56058e-36 1.67451e-36 1.7775e-36 1.86653e-36 1.93891e-36 1.99235e-36 2.02513e-36 2.03617e-36 2.02513e-36 1.99235e-36 1.93891e-36 1.86653e-36 1.7775e-36 1.67451e-36 1.56058e-36 1.43886e-36 1.31252e-36 1.18459e-36 1.05786e-36 9.3478e-37 8.1741e-37 7.07373e-37 6.05852e-37 5.13601e-37 4.30984e-37 3.58022e-37 2.94447e-37 2.39769e-37 1.93334e-37 1.54381e-37 1.22093e-37 9.56419e-38 7.42174e-38 5.70572e-38 4.34619e-38 3.28056e-38 2.454e-38 1.81944e-38 1.33717e-38 9.74248e-39 7.03776e-39 5.04118e-39 3.58107e-39 2.52304e-39 1.76326e-39 1.22248e-39 8.40901e-40 5.73956e-40 3.88769e-40 2.61356e-40 1.74402e-40 1.1553e-40 7.59819e-41 4.96189e-41 3.21775e-41 2.07239e-41 1.32573e-41 8.42446e-42 5.31843e-42 3.33597e-42 2.07923e-42 1.28786e-42 7.92797e-43 4.85097e-43 2.95058e-43 1.7842e-43 1.07269e-43 6.4127e-44 3.81228e-44 2.25395e-44 1.32543e-44 7.75284e-45 4.51123e-45 2.61153e-45 1.50417e-45 8.62057e-46 4.91642e-46 2.79041e-46 1.57626e-46 8.86266e-47 4.96028e-47 2.76368e-47 1.53299e-47 8.46629e-48 4.65564e-48 2.54934e-48 1.39017e-48 7.54969e-49 4.08356e-49 2.20002e-49 1.18064e-49 6.3116e-50 3.3614e-50 1.78354e-50 9.4288e-51 4.96665e-51 2.60693e-51 1.36357e-51 7.10781e-52 3.69256e-52 1.912e-52 9.86943e-53 5.08109e-53 2.61377e-53 1.35267e-53 7.22341e-54 4.32562e-54 
6.68e-54 8.29644e-54 1.39062e-53 2.61377e-53 5.06807e-53 9.88509e-53 1.92641e-52 3.74436e-52 7.25526e-52 1.40121e-51 2.69707e-51 5.17363e-51 9.88978e-51 1.88383e-50 3.57551e-50 6.76157e-50 1.27393e-49 2.39115e-49 4.471e-49 8.32743e-49 1.54489e-48 2.85457e-48 5.25299e-48 9.62649e-48 1.75669e-47 3.19198e-47 5.77469e-47 1.04009e-46 1.86491e-46 3.32853e-46 5.91321e-46 1.04553e-45 1.83976e-45 3.22152e-45 5.61303e-45 9.73056e-45 1.6782e-44 2.87926e-44 4.9137e-44 8.34046e-44 1.40794e-43 2.3635e-43 3.94512e-43 6.54725e-43 1.08021e-42 1.77162e-42 2.88802e-42 4.67899e-42 7.53331e-42 1.20519e-41 1.91565e-41 3.02498e-41 4.74492e-41 7.39243e-41 1.14381e-40 1.75742e-40 2.68107e-40 4.06073e-40 6.10537e-40 9.11137e-40 1.34949e-39 1.98344e-39 2.89257e-39 4.18516e-39 6.00695e-39 8.55182e-39 1.20747e-38 1.69064e-38 2.34715e-38 3.23065e-38 4.40807e-38 5.96166e-38 7.99091e-38 1.06142e-37 1.39698e-37 1.82161e-37 2.35309e-37 3.01087e-37 3.81566e-37 4.7888e-37 5.95139e-37 7.32325e-37 8.92155e-37 1.07594e-36 1.28443e-36 1.51763e-36 1.77469e-36 2.05375e-36 2.35183e-36 2.66483e-36 2.98753e-36 3.31364e-36 3.63603e-36 3.94691e-36 4.23813e-36 4.50157e-36 4.72945e-36 4.91477e-36 5.05165e-36 5.13563e-36 5.16394e-36 5.13563e-36 5.05165e-36 4.91477e-36 4.72945e-36 4.50157e-36 4.23813e-36 3.94691e-36 3.63603e-36 3.31364e-36 2.98753e-36 2.66483e-36 2.35183e-36 2.05375e-36 1.77469e-36 1.51763e-36 1.28443e-36 1.07594e-36 8.92155e-37 7.32325e-37 5.95139e-37 4.7888e-37 3.81566e-37 3.01087e-37 2.35309e-37 1.82161e-37 1.39698e-37 1.06142e-37 7.99091e-38 5.96166e-38 4.40807e-38 3.23065e-38 2.34715e-38 1.69064e-38 1.20747e-38 8.55182e-39 6.00695e-39 4.18516e-39 2.89257e-39 1.98344e-39 1.34949e-39 9.11137e-40 6.10537e-40 4.06073e-40 2.68107e-40 1.75742e-40 1.14381e-40 7.39243e-41 4.74492e-41 3.02498e-41 1.91565e-41 1.20519e-41 7.53331e-42 4.67899e-42 2.88802e-42 1.77162e-42 1.08021e-42 6.54725e-43 3.94512e-43 2.3635e-43 1.40794e-43 8.34046e-44 4.9137e-44 2.87926e-44 1.6782e-44 9.73056e-45 5.61303e-45 3.22152e-45 1.83976e-45 1.04553e-45 5.91321e-46 3.32853e-46 1.86491e-46 1.04009e-46 5.77469e-47 3.19198e-47 1.75669e-47 9.62649e-48 5.25299e-48 2.85457e-48 1.54489e-48 8.32743e-49 4.471e-49 2.39115e-49 1.27393e-49 6.76157e-50 3.57551e-50 1.88383e-50 9.88978e-51 5.17363e-51 2.69707e-51 1.40121e-51 7.25526e-52 3.74436e-52 1.92641e-52 9.88509e-53 5.06807e-53 2.61377e-53 1.39062e-53 8.29644e-54 
1.28689e-53 1.60125e-53 2.69368e-53 5.08109e-53 9.88509e-53 1.93428e-52 3.7816e-52 7.3738e-52 1.43337e-51 2.77718e-51 5.36286e-51 1.03207e-50 1.97932e-50 3.78262e-50 7.20304e-50 1.36665e-49 2.58343e-49 4.86521e-49 9.12745e-49 1.70573e-48 3.17512e-48 5.88663e-48 1.08694e-47 1.99867e-47 3.65973e-47 6.67263e-47 1.21131e-46 2.18922e-46 3.93887e-46 7.05449e-46 1.25759e-45 2.23131e-45 3.93997e-45 6.92312e-45 1.21046e-44 2.10575e-44 3.64443e-44 6.27455e-44 1.07455e-43 1.83032e-43 3.10056e-43 5.22309e-43 8.74879e-43 1.45701e-42 2.41226e-42 3.97004e-42 6.49427e-42 1.05581e-41 1.70576e-41 2.73831e-41 4.36749e-41 6.92024e-41 1.08919e-40 1.70267e-40 2.64335e-40 4.07501e-40 6.2374e-40 9.47828e-40 1.42974e-39 2.1406e-39 3.18065e-39 4.68971e-39 6.8608e-39 9.95753e-39 1.43359e-38 2.04712e-38 2.89904e-38 4.07106e-38 5.66825e-38 7.82401e-38 1.07052e-37 1.45177e-37 1.95113e-37 2.59841e-37 3.42857e-37 4.48181e-37 5.80338e-37 7.44298e-37 9.45375e-37 1.18907e-36 1.48085e-36 1.82587e-36 2.22867e-36 2.69273e-36 3.22014e-36 3.81111e-36 4.46363e-36 5.17307e-36 5.932e-36 6.72999e-36 7.55372e-36 8.38714e-36 9.21188e-36 1.00079e-35 1.07542e-35 1.14298e-35 1.20145e-35 1.24902e-35 1.28418e-35 1.30575e-35 1.31302e-35 1.30575e-35 1.28418e-35 1.24902e-35 1.20145e-35 1.14298e-35 1.07542e-35 1.00079e-35 9.21188e-36 8.38714e-36 7.55372e-36 6.72999e-36 5.932e-36 5.17307e-36 4.46363e-36 3.81111e-36 3.22014e-36 2.69273e-36 2.22867e-36 1.82587e-36 1.48085e-36 1.18907e-36 9.45375e-37 7.44298e-37 5.80338e-37 4.48181e-37 3.42857e-37 2.59841e-37 1.95113e-37 1.45177e-37 1.07052e-37 7.82401e-38 5.66825e-38 4.07106e-38 2.89904e-38 2.04712e-38 1.43359e-38 9.95753e-39 6.8608e-39 4.68971e-39 3.18065e-39 2.1406e-39 1.42974e-39 9.47828e-40 6.2374e-40 4.07501e-40 2.64335e-40 1.70267e-40 1.08919e-40 6.92024e-41 4.36749e-41 2.73831e-41 1.70576e-41 1.05581e-41 6.49427e-42 3.97004e-42 2.41226e-42 1.45701e-42 8.74879e-43 5.22309e-43 3.10056e-43 1.83032e-43 1.07455e-43 6.27455e-44 3.64443e-44 2.10575e-44 1.21046e-44 6.92312e-45 3.93997e-45 2.23131e-45 1.25759e-45 7.05449e-46 3.93887e-46 2.18922e-46 1.21131e-46 6.67263e-47 3.65973e-47 1.99867e-47 1.08694e-47 5.88663e-48 3.17512e-48 1.70573e-48 9.12745e-49 4.86521e-49 2.58343e-49 1.36665e-49 7.20304e-50 3.78262e-50 1.97932e-50 1.03207e-50 5.36286e-51 2.77718e-51 1.43337e-51 7.3738e-52 3.7816e-52 1.93428e-52 9.88509e-53 5.08109e-53 2.69368e-53 1.60125e-53 
2.47739e-53 3.08821e-53 5.21371e-53 9.86943e-53 1.92641e-52 3.7816e-52 7.41662e-52 1.45076e-51 2.82906e-51 5.49889e-51 1.06527e-50 2.0567e-50 3.95717e-50 7.58707e-50 1.44949e-49 2.75921e-49 5.23303e-49 9.88774e-49 1.86118e-48 3.48979e-48 6.51784e-48 1.21247e-47 2.24634e-47 4.14461e-47 7.61498e-47 1.39315e-46 2.53771e-46 4.60223e-46 8.30893e-46 1.49327e-45 2.67126e-45 4.756e-45 8.42721e-45 1.48595e-44 2.60717e-44 4.55137e-44 7.90467e-44 1.36571e-43 2.34706e-43 4.01187e-43 6.81997e-43 1.1529e-42 1.93792e-42 3.2387e-42 5.38088e-42 8.88672e-42 1.45879e-41 2.37991e-41 3.85834e-41 6.21539e-41 9.94757e-41 1.58161e-40 2.49786e-40 3.91809e-40 6.10339e-40 9.4408e-40 1.4499e-39 2.21058e-39 3.34555e-39 5.02536e-39 7.49125e-39 1.1081e-38 1.62625e-38 2.36771e-38 3.41939e-38 4.89774e-38 6.95692e-38 9.79851e-38 1.36827e-37 1.89408e-37 2.5989e-37 3.5342e-37 4.76269e-37 6.35947e-37 8.41289e-37 1.10249e-36 1.43108e-36 1.83974e-36 2.34212e-36 2.95238e-36 3.68469e-36 4.55251e-36 5.56772e-36 6.73966e-36 8.07407e-36 9.57198e-36 1.12287e-35 1.30328e-35 1.49656e-35 1.70006e-35 1.9104e-35 2.12346e-35 2.33453e-35 2.53843e-35 2.72976e-35 2.90308e-35 3.05318e-35 3.17536e-35 3.26567e-35 3.32111e-35 3.3398e-35 3.32111e-35 3.26567e-35 3.17536e-35 3.05318e-35 2.90308e-35 2.72976e-35 2.53843e-35 2.33453e-35 2.12346e-35 1.9104e-35 1.70006e-35 1.49656e-35 1.30328e-35 1.12287e-35 9.57198e-36 8.07407e-36 6.73966e-36 5.56772e-36 4.55251e-36 3.68469e-36 2.95238e-36 2.34212e-36 1.83974e-36 1.43108e-36 1.10249e-36 8.41289e-37 6.35947e-37 4.76269e-37 3.5342e-37 2.5989e-37 1.89408e-37 1.36827e-37 9.79851e-38 6.95692e-38 4.89774e-38 3.41939e-38 2.36771e-38 1.62625e-38 1.1081e-38 7.49125e-39 5.02536e-39 3.34555e-39 2.21058e-39 1.4499e-39 9.4408e-40 6.10339e-40 3.91809e-40 2.49786e-40 1.58161e-40 9.94757e-41 6.21539e-41 3.85834e-41 2.37991e-41 1.45879e-41 8.88672e-42 5.38088e-42 3.2387e-42 1.93792e-42 1.1529e-42 6.81997e-43 4.01187e-43 2.34706e-43 1.36571e-43 7.90467e-44 4.55137e-44 2.60717e-44 1.48595e-44 8.42721e-45 4.756e-45 2.67126e-45 1.49327e-45 8.30893e-46 4.60223e-46 2.53771e-46 1.39315e-46 7.61498e-47 4.14461e-47 2.24634e-47 1.21247e-47 6.51784e-48 3.48979e-48 1.86118e-48 9.88774e-49 5.23303e-49 2.75921e-49 1.44949e-49 7.58707e-50 3.95717e-50 2.0567e-50 1.06527e-50 5.49889e-51 2.82906e-51 1.45076e-51 7.41662e-52 3.7816e-52 1.92641e-52 9.86943e-53 5.21371e-53 3.08821e-53 
4.75669e-53 5.9404e-53 1.00649e-52 1.912e-52 3.74436e-52 7.3738e-52 1.45076e-51 2.84684e-51 5.56915e-51 1.08595e-50 2.11052e-50 4.08793e-50 7.89087e-50 1.51786e-49 2.90934e-49 5.55639e-49 1.0573e-48 2.0044e-48 3.7855e-48 7.1218e-48 1.33461e-47 2.49109e-47 4.63091e-47 8.57341e-47 1.5806e-46 2.90163e-46 5.30371e-46 9.65173e-46 1.74858e-45 3.15346e-45 5.66078e-45 1.01139e-44 1.79838e-44 3.18218e-44 5.60294e-44 9.81559e-44 1.71076e-43 2.96617e-43 5.11561e-43 8.77515e-43 1.49702e-42 2.53965e-42 4.28404e-42 7.18494e-42 1.19796e-41 1.98546e-41 3.27072e-41 5.35475e-41 8.71173e-41 1.40829e-40 2.26181e-40 3.60868e-40 5.71902e-40 9.00173e-40 1.40706e-39 2.1839e-39 3.36537e-39 5.14831e-39 7.81766e-39 1.17819e-38 1.7621e-38 2.61499e-38 3.85014e-38 5.62343e-38 8.14682e-38 1.17054e-37 1.66777e-37 2.35608e-37 3.29982e-37 4.58126e-37 6.30404e-37 8.59686e-37 1.1617e-36 1.55535e-36 2.06296e-36 2.71039e-36 3.52692e-36 4.54501e-36 5.79963e-36 7.32727e-36 9.16461e-36 1.13467e-35 1.39048e-35 1.68637e-35 2.02393e-35 2.40354e-35 2.82411e-35 3.28284e-35 3.77504e-35 4.29403e-35 4.83112e-35 5.37581e-35 5.91598e-35 6.43833e-35 6.92887e-35 7.37355e-35 7.75891e-35 8.07274e-35 8.30479e-35 8.44726e-35 8.4953e-35 8.44726e-35 8.30479e-35 8.07274e-35 7.75891e-35 7.37355e-35 6.92887e-35 6.43833e-35 5.91598e-35 5.37581e-35 4.83112e-35 4.29403e-35 3.77504e-35 3.28284e-35 2.82411e-35 2.40354e-35 2.02393e-35 1.68637e-35 1.39048e-35 1.13467e-35 9.16461e-36 7.32727e-36 5.79963e-36 4.54501e-36 3.52692e-36 2.71039e-36 2.06296e-36 1.55535e-36 1.1617e-36 8.59686e-37 6.30404e-37 4.58126e-37 3.29982e-37 2.35608e-37 1.66777e-37 1.17054e-37 8.14682e-38 5.62343e-38 3.85014e-38 2.61499e-38 1.7621e-38 1.17819e-38 7.81766e-39 5.14831e-39 3.36537e-39 2.1839e-39 1.40706e-39 9.00173e-40 5.71902e-40 3.60868e-40 2.26181e-40 1.40829e-40 8.71173e-41 5.35475e-41 3.27072e-41 1.98546e-41 1.19796e-41 7.18494e-42 4.28404e-42 2.53965e-42 1.49702e-42 8.77515e-43 5.11561e-43 2.96617e-43 1.71076e-43 9.81559e-44 5.60294e-44 3.18218e-44 1.79838e-44 1.01139e-44 5.66078e-45 3.15346e-45 1.74858e-45 9.65173e-46 5.30371e-46 2.90163e-46 1.5806e-46 8.57341e-47 4.63091e-47 2.49109e-47 1.33461e-47 7.1218e-48 3.7855e-48 2.0044e-48 1.0573e-48 5.55639e-49 2.90934e-49 1.51786e-49 7.89087e-50 4.08793e-50 2.11052e-50 1.08595e-50 5.56915e-51 2.84684e-51 1.45076e-51 7.3738e-52 3.74436e-52 1.912e-52 1.00649e-52 5.9404e-53 
9.10426e-53 1.13909e-52 1.93692e-52 3.69256e-52 7.25526e-52 1.43337e-51 2.82906e-51 5.56915e-51 1.09296e-50 2.13805e-50 4.16868e-50 8.10065e-50 1.56876e-49 3.02751e-49 5.8221e-49 1.11562e-48 2.12992e-48 4.05135e-48 7.6771e-48 1.4492e-47 2.72498e-47 5.10358e-47 9.51993e-47 1.76852e-46 3.2717e-46 6.02687e-46 1.10544e-45 2.0187e-45 3.67001e-45 6.64185e-45 1.19647e-44 2.14524e-44 3.82797e-44 6.79751e-44 1.2011e-43 2.11166e-43 3.69353e-43 6.42681e-43 1.11236e-42 1.91494e-42 3.27853e-42 5.58184e-42 9.44952e-42 1.59049e-41 2.66134e-41 4.42662e-41 7.31816e-41 1.20238e-40 1.96314e-40 3.18477e-40 5.13305e-40 8.21859e-40 1.30705e-39 2.0645e-39 3.23826e-39 5.0435e-39 7.79877e-39 1.19713e-38 1.824e-38 2.7582e-38 4.13893e-38 6.16255e-38 9.10308e-38 1.33388e-37 1.93862e-37 2.79421e-37 3.99358e-37 5.65909e-37 7.94984e-37 1.10698e-36 1.52771e-36 2.0893e-36 2.83119e-36 3.80094e-36 5.0549e-36 6.65857e-36 8.68646e-36 1.12214e-35 1.43531e-35 1.81754e-35 2.27833e-35 2.8268e-35 3.47115e-35 4.21801e-35 5.0717e-35 6.03352e-35 7.101e-35 8.26726e-35 9.52054e-35 1.08439e-34 1.22153e-34 1.36078e-34 1.49902e-34 1.63283e-34 1.7586e-34 1.8727e-34 1.97164e-34 2.05225e-34 2.11188e-34 2.1485e-34 2.16085e-34 2.1485e-34 2.11188e-34 2.05225e-34 1.97164e-34 1.8727e-34 1.7586e-34 1.63283e-34 1.49902e-34 1.36078e-34 1.22153e-34 1.08439e-34 9.52054e-35 8.26726e-35 7.101e-35 6.03352e-35 5.0717e-35 4.21801e-35 3.47115e-35 2.8268e-35 2.27833e-35 1.81754e-35 1.43531e-35 1.12214e-35 8.68646e-36 6.65857e-36 5.0549e-36 3.80094e-36 2.83119e-36 2.0893e-36 1.52771e-36 1.10698e-36 7.94984e-37 5.65909e-37 3.99358e-37 2.79421e-37 1.93862e-37 1.33388e-37 9.10308e-38 6.16255e-38 4.13893e-38 2.7582e-38 1.824e-38 1.19713e-38 7.79877e-39 5.0435e-39 3.23826e-39 2.0645e-39 1.30705e-39 8.21859e-40 5.13305e-40 3.18477e-40 1.96314e-40 1.20238e-40 7.31816e-41 4.42662e-41 2.66134e-41 1.59049e-41 9.44952e-42 5.58184e-42 3.27853e-42 1.91494e-42 1.11236e-42 6.42681e-43 3.69353e-43 2.11166e-43 1.2011e-43 6.79751e-44 3.82797e-44 2.14524e-44 1.19647e-44 6.64185e-45 3.67001e-45 2.0187e-45 1.10544e-45 6.02687e-46 3.2717e-46 1.76852e-46 9.51993e-47 5.10358e-47 2.72498e-47 1.4492e-47 7.6771e-48 4.05135e-48 2.12992e-48 1.11562e-48 5.8221e-49 3.02751e-49 1.56876e-49 8.10065e-50 4.16868e-50 2.13805e-50 1.09296e-50 5.56915e-51 2.82906e-51 1.43337e-51 7.25526e-52 3.69256e-52 1.93692e-52 1.13909e-52 
1.73674e-52 2.177e-52 3.71518e-52 7.10781e-52 1.40121e-51 2.77718e-51 5.49889e-51 1.08595e-50 2.13805e-50 4.19597e-50 8.20771e-50 1.60015e-49 3.109e-49 6.01977e-49 1.16148e-48 2.23302e-48 4.27755e-48 8.16378e-48 1.55223e-47 2.94008e-47 5.54722e-47 1.0425e-46 1.95131e-46 3.6375e-46 6.7526e-46 1.24825e-45 2.29754e-45 4.21038e-45 7.68148e-45 1.39508e-44 2.52204e-44 4.53801e-44 8.12655e-44 1.44823e-43 2.56816e-43 4.5313e-43 7.95427e-43 1.38905e-42 2.41287e-42 4.16877e-42 7.16309e-42 1.22396e-41 2.07955e-41 3.51287e-41 5.89929e-41 9.8478e-41 1.63394e-40 2.69427e-40 4.41478e-40 7.18776e-40 1.16264e-39 1.86817e-39 2.98164e-39 4.72622e-39 7.43944e-39 1.16274e-38 1.80422e-38 2.77913e-38 4.249e-38 6.44716e-38 9.70736e-38 1.45021e-37 2.14931e-37 3.15976e-37 4.60723e-37 6.66191e-37 9.55158e-37 1.35773e-36 1.91319e-36 2.67209e-36 3.69859e-36 5.07293e-36 6.89387e-36 9.28096e-36 1.23764e-35 1.6346e-35 2.13792e-35 2.76874e-35 3.55001e-35 4.50594e-35 5.66105e-35 7.0391e-35 8.66159e-35 1.05461e-34 1.27046e-34 1.5141e-34 1.78499e-34 2.08144e-34 2.40052e-34 2.73795e-34 3.08808e-34 3.44403e-34 3.79782e-34 4.1406e-34 4.46308e-34 4.75585e-34 5.00987e-34 5.21696e-34 5.3702e-34 5.46433e-34 5.49608e-34 5.46433e-34 5.3702e-34 5.21696e-34 5.00987e-34 4.75585e-34 4.46308e-34 4.1406e-34 3.79782e-34 3.44403e-34 3.08808e-34 2.73795e-34 2.40052e-34 2.08144e-34 1.78499e-34 1.5141e-34 1.27046e-34 1.05461e-34 8.66159e-35 7.0391e-35 5.66105e-35 4.50594e-35 3.55001e-35 2.76874e-35 2.13792e-35 1.6346e-35 1.23764e-35 9.28096e-36 6.89387e-36 5.07293e-36 3.69859e-36 2.67209e-36 1.91319e-36 1.35773e-36 9.55158e-37 6.66191e-37 4.60723e-37 3.15976e-37 2.14931e-37 1.45021e-37 9.70736e-38 6.44716e-38 4.249e-38 2.77913e-38 1.80422e-38 1.16274e-38 7.43944e-39 4.72622e-39 2.98164e-39 1.86817e-39 1.16264e-39 7.18776e-40 4.41478e-40 2.69427e-40 1.63394e-40 9.8478e-41 5.89929e-41 3.51287e-41 2.07955e-41 1.22396e-41 7.16309e-42 4.16877e-42 2.41287e-42 1.38905e-42 7.95427e-43 4.5313e-43 2.56816e-43 1.44823e-43 8.12655e-44 4.53801e-44 2.52204e-44 1.39508e-44 7.68148e-45 4.21038e-45 2.29754e-45 1.24825e-45 6.7526e-46 3.6375e-46 1.95131e-46 1.0425e-46 5.54722e-47 2.94008e-47 1.55223e-47 8.16378e-48 4.27755e-48 2.23302e-48 1.16148e-48 6.01977e-49 3.109e-49 1.60015e-49 8.20771e-50 4.19597e-50 2.13805e-50 1.08595e-50 5.49889e-51 2.77718e-51 1.40121e-51 7.10781e-52 3.71518e-52 2.177e-52 
3.30173e-52 4.14648e-52 7.10191e-52 1.36357e-51 2.69707e-51 5.36286e-51 1.06527e-50 2.11052e-50 4.16868e-50 8.20771e-50 1.61075e-49 3.15057e-49 6.14161e-49 1.19311e-48 2.30973e-48 4.4555e-48 8.56368e-48 1.63993e-47 3.12872e-47 5.94642e-47 1.1258e-46 2.12304e-46 3.98763e-46 7.45937e-46 1.38959e-45 2.57776e-45 4.76138e-45 8.75642e-45 1.60321e-44 2.92208e-44 5.30145e-44 9.57336e-44 1.72054e-43 3.07724e-43 5.47664e-43 9.69811e-43 1.7086e-42 2.99458e-42 5.22075e-42 9.05296e-42 1.56123e-41 2.67745e-41 4.56573e-41 7.74086e-41 1.30471e-40 2.18594e-40 3.64015e-40 6.02432e-40 9.90733e-40 1.61889e-39 2.62811e-39 4.23821e-39 6.78869e-39 1.07995e-38 1.706e-38 2.67587e-38 4.16684e-38 6.44096e-38 9.88195e-38 1.50463e-37 2.27328e-37 3.40769e-37 5.0675e-37 7.47476e-37 1.09349e-36 1.58631e-36 2.28172e-36 3.25369e-36 4.59912e-36 6.44318e-36 8.9453e-36 1.23056e-35 1.67712e-35 2.26424e-35 3.02779e-35 4.00971e-35 5.25814e-35 6.82698e-35 8.77503e-35 1.11645e-34 1.40588e-34 1.75198e-34 2.16038e-34 2.63576e-34 3.18132e-34 3.79835e-34 4.48564e-34 5.23909e-34 6.05135e-34 6.91158e-34 7.80545e-34 8.71534e-34 9.62071e-34 1.04988e-33 1.13257e-33 1.20769e-33 1.27292e-33 1.32612e-33 1.3655e-33 1.3897e-33 1.39786e-33 1.3897e-33 1.3655e-33 1.32612e-33 1.27292e-33 1.20769e-33 1.13257e-33 1.04988e-33 9.62071e-34 8.71534e-34 7.80545e-34 6.91158e-34 6.05135e-34 5.23909e-34 4.48564e-34 3.79835e-34 3.18132e-34 2.63576e-34 2.16038e-34 1.75198e-34 1.40588e-34 1.11645e-34 8.77503e-35 6.82698e-35 5.25814e-35 4.00971e-35 3.02779e-35 2.26424e-35 1.67712e-35 1.23056e-35 8.9453e-36 6.44318e-36 4.59912e-36 3.25369e-36 2.28172e-36 1.58631e-36 1.09349e-36 7.47476e-37 5.0675e-37 3.40769e-37 2.27328e-37 1.50463e-37 9.88195e-38 6.44096e-38 4.16684e-38 2.67587e-38 1.706e-38 1.07995e-38 6.78869e-39 4.23821e-39 2.62811e-39 1.61889e-39 9.90733e-40 6.02432e-40 3.64015e-40 2.18594e-40 1.30471e-40 7.74086e-41 4.56573e-41 2.67745e-41 1.56123e-41 9.05296e-42 5.22075e-42 2.99458e-42 1.7086e-42 9.69811e-43 5.47664e-43 3.07724e-43 1.72054e-43 9.57336e-44 5.30145e-44 2.92208e-44 1.60321e-44 8.75642e-45 4.76138e-45 2.57776e-45 1.38959e-45 7.45937e-46 3.98763e-46 2.12304e-46 1.1258e-46 5.94642e-47 3.12872e-47 1.63993e-47 8.56368e-48 4.4555e-48 2.30973e-48 1.19311e-48 6.14161e-49 3.15057e-49 1.61075e-49 8.20771e-50 4.16868e-50 2.11052e-50 1.06527e-50 5.36286e-51 2.69707e-51 1.36357e-51 7.10191e-52 4.14648e-52 
6.25512e-52 7.87036e-52 1.35292e-51 2.60693e-51 5.17363e-51 1.03207e-50 2.0567e-50 4.08793e-50 8.10065e-50 1.60015e-49 3.15057e-49 6.18277e-49 1.20925e-48 2.35702e-48 4.57825e-48 8.86132e-48 1.70897e-47 3.28382e-47 6.28647e-47 1.19892e-46 2.2777e-46 4.31024e-46 8.12407e-46 1.52505e-45 2.851e-45 5.30747e-45 9.83828e-45 1.81577e-44 3.3364e-44 6.10294e-44 1.11124e-43 2.01394e-43 3.63264e-43 6.52074e-43 1.16475e-42 2.07011e-42 3.66048e-42 6.43913e-42 1.12673e-41 1.961e-41 3.39435e-41 5.84271e-41 1.00002e-40 1.70173e-40 2.87885e-40 4.84116e-40 8.09158e-40 1.34407e-39 2.21857e-39 3.63857e-39 5.92856e-39 9.59572e-39 1.54264e-38 2.46297e-38 3.90488e-38 6.14692e-38 9.60629e-38 1.49021e-37 2.29444e-37 3.50581e-37 5.31528e-37 7.99529e-37 1.19304e-36 1.76575e-36 2.59181e-36 3.77237e-36 5.44385e-36 7.78789e-36 1.10432e-35 1.55195e-35 2.16125e-35 2.98207e-35 4.07624e-35 5.51914e-35 7.40111e-35 9.82828e-35 1.29228e-34 1.68221e-34 2.16767e-34 2.76464e-34 3.48954e-34 4.3584e-34 5.386e-34 6.58473e-34 7.96332e-34 9.52556e-34 1.1269e-33 1.31835e-33 1.5251e-33 1.74438e-33 1.97257e-33 2.20514e-33 2.43683e-33 2.66178e-33 2.87379e-33 3.06657e-33 3.23406e-33 3.37074e-33 3.47196e-33 3.53417e-33 3.55516e-33 3.53417e-33 3.47196e-33 3.37074e-33 3.23406e-33 3.06657e-33 2.87379e-33 2.66178e-33 2.43683e-33 2.20514e-33 1.97257e-33 1.74438e-33 1.5251e-33 1.31835e-33 1.1269e-33 9.52556e-34 7.96332e-34 6.58473e-34 5.386e-34 4.3584e-34 3.48954e-34 2.76464e-34 2.16767e-34 1.68221e-34 1.29228e-34 9.82828e-35 7.40111e-35 5.51914e-35 4.07624e-35 2.98207e-35 2.16125e-35 1.55195e-35 1.10432e-35 7.78789e-36 5.44385e-36 3.77237e-36 2.59181e-36 1.76575e-36 1.19304e-36 7.99529e-37 5.31528e-37 3.50581e-37 2.29444e-37 1.49021e-37 9.60629e-38 6.14692e-38 3.90488e-38 2.46297e-38 1.54264e-38 9.59572e-39 5.92856e-39 3.63857e-39 2.21857e-39 1.34407e-39 8.09158e-40 4.84116e-40 2.87885e-40 1.70173e-40 1.00002e-40 5.84271e-41 3.39435e-41 1.961e-41 1.12673e-41 6.43913e-42 3.66048e-42 2.07011e-42 1.16475e-42 6.52074e-43 3.63264e-43 2.01394e-43 1.11124e-43 6.10294e-44 3.3364e-44 1.81577e-44 9.83828e-45 5.30747e-45 2.851e-45 1.52505e-45 8.12407e-46 4.31024e-46 2.2777e-46 1.19892e-46 6.28647e-47 3.28382e-47 1.70897e-47 8.86132e-48 4.57825e-48 2.35702e-48 1.20925e-48 6.18277e-49 3.15057e-49 1.60015e-49 8.10065e-50 4.08793e-50 2.0567e-50 1.03207e-50 5.17363e-51 2.60693e-51 1.35292e-51 7.87036e-52 
1.18085e-51 1.48861e-51 2.56832e-51 4.96665e-51 9.88978e-51 1.97932e-50 3.95717e-50 7.89087e-50 1.56876e-49 3.109e-49 6.14161e-49 1.20925e-48 2.373e-48 4.64089e-48 9.04487e-48 1.7566e-47 3.39931e-47 6.55427e-47 1.25907e-46 2.40955e-46 4.59362e-46 8.72326e-46 1.64998e-45 3.10828e-45 5.83144e-45 1.08946e-44 2.02674e-44 3.75405e-44 6.92284e-44 1.27092e-43 2.32254e-43 4.22461e-43 7.64805e-43 1.3779e-42 2.47032e-42 4.40673e-42 7.8211e-42 1.38092e-41 2.42535e-41 4.23689e-41 7.36113e-41 1.27181e-40 2.18492e-40 3.73201e-40 6.33717e-40 1.06967e-39 1.79454e-39 2.99203e-39 4.95717e-39 8.16035e-39 1.33457e-38 2.1681e-38 3.49841e-38 5.60615e-38 8.92086e-38 1.40943e-37 2.21064e-37 3.44175e-37 5.31824e-37 8.15509e-37 1.24081e-36 1.87299e-36 2.80457e-36 4.16521e-36 6.13462e-36 8.95902e-36 1.29716e-35 1.86179e-35 2.64856e-35 3.73396e-35 5.21617e-35 7.21929e-35 9.89783e-35 1.34409e-34 1.80758e-34 2.4071e-34 3.17363e-34 4.14218e-34 5.35123e-34 6.84191e-34 8.65654e-34 1.08368e-33 1.34215e-33 1.64432e-33 1.99258e-33 2.38802e-33 2.83015e-33 3.31658e-33 3.84272e-33 4.40165e-33 4.98411e-33 5.57855e-33 6.17145e-33 6.74772e-33 7.29134e-33 7.78605e-33 8.21615e-33 8.56734e-33 8.82751e-33 8.98745e-33 9.04142e-33 8.98745e-33 8.82751e-33 8.56734e-33 8.21615e-33 7.78605e-33 7.29134e-33 6.74772e-33 6.17145e-33 5.57855e-33 4.98411e-33 4.40165e-33 3.84272e-33 3.31658e-33 2.83015e-33 2.38802e-33 1.99258e-33 1.64432e-33 1.34215e-33 1.08368e-33 8.65654e-34 6.84191e-34 5.35123e-34 4.14218e-34 3.17363e-34 2.4071e-34 1.80758e-34 1.34409e-34 9.89783e-35 7.21929e-35 5.21617e-35 3.73396e-35 2.64856e-35 1.86179e-35 1.29716e-35 8.95902e-36 6.13462e-36 4.16521e-36 2.80457e-36 1.87299e-36 1.24081e-36 8.15509e-37 5.31824e-37 3.44175e-37 2.21064e-37 1.40943e-37 8.92086e-38 5.60615e-38 3.49841e-38 2.1681e-38 1.33457e-38 8.16035e-39 4.95717e-39 2.99203e-39 1.79454e-39 1.06967e-39 6.33717e-40 3.73201e-40 2.18492e-40 1.27181e-40 7.36113e-41 4.23689e-41 2.42535e-41 1.38092e-41 7.8211e-42 4.40673e-42 2.47032e-42 1.3779e-42 7.64805e-43 4.22461e-43 2.32254e-43 1.27092e-43 6.92284e-44 3.75405e-44 2.02674e-44 1.08946e-44 5.83144e-45 3.10828e-45 1.64998e-45 8.72326e-46 4.59362e-46 2.40955e-46 1.25907e-46 6.55427e-47 3.39931e-47 1.7566e-47 9.04487e-48 4.64089e-48 2.373e-48 1.20925e-48 6.14161e-49 3.109e-49 1.56876e-49 7.89087e-50 3.95717e-50 1.97932e-50 9.88978e-51 4.96665e-51 2.56832e-51 1.48861e-51 
2.22122e-51 2.8055e-51 4.85822e-51 9.4288e-51 1.88383e-50 3.78262e-50 7.58707e-50 1.51786e-49 3.02751e-49 6.01977e-49 1.19311e-48 2.35702e-48 4.64089e-48 9.1069e-48 1.78092e-47 3.47055e-47 6.73915e-47 1.30388e-46 2.51344e-46 4.82691e-46 9.23445e-46 1.75981e-45 3.34042e-45 6.31522e-45 1.18904e-44 2.22942e-44 4.1624e-44 7.73783e-44 1.43213e-43 2.63877e-43 4.83992e-43 8.83608e-43 1.60556e-42 2.90338e-42 5.22459e-42 9.35475e-42 1.6665e-41 2.95346e-41 5.20676e-41 9.13006e-41 1.59223e-40 2.76135e-40 4.76185e-40 8.16436e-40 1.39161e-39 2.35783e-39 3.97063e-39 6.64525e-39 1.10514e-38 1.82613e-38 2.99776e-38 4.88838e-38 7.91742e-38 1.2735e-37 2.03402e-37 3.22552e-37 5.07781e-37 7.93467e-37 1.23055e-36 1.89379e-36 2.89179e-36 4.38073e-36 6.5828e-36 9.81069e-36 1.44995e-35 2.12477e-35 3.08683e-35 4.44525e-35 6.34454e-35 8.97352e-35 1.25755e-34 1.74591e-34 2.40101e-34 3.27024e-34 4.41082e-34 5.89051e-34 7.78791e-34 1.01921e-33 1.32016e-33 1.69218e-33 2.14622e-33 2.69309e-33 3.34292e-33 4.10437e-33 4.98384e-33 5.98454e-33 7.10558e-33 8.34119e-33 9.67996e-33 1.11045e-32 1.25911e-32 1.41104e-32 1.56276e-32 1.71038e-32 1.84978e-32 1.97674e-32 2.08719e-32 2.17743e-32 2.24431e-32 2.28543e-32 2.29931e-32 2.28543e-32 2.24431e-32 2.17743e-32 2.08719e-32 1.97674e-32 1.84978e-32 1.71038e-32 1.56276e-32 1.41104e-32 1.25911e-32 1.11045e-32 9.67996e-33 8.34119e-33 7.10558e-33 5.98454e-33 4.98384e-33 4.10437e-33 3.34292e-33 2.69309e-33 2.14622e-33 1.69218e-33 1.32016e-33 1.01921e-33 7.78791e-34 5.89051e-34 4.41082e-34 3.27024e-34 2.40101e-34 1.74591e-34 1.25755e-34 8.97352e-35 6.34454e-35 4.44525e-35 3.08683e-35 2.12477e-35 1.44995e-35 9.81069e-36 6.5828e-36 4.38073e-36 2.89179e-36 1.89379e-36 1.23055e-36 7.93467e-37 5.07781e-37 3.22552e-37 2.03402e-37 1.2735e-37 7.91742e-38 4.88838e-38 2.99776e-38 1.82613e-38 1.10514e-38 6.64525e-39 3.97063e-39 2.35783e-39 1.39161e-39 8.16436e-40 4.76185e-40 2.76135e-40 1.59223e-40 9.13006e-41 5.20676e-41 2.95346e-41 1.6665e-41 9.35475e-42 5.22459e-42 2.90338e-42 1.60556e-42 8.83608e-43 4.83992e-43 2.63877e-43 1.43213e-43 7.73783e-44 4.1624e-44 2.22942e-44 1.18904e-44 6.31522e-45 3.34042e-45 1.75981e-45 9.23445e-46 4.82691e-46 2.51344e-46 1.30388e-46 6.73915e-47 3.47055e-47 1.78092e-47 9.1069e-48 4.64089e-48 2.35702e-48 1.19311e-48 6.01977e-49 3.02751e-49 1.51786e-49 7.58707e-50 3.78262e-50 1.88383e-50 9.4288e-51 4.85822e-51 2.8055e-51 
4.16298e-51 5.26821e-51 9.15662e-51 1.78354e-50 3.57551e-50 7.20304e-50 1.44949e-49 2.90934e-49 5.8221e-49 1.16148e-48 2.30973e-48 4.57825e-48 9.04487e-48 1.78092e-47 3.49463e-47 6.83354e-47 1.33153e-46 2.58519e-46 5.0008e-46 9.6375e-46 1.85029e-45 3.53862e-45 6.7409e-45 1.27897e-44 2.41676e-44 4.54779e-44 8.5218e-44 1.58998e-43 2.95357e-43 5.46217e-43 1.00556e-42 1.84264e-42 3.36067e-42 6.09993e-42 1.1018e-41 1.98023e-41 3.541e-41 6.29933e-41 1.11475e-40 1.96215e-40 3.43493e-40 5.97982e-40 1.03514e-39 1.78158e-39 3.04832e-39 5.18462e-39 8.76446e-39 1.47244e-38 2.45813e-38 4.07731e-38 6.71885e-38 1.0998e-37 1.78806e-37 2.88694e-37 4.62842e-37 7.36729e-37 1.16415e-36 1.82589e-36 2.84218e-36 4.39015e-36 6.72818e-36 1.02294e-35 1.54266e-35 2.30729e-35 3.42203e-35 5.03212e-35 7.33574e-35 1.05998e-34 1.51793e-34 2.15399e-34 3.02836e-34 4.21777e-34 5.81844e-34 7.94907e-34 1.07535e-33 1.44027e-33 1.90959e-33 2.50599e-33 3.2546e-33 4.18253e-33 5.31798e-33 6.68905e-33 8.32218e-33 1.02403e-32 1.24606e-32 1.49922e-32 1.7834e-32 2.09721e-32 2.43781e-32 2.80082e-32 3.18023e-32 3.56851e-32 3.95674e-32 4.33492e-32 4.69236e-32 5.01819e-32 5.30186e-32 5.53374e-32 5.70568e-32 5.81144e-32 5.84713e-32 5.81144e-32 5.70568e-32 5.53374e-32 5.30186e-32 5.01819e-32 4.69236e-32 4.33492e-32 3.95674e-32 3.56851e-32 3.18023e-32 2.80082e-32 2.43781e-32 2.09721e-32 1.7834e-32 1.49922e-32 1.24606e-32 1.02403e-32 8.32218e-33 6.68905e-33 5.31798e-33 4.18253e-33 3.2546e-33 2.50599e-33 1.90959e-33 1.44027e-33 1.07535e-33 7.94907e-34 5.81844e-34 4.21777e-34 3.02836e-34 2.15399e-34 1.51793e-34 1.05998e-34 7.33574e-35 5.03212e-35 3.42203e-35 2.30729e-35 1.54266e-35 1.02294e-35 6.72818e-36 4.39015e-36 2.84218e-36 1.82589e-36 1.16415e-36 7.36729e-37 4.62842e-37 2.88694e-37 1.78806e-37 1.0998e-37 6.71885e-38 4.07731e-38 2.45813e-38 1.47244e-38 8.76446e-39 5.18462e-39 3.04832e-39 1.78158e-39 1.03514e-39 5.97982e-40 3.43493e-40 1.96215e-40 1.11475e-40 6.29933e-41 3.541e-41 1.98023e-41 1.1018e-41 6.09993e-42 3.36067e-42 1.84264e-42 1.00556e-42 5.46217e-43 2.95357e-43 1.58998e-43 8.5218e-44 4.54779e-44 2.41676e-44 1.27897e-44 6.7409e-45 3.53862e-45 1.85029e-45 9.6375e-46 5.0008e-46 2.58519e-46 1.33153e-46 6.83354e-47 3.49463e-47 1.78092e-47 9.04487e-48 4.57825e-48 2.30973e-48 1.16148e-48 5.8221e-49 2.90934e-49 1.44949e-49 7.20304e-50 3.57551e-50 1.78354e-50 9.15662e-51 5.26821e-51 
7.77333e-51 9.85625e-51 1.71948e-50 3.3614e-50 6.76157e-50 1.36665e-49 2.75921e-49 5.55639e-49 1.11562e-48 2.23302e-48 4.4555e-48 8.86132e-48 1.7566e-47 3.47055e-47 6.83354e-47 1.34088e-46 2.62183e-46 5.10814e-46 9.91598e-46 1.91776e-45 3.69499e-45 7.09184e-45 1.35582e-44 2.58175e-44 4.89622e-44 9.24723e-44 1.73913e-43 3.2568e-43 6.0723e-43 1.12715e-42 2.08279e-42 3.83092e-42 7.01325e-42 1.27778e-41 2.31674e-41 4.17964e-41 7.50247e-41 1.33977e-40 2.37999e-40 4.20531e-40 7.39015e-40 1.29151e-39 2.24432e-39 3.87765e-39 6.66043e-39 1.1372e-38 1.92987e-38 3.25477e-38 5.45465e-38 9.0827e-38 1.50249e-37 2.46891e-37 4.0294e-37 6.53075e-37 1.05103e-36 1.67937e-36 2.66374e-36 4.1937e-36 6.55244e-36 1.0159e-35 1.5627e-35 2.38464e-35 3.60934e-35 5.41785e-35 8.06418e-35 1.19004e-34 1.74089e-34 2.5242e-34 3.62704e-34 5.16412e-34 7.28433e-34 1.01781e-33 1.40854e-33 1.93031e-33 2.61925e-33 3.5185e-33 4.67851e-33 6.1569e-33 8.01792e-33 1.03311e-32 1.31691e-32 1.66049e-32 2.07075e-32 2.55374e-32 3.11409e-32 3.75439e-32 4.47459e-32 5.2714e-32 6.13782e-32 7.06277e-32 8.03101e-32 9.02327e-32 1.00167e-31 1.09855e-31 1.19021e-31 1.27383e-31 1.34669e-31 1.40628e-31 1.45048e-31 1.47768e-31 1.48687e-31 1.47768e-31 1.45048e-31 1.40628e-31 1.34669e-31 1.27383e-31 1.19021e-31 1.09855e-31 1.00167e-31 9.02327e-32 8.03101e-32 7.06277e-32 6.13782e-32 5.2714e-32 4.47459e-32 3.75439e-32 3.11409e-32 2.55374e-32 2.07075e-32 1.66049e-32 1.31691e-32 1.03311e-32 8.01792e-33 6.1569e-33 4.67851e-33 3.5185e-33 2.61925e-33 1.93031e-33 1.40854e-33 1.01781e-33 7.28433e-34 5.16412e-34 3.62704e-34 2.5242e-34 1.74089e-34 1.19004e-34 8.06418e-35 5.41785e-35 3.60934e-35 2.38464e-35 1.5627e-35 1.0159e-35 6.55244e-36 4.1937e-36 2.66374e-36 1.67937e-36 1.05103e-36 6.53075e-37 4.0294e-37 2.46891e-37 1.50249e-37 9.0827e-38 5.45465e-38 3.25477e-38 1.92987e-38 1.1372e-38 6.66043e-39 3.87765e-39 2.24432e-39 1.29151e-39 7.39015e-40 4.20531e-40 2.37999e-40 1.33977e-40 7.50247e-41 4.17964e-41 2.31674e-41 1.27778e-41 7.01325e-42 3.83092e-42 2.08279e-42 1.12715e-42 6.0723e-43 3.2568e-43 1.73913e-43 9.24723e-44 4.89622e-44 2.58175e-44 1.35582e-44 7.09184e-45 3.69499e-45 1.91776e-45 9.91598e-46 5.10814e-46 2.62183e-46 1.34088e-46 6.83354e-47 3.47055e-47 1.7566e-47 8.86132e-48 4.4555e-48 2.23302e-48 1.11562e-48 5.55639e-49 2.75921e-49 1.36665e-49 6.76157e-50 3.3614e-50 1.71948e-50 9.85625e-51 
