9.73294e-53 1.20393e-52 2.00194e-52 3.73285e-52 7.18364e-52 1.39089e-51 2.69074e-51 5.19143e-51 9.98418e-51 1.9137e-50 3.6554e-50 6.95778e-50 1.31964e-49 2.49382e-49 4.69541e-49 8.80762e-49 1.64586e-48 3.06374e-48 5.68077e-48 1.04914e-47 1.92975e-47 3.53497e-47 6.44845e-47 1.17134e-46 2.11855e-46 3.815e-46 6.83938e-46 1.22061e-45 2.1684e-45 3.83423e-45 6.74771e-45 1.1818e-44 2.0597e-44 3.57194e-44 6.16324e-44 1.058e-43 1.80674e-43 3.06904e-43 5.18528e-43 8.71295e-43 1.45594e-42 2.41919e-42 3.99672e-42 6.56459e-42 1.07186e-41 1.73964e-41 2.80626e-41 4.49885e-41 7.16703e-41 1.13448e-40 1.78417e-40 2.78745e-40 4.32585e-40 6.66781e-40 1.0207e-39 1.55156e-39 2.34182e-39 3.50919e-39 5.22012e-39 7.70781e-39 1.12956e-38 1.64276e-38 2.37069e-38 3.39443e-38 4.82173e-38 6.79419e-38 9.49564e-38 1.31618e-37 1.80913e-37 2.46568e-37 3.33175e-37 4.46306e-37 5.92615e-37 7.79916e-37 1.01722e-36 1.31472e-36 1.68368e-36 2.13626e-36 2.68518e-36 3.34334e-36 4.12323e-36 5.03624e-36 6.09188e-36 7.29691e-36 8.65436e-36 1.01627e-35 1.18148e-35 1.35977e-35 1.54915e-35 1.74699e-35 1.94996e-35 2.15419e-35 2.35528e-35 2.5485e-35 2.72893e-35 2.8917e-35 3.03219e-35 3.14623e-35 3.23035e-35 3.28191e-35 3.29929e-35 3.28191e-35 3.23035e-35 3.14623e-35 3.03219e-35 2.8917e-35 2.72893e-35 2.5485e-35 2.35528e-35 2.15419e-35 1.94996e-35 1.74699e-35 1.54915e-35 1.35977e-35 1.18148e-35 1.01627e-35 8.65436e-36 7.29691e-36 6.09188e-36 5.03624e-36 4.12323e-36 3.34334e-36 2.68518e-36 2.13626e-36 1.68368e-36 1.31472e-36 1.01722e-36 7.79916e-37 5.92615e-37 4.46306e-37 3.33175e-37 2.46568e-37 1.80913e-37 1.31618e-37 9.49564e-38 6.79419e-38 4.82173e-38 3.39443e-38 2.37069e-38 1.64276e-38 1.12956e-38 7.70781e-39 5.22012e-39 3.50919e-39 2.34182e-39 1.55156e-39 1.0207e-39 6.66781e-40 4.32585e-40 2.78745e-40 1.78417e-40 1.13448e-40 7.16703e-41 4.49885e-41 2.80626e-41 1.73964e-41 1.07186e-41 6.56459e-42 3.99672e-42 2.41919e-42 1.45594e-42 8.71295e-43 5.18528e-43 3.06904e-43 1.80674e-43 1.058e-43 6.16324e-44 3.57194e-44 2.0597e-44 1.1818e-44 6.74771e-45 3.83423e-45 2.1684e-45 1.22061e-45 6.83938e-46 3.815e-46 2.11855e-46 1.17134e-46 6.44845e-47 3.53497e-47 1.92975e-47 1.04914e-47 5.68077e-48 3.06374e-48 1.64586e-48 8.80762e-49 4.69541e-49 2.49382e-49 1.31964e-49 6.95778e-50 3.6554e-50 1.9137e-50 9.98418e-51 5.19143e-51 2.69074e-51 1.39089e-51 7.18364e-52 3.73285e-52 2.00194e-52 1.20393e-52 
1.20393e-52 1.4908e-52 2.48415e-52 4.64165e-52 8.95005e-52 1.73618e-51 3.36507e-51 6.50474e-51 1.25337e-50 2.40699e-50 4.60655e-50 8.7853e-50 1.66953e-49 3.16126e-49 5.96397e-49 1.12096e-48 2.09896e-48 3.91512e-48 7.27429e-48 1.34621e-47 2.48132e-47 4.55485e-47 8.32641e-47 1.51567e-46 2.74717e-46 4.95757e-46 8.90689e-46 1.59303e-45 2.83618e-45 5.02598e-45 8.86448e-45 1.55596e-44 2.71782e-44 4.72375e-44 8.16888e-44 1.40544e-43 2.40546e-43 4.0953e-43 6.93484e-43 1.16792e-42 1.95604e-42 3.25756e-42 5.39407e-42 8.87995e-42 1.45323e-41 2.36399e-41 3.82212e-41 6.14142e-41 9.80609e-41 1.55576e-40 2.45226e-40 3.83992e-40 5.97265e-40 9.22688e-40 1.41561e-39 2.15666e-39 3.26235e-39 4.89937e-39 7.30408e-39 1.08083e-38 1.58736e-38 2.31348e-38 3.34568e-38 4.80048e-38 6.83311e-38 9.64804e-38 1.35114e-37 1.87652e-37 2.58436e-37 3.529e-37 4.77755e-37 6.4116e-37 8.52884e-37 1.12443e-36 1.46909e-36 1.90193e-36 2.43965e-36 3.10033e-36 3.90294e-36 4.86676e-36 6.01056e-36 7.35153e-36 8.90413e-36 1.06788e-35 1.26804e-35 1.49072e-35 1.7349e-35 1.99869e-35 2.27917e-35 2.57243e-35 2.87357e-35 3.17681e-35 3.47559e-35 3.76286e-35 4.03127e-35 4.27352e-35 4.48269e-35 4.65254e-35 4.77785e-35 4.85468e-35 4.88056e-35 4.85468e-35 4.77785e-35 4.65254e-35 4.48269e-35 4.27352e-35 4.03127e-35 3.76286e-35 3.47559e-35 3.17681e-35 2.87357e-35 2.57243e-35 2.27917e-35 1.99869e-35 1.7349e-35 1.49072e-35 1.26804e-35 1.06788e-35 8.90413e-36 7.35153e-36 6.01056e-36 4.86676e-36 3.90294e-36 3.10033e-36 2.43965e-36 1.90193e-36 1.46909e-36 1.12443e-36 8.52884e-37 6.4116e-37 4.77755e-37 3.529e-37 2.58436e-37 1.87652e-37 1.35114e-37 9.64804e-38 6.83311e-38 4.80048e-38 3.34568e-38 2.31348e-38 1.58736e-38 1.08083e-38 7.30408e-39 4.89937e-39 3.26235e-39 2.15666e-39 1.41561e-39 9.22688e-40 5.97265e-40 3.83992e-40 2.45226e-40 1.55576e-40 9.80609e-41 6.14142e-41 3.82212e-41 2.36399e-41 1.45323e-41 8.87995e-42 5.39407e-42 3.25756e-42 1.95604e-42 1.16792e-42 6.93484e-43 4.0953e-43 2.40546e-43 1.40544e-43 8.16888e-44 4.72375e-44 2.71782e-44 1.55596e-44 8.86448e-45 5.02598e-45 2.83618e-45 1.59303e-45 8.90689e-46 4.95757e-46 2.74717e-46 1.51567e-46 8.32641e-47 4.55485e-47 2.48132e-47 1.34621e-47 7.27429e-48 3.91512e-48 2.09896e-48 1.12096e-48 5.96397e-49 3.16126e-49 1.66953e-49 8.7853e-50 4.60655e-50 2.40699e-50 1.25337e-50 6.50474e-51 3.36507e-51 1.73618e-51 8.95005e-52 4.64165e-52 2.48415e-52 1.4908e-52 
2.00194e-52 2.48415e-52 4.15644e-52 7.79811e-52 1.50938e-51 2.93883e-51 5.71693e-51 1.10915e-50 2.14505e-50 4.13463e-50 7.9424e-50 1.52039e-49 2.90016e-49 5.51224e-49 1.04388e-48 1.96951e-48 3.70196e-48 6.93175e-48 1.2929e-47 2.40197e-47 4.44455e-47 8.19057e-47 1.50314e-46 2.74697e-46 4.99858e-46 9.05626e-46 1.63354e-45 2.93329e-45 5.2432e-45 9.32867e-45 1.65193e-44 2.91125e-44 5.10561e-44 8.90968e-44 1.54699e-43 2.67232e-43 4.59227e-43 7.84998e-43 1.33467e-42 2.25686e-42 3.79508e-42 6.3458e-42 1.05502e-41 1.74381e-41 2.86526e-41 4.67967e-41 7.5964e-41 1.22546e-40 1.96449e-40 3.12906e-40 4.95159e-40 7.78396e-40 1.21545e-39 1.88497e-39 2.90309e-39 4.43976e-39 6.74143e-39 1.01623e-38 1.52067e-38 2.25855e-38 3.32911e-38 4.86951e-38 7.06727e-38 1.0176e-37 1.45351e-37 2.05932e-37 2.89365e-37 4.03214e-37 5.57117e-37 7.63185e-37 1.03643e-36 1.39517e-36 1.86143e-36 2.46124e-36 3.22479e-36 4.18645e-36 5.38446e-36 6.86037e-36 8.65805e-36 1.08223e-35 1.33969e-35 1.64223e-35 1.99331e-35 2.39545e-35 2.84995e-35 3.35655e-35 3.91309e-35 4.51533e-35 5.15671e-35 5.82832e-35 6.51891e-35 7.21517e-35 7.90198e-35 8.56298e-35 9.18114e-35 9.73948e-35 1.02219e-34 1.06138e-34 1.0903e-34 1.10804e-34 1.11402e-34 1.10804e-34 1.0903e-34 1.06138e-34 1.02219e-34 9.73948e-35 9.18114e-35 8.56298e-35 7.90198e-35 7.21517e-35 6.51891e-35 5.82832e-35 5.15671e-35 4.51533e-35 3.91309e-35 3.35655e-35 2.84995e-35 2.39545e-35 1.99331e-35 1.64223e-35 1.33969e-35 1.08223e-35 8.65805e-36 6.86037e-36 5.38446e-36 4.18645e-36 3.22479e-36 2.46124e-36 1.86143e-36 1.39517e-36 1.03643e-36 7.63185e-37 5.57117e-37 4.03214e-37 2.89365e-37 2.05932e-37 1.45351e-37 1.0176e-37 7.06727e-38 4.86951e-38 3.32911e-38 2.25855e-38 1.52067e-38 1.01623e-38 6.74143e-39 4.43976e-39 2.90309e-39 1.88497e-39 1.21545e-39 7.78396e-40 4.95159e-40 3.12906e-40 1.96449e-40 1.22546e-40 7.5964e-41 4.67967e-41 2.86526e-41 1.74381e-41 1.05502e-41 6.3458e-42 3.79508e-42 2.25686e-42 1.33467e-42 7.84998e-43 4.59227e-43 2.67232e-43 1.54699e-43 8.90968e-44 5.10561e-44 2.91125e-44 1.65193e-44 9.32867e-45 5.2432e-45 2.93329e-45 1.63354e-45 9.05626e-46 4.99858e-46 2.74697e-46 1.50314e-46 8.19057e-47 4.44455e-47 2.40197e-47 1.2929e-47 6.93175e-48 3.70196e-48 1.96951e-48 1.04388e-48 5.51224e-49 2.90016e-49 1.52039e-49 7.9424e-50 4.13463e-50 2.14505e-50 1.10915e-50 5.71693e-51 2.93883e-51 1.50938e-51 7.79811e-52 4.15644e-52 2.48415e-52 
3.73285e-52 4.64165e-52 7.79811e-52 1.46897e-51 2.85404e-51 5.57722e-51 1.08886e-50 2.12015e-50 4.11514e-50 7.96085e-50 1.53481e-49 2.94881e-49 5.64556e-49 1.07699e-48 2.04709e-48 3.87666e-48 7.31385e-48 1.3746e-47 2.57349e-47 4.79906e-47 8.91353e-47 1.64882e-46 3.03739e-46 5.57186e-46 1.01775e-45 1.85096e-45 3.35144e-45 6.0411e-45 1.08397e-44 1.93598e-44 3.44142e-44 6.08821e-44 1.07183e-43 1.87761e-43 3.27264e-43 5.675e-43 9.78975e-43 1.67988e-42 2.86713e-42 4.86676e-42 8.21518e-42 1.37892e-41 2.30126e-41 3.81817e-41 6.29749e-41 1.03243e-40 1.68224e-40 2.72401e-40 4.3831e-40 7.00742e-40 1.113e-39 1.7561e-39 2.75216e-39 4.28371e-39 6.6213e-39 1.01624e-38 1.54857e-38 2.34261e-38 3.51767e-38 5.24261e-38 7.75407e-38 1.13802e-37 1.65716e-37 2.39398e-37 3.43058e-37 4.87595e-37 6.87297e-37 9.60672e-37 1.33138e-36 1.82927e-36 2.49144e-36 3.36338e-36 4.49993e-36 5.96611e-36 7.83767e-36 1.02011e-35 1.31531e-35 1.67989e-35 2.12504e-35 2.66222e-35 3.30269e-35 4.05696e-35 4.93405e-35 5.94072e-35 7.0806e-35 8.35341e-35 9.75408e-35 1.12722e-34 1.28913e-34 1.45891e-34 1.63371e-34 1.81015e-34 1.98438e-34 2.15221e-34 2.3093e-34 2.45129e-34 2.57403e-34 2.6738e-34 2.74746e-34 2.79265e-34 2.80787e-34 2.79265e-34 2.74746e-34 2.6738e-34 2.57403e-34 2.45129e-34 2.3093e-34 2.15221e-34 1.98438e-34 1.81015e-34 1.63371e-34 1.45891e-34 1.28913e-34 1.12722e-34 9.75408e-35 8.35341e-35 7.0806e-35 5.94072e-35 4.93405e-35 4.05696e-35 3.30269e-35 2.66222e-35 2.12504e-35 1.67989e-35 1.31531e-35 1.02011e-35 7.83767e-36 5.96611e-36 4.49993e-36 3.36338e-36 2.49144e-36 1.82927e-36 1.33138e-36 9.60672e-37 6.87297e-37 4.87595e-37 3.43058e-37 2.39398e-37 1.65716e-37 1.13802e-37 7.75407e-38 5.24261e-38 3.51767e-38 2.34261e-38 1.54857e-38 1.01624e-38 6.6213e-39 4.28371e-39 2.75216e-39 1.7561e-39 1.113e-39 7.00742e-40 4.3831e-40 2.72401e-40 1.68224e-40 1.03243e-40 6.29749e-41 3.81817e-41 2.30126e-41 1.37892e-41 8.21518e-42 4.86676e-42 2.86713e-42 1.67988e-42 9.78975e-43 5.675e-43 3.27264e-43 1.87761e-43 1.07183e-43 6.08821e-44 3.44142e-44 1.93598e-44 1.08397e-44 6.0411e-45 3.35144e-45 1.85096e-45 1.01775e-45 5.57186e-46 3.03739e-46 1.64882e-46 8.91353e-47 4.79906e-47 2.57349e-47 1.3746e-47 7.31385e-48 3.87666e-48 2.04709e-48 1.07699e-48 5.64556e-49 2.94881e-49 1.53481e-49 7.96085e-50 4.11514e-50 2.12015e-50 1.08886e-50 5.57722e-51 2.85404e-51 1.46897e-51 7.79811e-52 4.64165e-52 
7.18364e-52 8.95005e-52 1.50938e-51 2.85404e-51 5.56466e-51 1.09112e-50 2.13744e-50 4.17589e-50 8.13272e-50 1.57864e-49 3.05393e-49 5.88756e-49 1.13106e-48 2.16516e-48 4.12969e-48 7.84774e-48 1.48575e-47 2.80218e-47 5.26459e-47 9.85203e-47 1.83633e-46 3.40889e-46 6.30204e-46 1.16018e-45 2.12675e-45 3.88172e-45 7.05367e-45 1.27602e-44 2.29785e-44 4.11881e-44 7.3481e-44 1.30466e-43 2.30517e-43 4.05281e-43 7.08961e-43 1.23386e-42 2.13621e-42 3.67896e-42 6.30186e-42 1.07358e-41 1.8188e-41 3.06391e-41 5.13182e-41 8.54528e-41 1.41449e-40 2.32729e-40 3.80568e-40 6.18447e-40 9.9866e-40 1.60226e-39 2.55388e-39 4.04368e-39 6.35937e-39 9.93268e-39 1.54058e-38 2.37259e-38 3.6277e-38 5.50633e-38 8.29595e-38 1.24049e-37 1.84076e-37 2.71033e-37 3.95934e-37 5.73784e-37 8.24798e-37 1.1759e-36 1.66253e-36 2.33071e-36 3.23954e-36 4.46377e-36 6.09669e-36 8.25301e-36 1.10715e-35 1.47174e-35 1.93836e-35 2.52914e-35 3.26888e-35 4.18473e-35 5.3056e-35 6.66127e-35 8.28117e-35 1.01929e-34 1.24204e-34 1.49819e-34 1.78878e-34 2.11381e-34 2.47208e-34 2.86099e-34 3.27639e-34 3.71254e-34 4.16215e-34 4.61648e-34 5.06558e-34 5.4986e-34 5.90421e-34 6.27108e-34 6.58841e-34 6.84647e-34 7.03706e-34 7.15399e-34 7.1934e-34 7.15399e-34 7.03706e-34 6.84647e-34 6.58841e-34 6.27108e-34 5.90421e-34 5.4986e-34 5.06558e-34 4.61648e-34 4.16215e-34 3.71254e-34 3.27639e-34 2.86099e-34 2.47208e-34 2.11381e-34 1.78878e-34 1.49819e-34 1.24204e-34 1.01929e-34 8.28117e-35 6.66127e-35 5.3056e-35 4.18473e-35 3.26888e-35 2.52914e-35 1.93836e-35 1.47174e-35 1.10715e-35 8.25301e-36 6.09669e-36 4.46377e-36 3.23954e-36 2.33071e-36 1.66253e-36 1.1759e-36 8.24798e-37 5.73784e-37 3.95934e-37 2.71033e-37 1.84076e-37 1.24049e-37 8.29595e-38 5.50633e-38 3.6277e-38 2.37259e-38 1.54058e-38 9.93268e-39 6.35937e-39 4.04368e-39 2.55388e-39 1.60226e-39 9.9866e-40 6.18447e-40 3.80568e-40 2.32729e-40 1.41449e-40 8.54528e-41 5.13182e-41 3.06391e-41 1.8188e-41 1.07358e-41 6.30186e-42 3.67896e-42 2.13621e-42 1.23386e-42 7.08961e-43 4.05281e-43 2.30517e-43 1.30466e-43 7.3481e-44 4.11881e-44 2.29785e-44 1.27602e-44 7.05367e-45 3.88172e-45 2.12675e-45 1.16018e-45 6.30204e-46 3.40889e-46 1.83633e-46 9.85203e-47 5.26459e-47 2.80218e-47 1.48575e-47 7.84774e-48 4.12969e-48 2.16516e-48 1.13106e-48 5.88756e-49 3.05393e-49 1.57864e-49 8.13272e-50 4.17589e-50 2.13744e-50 1.09112e-50 5.56466e-51 2.85404e-51 1.50938e-51 8.95005e-52 
1.39089e-51 1.73618e-51 2.93883e-51 5.57722e-51 1.09112e-50 2.14655e-50 4.2187e-50 8.269e-50 1.61571e-49 3.14659e-49 6.10734e-49 1.18133e-48 2.27704e-48 4.3735e-48 8.36987e-48 1.59593e-47 3.03172e-47 5.73744e-47 1.08161e-46 2.03107e-46 3.7988e-46 7.07634e-46 1.31275e-45 2.42515e-45 4.46114e-45 8.17096e-45 1.49001e-44 2.70495e-44 4.88827e-44 8.79307e-44 1.57428e-43 2.80508e-43 4.97387e-43 8.77595e-43 1.54067e-42 2.69092e-42 4.67554e-42 8.08099e-42 1.38918e-41 2.37508e-41 4.03812e-41 6.82688e-41 1.14754e-40 1.91765e-40 3.18558e-40 5.25993e-40 8.63178e-40 1.40769e-39 2.28113e-39 3.67274e-39 5.87457e-39 9.33392e-39 1.47301e-38 2.30863e-38 3.59302e-38 5.55233e-38 8.51826e-38 1.29729e-37 1.96103e-37 2.942e-37 4.37986e-37 6.46975e-37 9.48142e-37 1.37837e-36 1.98754e-36 2.84231e-36 4.03069e-36 5.66748e-36 7.90047e-36 1.09173e-35 1.4953e-35 2.02975e-35 2.73027e-35 3.63889e-35 4.80491e-35 6.285e-35 8.14295e-35 1.04489e-34 1.32776e-34 1.67068e-34 2.08134e-34 2.567e-34 3.13404e-34 3.78737e-34 4.52989e-34 5.3619e-34 6.28051e-34 7.27921e-34 8.34749e-34 9.47066e-34 1.06299e-33 1.18027e-33 1.29632e-33 1.40831e-33 1.5133e-33 1.60833e-33 1.69057e-33 1.75748e-33 1.80692e-33 1.83726e-33 1.84748e-33 1.83726e-33 1.80692e-33 1.75748e-33 1.69057e-33 1.60833e-33 1.5133e-33 1.40831e-33 1.29632e-33 1.18027e-33 1.06299e-33 9.47066e-34 8.34749e-34 7.27921e-34 6.28051e-34 5.3619e-34 4.52989e-34 3.78737e-34 3.13404e-34 2.567e-34 2.08134e-34 1.67068e-34 1.32776e-34 1.04489e-34 8.14295e-35 6.285e-35 4.80491e-35 3.63889e-35 2.73027e-35 2.02975e-35 1.4953e-35 1.09173e-35 7.90047e-36 5.66748e-36 4.03069e-36 2.84231e-36 1.98754e-36 1.37837e-36 9.48142e-37 6.46975e-37 4.37986e-37 2.942e-37 1.96103e-37 1.29729e-37 8.51826e-38 5.55233e-38 3.59302e-38 2.30863e-38 1.47301e-38 9.33392e-39 5.87457e-39 3.67274e-39 2.28113e-39 1.40769e-39 8.63178e-40 5.25993e-40 3.18558e-40 1.91765e-40 1.14754e-40 6.82688e-41 4.03812e-41 2.37508e-41 1.38918e-41 8.08099e-42 4.67554e-42 2.69092e-42 1.54067e-42 8.77595e-43 4.97387e-43 2.80508e-43 1.57428e-43 8.79307e-44 4.88827e-44 2.70495e-44 1.49001e-44 8.17096e-45 4.46114e-45 2.42515e-45 1.31275e-45 7.07634e-46 3.7988e-46 2.03107e-46 1.08161e-46 5.73744e-47 3.03172e-47 1.59593e-47 8.36987e-48 4.3735e-48 2.27704e-48 1.18133e-48 6.10734e-49 3.14659e-49 1.61571e-49 8.269e-50 4.2187e-50 2.14655e-50 1.09112e-50 5.57722e-51 2.93883e-51 1.73618e-51 
2.69074e-51 3.36507e-51 5.71693e-51 1.08886e-50 2.13744e-50 4.2187e-50 8.31807e-50 1.6357e-49 3.20647e-49 6.26504e-49 1.22001e-48 2.36763e-48 4.57884e-48 8.82389e-48 1.69435e-47 3.2416e-47 6.17876e-47 1.17328e-46 2.21941e-46 4.18191e-46 7.84852e-46 1.46706e-45 2.73102e-45 5.06277e-45 9.34563e-45 1.71773e-44 3.14334e-44 5.72652e-44 1.03853e-43 1.87473e-43 3.36836e-43 6.02317e-43 1.07182e-42 1.89788e-42 3.34376e-42 5.8611e-42 1.02203e-41 1.77278e-41 3.05849e-41 5.24788e-41 8.95453e-41 1.5193e-40 2.56297e-40 4.29836e-40 7.16596e-40 1.18746e-39 1.95563e-39 3.20063e-39 5.205e-39 8.40998e-39 1.34993e-38 2.1524e-38 3.40863e-38 5.36089e-38 8.37226e-38 1.29822e-37 1.9985e-37 3.05394e-37 4.63196e-37 6.97217e-37 1.0414e-36 1.54334e-36 2.26907e-36 3.30921e-36 4.78674e-36 6.8666e-36 9.76738e-36 1.37751e-35 1.92594e-35 2.66911e-35 3.6662e-35 4.99046e-35 6.73114e-35 8.99517e-35 1.19084e-34 1.5616e-34 2.02822e-34 2.60876e-34 3.32267e-34 4.1901e-34 5.23122e-34 6.46516e-34 7.90881e-34 9.57545e-34 1.14732e-33 1.36034e-33 1.59593e-33 1.85246e-33 2.12728e-33 2.41661e-33 2.71562e-33 3.01847e-33 3.31845e-33 3.60822e-33 3.88009e-33 4.12634e-33 4.33959e-33 4.51317e-33 4.64146e-33 4.7202e-33 4.74675e-33 4.7202e-33 4.64146e-33 4.51317e-33 4.33959e-33 4.12634e-33 3.88009e-33 3.60822e-33 3.31845e-33 3.01847e-33 2.71562e-33 2.41661e-33 2.12728e-33 1.85246e-33 1.59593e-33 1.36034e-33 1.14732e-33 9.57545e-34 7.90881e-34 6.46516e-34 5.23122e-34 4.1901e-34 3.32267e-34 2.60876e-34 2.02822e-34 1.5616e-34 1.19084e-34 8.99517e-35 6.73114e-35 4.99046e-35 3.6662e-35 2.66911e-35 1.92594e-35 1.37751e-35 9.76738e-36 6.8666e-36 4.78674e-36 3.30921e-36 2.26907e-36 1.54334e-36 1.0414e-36 6.97217e-37 4.63196e-37 3.05394e-37 1.9985e-37 1.29822e-37 8.37226e-38 5.36089e-38 3.40863e-38 2.1524e-38 1.34993e-38 8.40998e-39 5.205e-39 3.20063e-39 1.95563e-39 1.18746e-39 7.16596e-40 4.29836e-40 2.56297e-40 1.5193e-40 8.95453e-41 5.24788e-41 3.05849e-41 1.77278e-41 1.02203e-41 5.8611e-42 3.34376e-42 1.89788e-42 1.07182e-42 6.02317e-43 3.36836e-43 1.87473e-43 1.03853e-43 5.72652e-44 3.14334e-44 1.71773e-44 9.34563e-45 5.06277e-45 2.73102e-45 1.46706e-45 7.84852e-46 4.18191e-46 2.21941e-46 1.17328e-46 6.17876e-47 3.2416e-47 1.69435e-47 8.82389e-48 4.57884e-48 2.36763e-48 1.22001e-48 6.26504e-49 3.20647e-49 1.6357e-49 8.31807e-50 4.2187e-50 2.13744e-50 1.08886e-50 5.71693e-51 3.36507e-51 
5.19143e-51 6.50474e-51 1.10915e-50 2.12015e-50 4.17589e-50 8.269e-50 1.6357e-49 3.22697e-49 6.34647e-49 1.24409e-48 2.43063e-48 4.73268e-48 9.18314e-48 1.77561e-47 3.42096e-47 6.56704e-47 1.25598e-46 2.39311e-46 4.54237e-46 8.58838e-46 1.61742e-45 3.03379e-45 5.66725e-45 1.05427e-44 1.95296e-44 3.60217e-44 6.61507e-44 1.2094e-43 2.20109e-43 3.98752e-43 7.19008e-43 1.29031e-42 2.30433e-42 4.095e-42 7.24072e-42 1.27377e-41 2.22919e-41 3.88065e-41 6.71936e-41 1.15711e-40 1.98156e-40 3.37427e-40 5.71284e-40 9.6157e-40 1.60887e-39 2.67566e-39 4.42247e-39 7.26399e-39 1.18554e-38 1.9224e-38 3.09676e-38 4.95518e-38 7.87503e-38 1.2429e-37 1.94787e-37 3.03093e-37 4.68201e-37 7.17921e-37 1.09259e-36 1.65016e-36 2.47301e-36 3.6771e-36 5.42392e-36 7.93587e-36 1.15159e-35 1.65717e-35 2.36456e-35 3.34499e-35 4.6908e-35 6.52007e-35 8.98173e-35 1.22607e-34 1.65832e-34 2.22211e-34 2.94956e-34 3.87785e-34 5.04916e-34 6.51017e-34 8.31118e-34 1.05047e-33 1.31434e-33 1.62777e-33 1.99524e-33 2.42032e-33 2.90526e-33 3.45061e-33 4.05477e-33 4.71371e-33 5.42067e-33 6.16601e-33 6.93729e-33 7.71937e-33 8.49488e-33 9.24471e-33 9.94882e-33 1.0587e-32 1.114e-32 1.15904e-32 1.19234e-32 1.21278e-32 1.21967e-32 1.21278e-32 1.19234e-32 1.15904e-32 1.114e-32 1.0587e-32 9.94882e-33 9.24471e-33 8.49488e-33 7.71937e-33 6.93729e-33 6.16601e-33 5.42067e-33 4.71371e-33 4.05477e-33 3.45061e-33 2.90526e-33 2.42032e-33 1.99524e-33 1.62777e-33 1.31434e-33 1.05047e-33 8.31118e-34 6.51017e-34 5.04916e-34 3.87785e-34 2.94956e-34 2.22211e-34 1.65832e-34 1.22607e-34 8.98173e-35 6.52007e-35 4.6908e-35 3.34499e-35 2.36456e-35 1.65717e-35 1.15159e-35 7.93587e-36 5.42392e-36 3.6771e-36 2.47301e-36 1.65016e-36 1.09259e-36 7.17921e-37 4.68201e-37 3.03093e-37 1.94787e-37 1.2429e-37 7.87503e-38 4.95518e-38 3.09676e-38 1.9224e-38 1.18554e-38 7.26399e-39 4.42247e-39 2.67566e-39 1.60887e-39 9.6157e-40 5.71284e-40 3.37427e-40 1.98156e-40 1.15711e-40 6.71936e-41 3.88065e-41 2.22919e-41 1.27377e-41 7.24072e-42 4.095e-42 2.30433e-42 1.29031e-42 7.19008e-43 3.98752e-43 2.20109e-43 1.2094e-43 6.61507e-44 3.60217e-44 1.95296e-44 1.05427e-44 5.66725e-45 3.03379e-45 1.61742e-45 8.58838e-46 4.54237e-46 2.39311e-46 1.25598e-46 6.56704e-47 3.42096e-47 1.77561e-47 9.18314e-48 4.73268e-48 2.43063e-48 1.24409e-48 6.34647e-49 3.22697e-49 1.6357e-49 8.269e-50 4.17589e-50 2.12015e-50 1.10915e-50 6.50474e-51 
9.98418e-51 1.25337e-50 2.14505e-50 4.11514e-50 8.13272e-50 1.61571e-49 3.20647e-49 6.34647e-49 1.25225e-48 2.46285e-48 4.8277e-48 9.43131e-48 1.83615e-47 3.56223e-47 6.88635e-47 1.32643e-46 2.54552e-46 4.86681e-46 9.26951e-46 1.75868e-45 3.32357e-45 6.25579e-45 1.17271e-44 2.18925e-44 4.06975e-44 7.53315e-44 1.38832e-43 2.54726e-43 4.65258e-43 8.45898e-43 1.53077e-42 2.757e-42 4.9415e-42 8.81336e-42 1.56404e-41 2.76145e-41 4.85036e-41 8.47455e-41 1.47274e-40 2.54543e-40 4.37503e-40 7.47726e-40 1.27058e-39 2.14645e-39 3.60452e-39 6.01648e-39 9.98063e-39 1.64531e-38 2.69504e-38 4.38595e-38 7.09078e-38 1.13869e-37 1.81616e-37 2.87664e-37 4.52427e-37 7.06472e-37 1.09514e-36 1.6851e-36 2.57339e-36 3.89995e-36 5.86451e-36 8.74924e-36 1.29485e-35 1.90076e-35 2.76719e-35 3.99482e-35 5.71809e-35 8.11418e-35 1.14136e-34 1.59123e-34 2.19846e-34 3.00972e-34 4.0823e-34 5.48529e-34 7.3006e-34 9.62344e-34 1.25621e-33 1.62371e-33 2.07786e-33 2.63231e-33 3.30086e-33 4.09673e-33 5.03184e-33 6.11576e-33 7.35476e-33 8.75065e-33 1.02998e-32 1.19922e-32 1.38107e-32 1.57307e-32 1.77201e-32 1.97399e-32 2.17448e-32 2.36852e-32 2.55089e-32 2.71631e-32 2.85974e-32 2.9766e-32 3.06303e-32 3.1161e-32 3.134e-32 3.1161e-32 3.06303e-32 2.9766e-32 2.85974e-32 2.71631e-32 2.55089e-32 2.36852e-32 2.17448e-32 1.97399e-32 1.77201e-32 1.57307e-32 1.38107e-32 1.19922e-32 1.02998e-32 8.75065e-33 7.35476e-33 6.11576e-33 5.03184e-33 4.09673e-33 3.30086e-33 2.63231e-33 2.07786e-33 1.62371e-33 1.25621e-33 9.62344e-34 7.3006e-34 5.48529e-34 4.0823e-34 3.00972e-34 2.19846e-34 1.59123e-34 1.14136e-34 8.11418e-35 5.71809e-35 3.99482e-35 2.76719e-35 1.90076e-35 1.29485e-35 8.74924e-36 5.86451e-36 3.89995e-36 2.57339e-36 1.6851e-36 1.09514e-36 7.06472e-37 4.52427e-37 2.87664e-37 1.81616e-37 1.13869e-37 7.09078e-38 4.38595e-38 2.69504e-38 1.64531e-38 9.98063e-39 6.01648e-39 3.60452e-39 2.14645e-39 1.27058e-39 7.47726e-40 4.37503e-40 2.54543e-40 1.47274e-40 8.47455e-41 4.85036e-41 2.76145e-41 1.56404e-41 8.81336e-42 4.9415e-42 2.757e-42 1.53077e-42 8.45898e-43 4.65258e-43 2.54726e-43 1.38832e-43 7.53315e-44 4.06975e-44 2.18925e-44 1.17271e-44 6.25579e-45 3.32357e-45 1.75868e-45 9.26951e-46 4.86681e-46 2.54552e-46 1.32643e-46 6.88635e-47 3.56223e-47 1.83615e-47 9.43131e-48 4.8277e-48 2.46285e-48 1.25225e-48 6.34647e-49 3.20647e-49 1.61571e-49 8.13272e-50 4.11514e-50 2.14505e-50 1.25337e-50 
1.9137e-50 2.40699e-50 4.13463e-50 7.96085e-50 1.57864e-49 3.14659e-49 6.26504e-49 1.24409e-48 2.46285e-48 4.85983e-48 9.558e-48 1.87349e-47 3.6597e-47 7.12404e-47 1.38187e-46 2.67082e-46 5.14313e-46 9.86715e-46 1.88585e-45 3.59045e-45 6.80903e-45 1.28614e-44 2.4195e-44 4.53281e-44 8.45638e-44 1.57088e-43 2.90544e-43 5.35002e-43 9.80715e-43 1.78953e-42 3.25018e-42 5.87507e-42 1.05687e-41 1.89187e-41 3.36969e-41 5.97139e-41 1.05271e-40 1.84609e-40 3.22007e-40 5.58605e-40 9.63673e-40 1.65309e-39 2.81945e-39 4.78065e-39 8.05785e-39 1.34995e-38 2.24768e-38 3.71897e-38 6.11415e-38 9.98678e-38 1.62047e-37 2.61178e-37 4.18079e-37 6.64596e-37 1.04901e-36 1.64391e-36 2.55739e-36 3.94897e-36 6.0518e-36 9.20335e-36 1.38871e-35 2.07889e-35 3.08707e-35 4.54676e-35 6.64116e-35 9.61868e-35 1.38122e-34 1.96619e-34 2.7743e-34 3.87961e-34 5.37619e-34 7.38172e-34 1.00412e-33 1.353e-33 1.8057e-33 2.38658e-33 3.12345e-33 4.04735e-33 5.19201e-33 6.59292e-33 8.28609e-33 1.03064e-32 1.26852e-32 1.54485e-32 1.86133e-32 2.21857e-32 2.61574e-32 3.05036e-32 3.5181e-32 4.01268e-32 4.52582e-32 5.04742e-32 5.56577e-32 6.06796e-32 6.54033e-32 6.96913e-32 7.34115e-32 7.64441e-32 7.86879e-32 8.00662e-32 8.05311e-32 8.00662e-32 7.86879e-32 7.64441e-32 7.34115e-32 6.96913e-32 6.54033e-32 6.06796e-32 5.56577e-32 5.04742e-32 4.52582e-32 4.01268e-32 3.5181e-32 3.05036e-32 2.61574e-32 2.21857e-32 1.86133e-32 1.54485e-32 1.26852e-32 1.03064e-32 8.28609e-33 6.59292e-33 5.19201e-33 4.04735e-33 3.12345e-33 2.38658e-33 1.8057e-33 1.353e-33 1.00412e-33 7.38172e-34 5.37619e-34 3.87961e-34 2.7743e-34 1.96619e-34 1.38122e-34 9.61868e-35 6.64116e-35 4.54676e-35 3.08707e-35 2.07889e-35 1.38871e-35 9.20335e-36 6.0518e-36 3.94897e-36 2.55739e-36 1.64391e-36 1.04901e-36 6.64596e-37 4.18079e-37 2.61178e-37 1.62047e-37 9.98678e-38 6.11415e-38 3.71897e-38 2.24768e-38 1.34995e-38 8.05785e-39 4.78065e-39 2.81945e-39 1.65309e-39 9.63673e-40 5.58605e-40 3.22007e-40 1.84609e-40 1.05271e-40 5.97139e-41 3.36969e-41 1.89187e-41 1.05687e-41 5.87507e-42 3.25018e-42 1.78953e-42 9.80715e-43 5.35002e-43 2.90544e-43 1.57088e-43 8.45638e-44 4.53281e-44 2.4195e-44 1.28614e-44 6.80903e-45 3.59045e-45 1.88585e-45 9.86715e-46 5.14313e-46 2.67082e-46 1.38187e-46 7.12404e-47 3.6597e-47 1.87349e-47 9.558e-48 4.85983e-48 2.46285e-48 1.24409e-48 6.26504e-49 3.14659e-49 1.57864e-49 7.96085e-50 4.13463e-50 2.40699e-50 
3.6554e-50 4.60655e-50 7.9424e-50 1.53481e-49 3.05393e-49 6.10734e-49 1.22001e-48 2.43063e-48 4.8277e-48 9.558e-48 1.8861e-47 3.70944e-47 7.27061e-47 1.42013e-46 2.7641e-46 5.36069e-46 1.03587e-45 1.99423e-45 3.82477e-45 7.30748e-45 1.3907e-44 2.63615e-44 4.9768e-44 9.35712e-44 1.75192e-43 3.26614e-43 6.06277e-43 1.12044e-42 2.06137e-42 3.77517e-42 6.88169e-42 1.24852e-41 2.25425e-41 4.05021e-41 7.24074e-41 1.28789e-40 2.27891e-40 4.01133e-40 7.02295e-40 1.22287e-39 2.11752e-39 3.64602e-39 6.2418e-39 1.06232e-38 1.79727e-38 3.02227e-38 5.05091e-38 8.38836e-38 1.38422e-37 2.26937e-37 3.69598e-37 5.97897e-37 9.60604e-37 1.53261e-36 2.42794e-36 3.81864e-36 5.962e-36 9.23914e-36 1.42094e-35 2.16854e-35 3.28361e-35 4.93257e-35 7.3498e-35 1.08618e-34 1.59184e-34 2.31316e-34 3.33247e-34 4.75911e-34 6.73635e-34 9.44947e-34 1.31346e-33 1.80883e-33 2.46771e-33 3.33464e-33 4.46281e-33 5.91449e-33 7.7611e-33 1.00826e-32 1.29662e-32 1.65043e-32 2.07908e-32 2.59173e-32 3.19672e-32 3.90097e-32 4.70921e-32 5.62329e-32 6.6414e-32 7.75743e-32 8.96043e-32 1.02343e-31 1.15579e-31 1.29049e-31 1.42451e-31 1.55448e-31 1.67685e-31 1.78801e-31 1.88452e-31 1.96322e-31 2.02148e-31 2.05728e-31 2.06935e-31 2.05728e-31 2.02148e-31 1.96322e-31 1.88452e-31 1.78801e-31 1.67685e-31 1.55448e-31 1.42451e-31 1.29049e-31 1.15579e-31 1.02343e-31 8.96043e-32 7.75743e-32 6.6414e-32 5.62329e-32 4.70921e-32 3.90097e-32 3.19672e-32 2.59173e-32 2.07908e-32 1.65043e-32 1.29662e-32 1.00826e-32 7.7611e-33 5.91449e-33 4.46281e-33 3.33464e-33 2.46771e-33 1.80883e-33 1.31346e-33 9.44947e-34 6.73635e-34 4.75911e-34 3.33247e-34 2.31316e-34 1.59184e-34 1.08618e-34 7.3498e-35 4.93257e-35 3.28361e-35 2.16854e-35 1.42094e-35 9.23914e-36 5.962e-36 3.81864e-36 2.42794e-36 1.53261e-36 9.60604e-37 5.97897e-37 3.69598e-37 2.26937e-37 1.38422e-37 8.38836e-38 5.05091e-38 3.02227e-38 1.79727e-38 1.06232e-38 6.2418e-39 3.64602e-39 2.11752e-39 1.22287e-39 7.02295e-40 4.01133e-40 2.27891e-40 1.28789e-40 7.24074e-41 4.05021e-41 2.25425e-41 1.24852e-41 6.88169e-42 3.77517e-42 2.06137e-42 1.12044e-42 6.06277e-43 3.26614e-43 1.75192e-43 9.35712e-44 4.9768e-44 2.63615e-44 1.3907e-44 7.30748e-45 3.82477e-45 1.99423e-45 1.03587e-45 5.36069e-46 2.7641e-46 1.42013e-46 7.27061e-47 3.70944e-47 1.8861e-47 9.558e-48 4.8277e-48 2.43063e-48 1.22001e-48 6.10734e-49 3.05393e-49 1.53481e-49 7.9424e-50 4.60655e-50 
6.95778e-50 8.7853e-50 1.52039e-49 2.94881e-49 5.88756e-49 1.18133e-48 2.36763e-48 4.73268e-48 9.43131e-48 1.87349e-47 3.70944e-47 7.32014e-47 1.43965e-46 2.82163e-46 5.51084e-46 1.07247e-45 2.07959e-45 4.01759e-45 7.73252e-45 1.48257e-44 2.83152e-44 5.38647e-44 1.02056e-43 1.92571e-43 3.61853e-43 6.77059e-43 1.26137e-42 2.33964e-42 4.32025e-42 7.94122e-42 1.45295e-41 2.64582e-41 4.79491e-41 8.64717e-41 1.55168e-40 2.77029e-40 4.92044e-40 8.69356e-40 1.52779e-39 2.67032e-39 4.64142e-39 8.02202e-39 1.37853e-38 2.35508e-38 3.99948e-38 6.75096e-38 1.13251e-37 1.88794e-37 3.12717e-37 5.14617e-37 8.41271e-37 1.36601e-36 2.20288e-36 3.52768e-36 5.60918e-36 8.85453e-36 1.3875e-35 2.158e-35 3.33089e-35 5.10158e-35 7.75228e-35 1.16863e-34 1.7474e-34 2.59128e-34 3.81054e-34 5.55588e-34 8.03069e-34 1.15061e-33 1.63389e-33 2.29921e-33 3.20579e-33 4.4283e-33 6.05934e-33 8.21191e-33 1.10214e-32 1.4647e-32 1.92718e-32 2.51018e-32 3.23627e-32 4.12941e-32 5.21416e-32 6.51456e-32 8.0527e-32 9.84707e-32 1.19107e-31 1.42492e-31 1.68586e-31 1.9724e-31 2.28178e-31 2.60989e-31 2.95127e-31 3.29916e-31 3.64568e-31 3.98207e-31 4.29907e-31 4.58728e-31 4.83765e-31 5.04195e-31 5.19323e-31 5.28621e-31 5.31758e-31 5.28621e-31 5.19323e-31 5.04195e-31 4.83765e-31 4.58728e-31 4.29907e-31 3.98207e-31 3.64568e-31 3.29916e-31 2.95127e-31 2.60989e-31 2.28178e-31 1.9724e-31 1.68586e-31 1.42492e-31 1.19107e-31 9.84707e-32 8.0527e-32 6.51456e-32 5.21416e-32 4.12941e-32 3.23627e-32 2.51018e-32 1.92718e-32 1.4647e-32 1.10214e-32 8.21191e-33 6.05934e-33 4.4283e-33 3.20579e-33 2.29921e-33 1.63389e-33 1.15061e-33 8.03069e-34 5.55588e-34 3.81054e-34 2.59128e-34 1.7474e-34 1.16863e-34 7.75228e-35 5.10158e-35 3.33089e-35 2.158e-35 1.3875e-35 8.85453e-36 5.60918e-36 3.52768e-36 2.20288e-36 1.36601e-36 8.41271e-37 5.14617e-37 3.12717e-37 1.88794e-37 1.13251e-37 6.75096e-38 3.99948e-38 2.35508e-38 1.37853e-38 8.02202e-39 4.64142e-39 2.67032e-39 1.52779e-39 8.69356e-40 4.92044e-40 2.77029e-40 1.55168e-40 8.64717e-41 4.79491e-41 2.64582e-41 1.45295e-41 7.94122e-42 4.32025e-42 2.33964e-42 1.26137e-42 6.77059e-43 3.61853e-43 1.92571e-43 1.02056e-43 5.38647e-44 2.83152e-44 1.48257e-44 7.73252e-45 4.01759e-45 2.07959e-45 1.07247e-45 5.51084e-46 2.82163e-46 1.43965e-46 7.32014e-47 3.70944e-47 1.87349e-47 9.43131e-48 4.73268e-48 2.36763e-48 1.18133e-48 5.88756e-49 2.94881e-49 1.52039e-49 8.7853e-50 
1.31964e-49 1.66953e-49 2.90016e-49 5.64556e-49 1.13106e-48 2.27704e-48 4.57884e-48 9.18314e-48 1.83615e-47 3.6597e-47 7.27061e-47 1.43965e-46 2.84107e-46 5.5875e-46 1.09506e-45 2.13854e-45 4.16128e-45 8.06754e-45 1.55823e-44 2.99825e-44 5.74676e-44 1.09715e-43 2.08624e-43 3.95085e-43 7.45093e-43 1.39924e-42 2.61639e-42 4.87089e-42 9.02763e-42 1.66558e-41 3.05876e-41 5.59087e-41 1.01702e-40 1.84101e-40 3.31606e-40 5.94276e-40 1.05953e-39 1.87913e-39 3.31495e-39 5.81608e-39 1.01479e-38 1.76063e-38 3.03712e-38 5.20848e-38 8.87914e-38 1.5045e-37 2.53356e-37 4.23969e-37 7.04942e-37 1.1645e-36 1.91091e-36 3.1146e-36 5.0417e-36 8.10418e-36 1.29343e-35 2.04941e-35 3.22334e-35 5.03179e-35 7.79507e-35 1.19823e-34 1.82739e-34 2.76458e-34 4.14838e-34 6.17333e-34 9.10949e-34 1.33273e-33 1.93288e-33 2.77859e-33 3.95857e-33 5.58842e-33 7.81657e-33 1.08308e-32 1.48651e-32 2.02056e-32 2.7197e-32 3.62457e-32 4.78213e-32 6.24541e-32 8.07271e-32 1.03263e-31 1.30703e-31 1.63677e-31 2.02769e-31 2.48476e-31 3.01153e-31 3.60965e-31 4.27835e-31 5.01397e-31 5.80954e-31 6.65459e-31 7.53508e-31 8.43353e-31 9.32951e-31 1.02002e-30 1.10215e-30 1.17688e-30 1.24184e-30 1.29488e-30 1.33417e-30 1.35832e-30 1.36647e-30 1.35832e-30 1.33417e-30 1.29488e-30 1.24184e-30 1.17688e-30 1.10215e-30 1.02002e-30 9.32951e-31 8.43353e-31 7.53508e-31 6.65459e-31 5.80954e-31 5.01397e-31 4.27835e-31 3.60965e-31 3.01153e-31 2.48476e-31 2.02769e-31 1.63677e-31 1.30703e-31 1.03263e-31 8.07271e-32 6.24541e-32 4.78213e-32 3.62457e-32 2.7197e-32 2.02056e-32 1.48651e-32 1.08308e-32 7.81657e-33 5.58842e-33 3.95857e-33 2.77859e-33 1.93288e-33 1.33273e-33 9.10949e-34 6.17333e-34 4.14838e-34 2.76458e-34 1.82739e-34 1.19823e-34 7.79507e-35 5.03179e-35 3.22334e-35 2.04941e-35 1.29343e-35 8.10418e-36 5.0417e-36 3.1146e-36 1.91091e-36 1.1645e-36 7.04942e-37 4.23969e-37 2.53356e-37 1.5045e-37 8.87914e-38 5.20848e-38 3.03712e-38 1.76063e-38 1.01479e-38 5.81608e-39 3.31495e-39 1.87913e-39 1.05953e-39 5.94276e-40 3.31606e-40 1.84101e-40 1.01702e-40 5.59087e-41 3.05876e-41 1.66558e-41 9.02763e-42 4.87089e-42 2.61639e-42 1.39924e-42 7.45093e-43 3.95085e-43 2.08624e-43 1.09715e-43 5.74676e-44 2.99825e-44 1.55823e-44 8.06754e-45 4.16128e-45 2.13854e-45 1.09506e-45 5.5875e-46 2.84107e-46 1.43965e-46 7.27061e-47 3.6597e-47 1.83615e-47 9.18314e-48 4.57884e-48 2.27704e-48 1.13106e-48 5.64556e-49 2.90016e-49 1.66953e-49 
2.49382e-49 3.16126e-49 5.51224e-49 1.07699e-48 2.16516e-48 4.3735e-48 8.82389e-48 1.77561e-47 3.56223e-47 7.12404e-47 1.42013e-46 2.82163e-46 5.5875e-46 1.10269e-45 2.16863e-45 4.24996e-45 8.29895e-45 1.61463e-44 3.12975e-44 6.04365e-44 1.16256e-43 2.22755e-43 4.25112e-43 8.08004e-43 1.52941e-42 2.88274e-42 5.41032e-42 1.01098e-41 1.88073e-41 3.48293e-41 6.42033e-41 1.17796e-40 2.15091e-40 3.90839e-40 7.06672e-40 1.27128e-39 2.27525e-39 4.05079e-39 7.17348e-39 1.26345e-38 2.21298e-38 3.85431e-38 6.67451e-38 1.14908e-37 1.96648e-37 3.34498e-37 5.65471e-37 9.4993e-37 1.58558e-36 2.62934e-36 4.33129e-36 7.08675e-36 1.15155e-35 1.8581e-35 2.97682e-35 4.73454e-35 7.47461e-35 1.17119e-34 1.82111e-34 2.8097e-34 4.30068e-34 6.52994e-34 9.83372e-34 1.4686e-33 2.17472e-33 3.19271e-33 4.64633e-33 6.70186e-33 9.57974e-33 1.35683e-32 1.90391e-32 2.64644e-32 3.6434e-32 4.96734e-32 6.70583e-32 8.96263e-32 1.18581e-31 1.55286e-31 2.01248e-31 2.58083e-31 3.27463e-31 4.11043e-31 5.10368e-31 6.2676e-31 7.61191e-31 9.14145e-31 1.08548e-30 1.27431e-30 1.47887e-30 1.6965e-30 1.92359e-30 2.15563e-30 2.38731e-30 2.6127e-30 2.8255e-30 3.01928e-30 3.18785e-30 3.32555e-30 3.4276e-30 3.49036e-30 3.51153e-30 3.49036e-30 3.4276e-30 3.32555e-30 3.18785e-30 3.01928e-30 2.8255e-30 2.6127e-30 2.38731e-30 2.15563e-30 1.92359e-30 1.6965e-30 1.47887e-30 1.27431e-30 1.08548e-30 9.14145e-31 7.61191e-31 6.2676e-31 5.10368e-31 4.11043e-31 3.27463e-31 2.58083e-31 2.01248e-31 1.55286e-31 1.18581e-31 8.96263e-32 6.70583e-32 4.96734e-32 3.6434e-32 2.64644e-32 1.90391e-32 1.35683e-32 9.57974e-33 6.70186e-33 4.64633e-33 3.19271e-33 2.17472e-33 1.4686e-33 9.83372e-34 6.52994e-34 4.30068e-34 2.8097e-34 1.82111e-34 1.17119e-34 7.47461e-35 4.73454e-35 2.97682e-35 1.8581e-35 1.15155e-35 7.08675e-36 4.33129e-36 2.62934e-36 1.58558e-36 9.4993e-37 5.65471e-37 3.34498e-37 1.96648e-37 1.14908e-37 6.67451e-38 3.85431e-38 2.21298e-38 1.26345e-38 7.17348e-39 4.05079e-39 2.27525e-39 1.27128e-39 7.06672e-40 3.90839e-40 2.15091e-40 1.17796e-40 6.42033e-41 3.48293e-41 1.88073e-41 1.01098e-41 5.41032e-42 2.88274e-42 1.52941e-42 8.08004e-43 4.25112e-43 2.22755e-43 1.16256e-43 6.04365e-44 3.12975e-44 1.61463e-44 8.29895e-45 4.24996e-45 2.16863e-45 1.10269e-45 5.5875e-46 2.82163e-46 1.42013e-46 7.12404e-47 3.56223e-47 1.77561e-47 8.82389e-48 4.3735e-48 2.16516e-48 1.07699e-48 5.51224e-49 3.16126e-49 
4.69541e-49 5.96397e-49 1.04388e-48 2.04709e-48 4.12969e-48 8.36987e-48 1.69435e-47 3.42096e-47 6.88635e-47 1.38187e-46 2.7641e-46 5.51084e-46 1.09506e-45 2.16863e-45 4.27994e-45 8.41715e-45 1.64946e-44 3.22061e-44 6.26511e-44 1.21418e-43 2.34407e-43 4.50777e-43 8.63429e-43 1.64715e-42 3.12931e-42 5.92027e-42 1.11526e-41 2.09181e-41 3.90608e-41 7.26103e-41 1.34356e-40 2.47447e-40 4.53559e-40 8.27321e-40 1.50163e-39 2.71183e-39 4.87224e-39 8.70807e-39 1.5481e-38 2.73726e-38 4.81316e-38 8.41581e-38 1.46307e-37 2.52869e-37 4.34447e-37 7.4189e-37 1.25909e-36 2.12343e-36 3.5582e-36 5.92359e-36 9.79597e-36 1.60903e-35 2.62473e-35 4.25156e-35 6.8376e-35 1.09167e-34 1.73005e-34 2.7211e-34 4.24709e-34 6.57717e-34 1.01048e-33 1.53993e-33 2.32752e-33 3.48856e-33 5.18439e-33 7.63813e-33 1.11545e-32 1.61446e-32 2.31556e-32 3.29058e-32 4.6325e-32 6.45986e-32 8.92141e-32 1.22007e-31 1.65203e-31 2.21449e-31 2.93825e-31 3.85841e-31 5.01386e-31 6.44653e-31 8.2e-31 1.03177e-30 1.28404e-30 1.58034e-30 1.92332e-30 2.31438e-30 2.75331e-30 3.23794e-30 3.76389e-30 4.32434e-30 4.91003e-30 5.5093e-30 6.10838e-30 6.69185e-30 7.24325e-30 7.74581e-30 8.18328e-30 8.54085e-30 8.80596e-30 8.96902e-30 9.02405e-30 8.96902e-30 8.80596e-30 8.54085e-30 8.18328e-30 7.74581e-30 7.24325e-30 6.69185e-30 6.10838e-30 5.5093e-30 4.91003e-30 4.32434e-30 3.76389e-30 3.23794e-30 2.75331e-30 2.31438e-30 1.92332e-30 1.58034e-30 1.28404e-30 1.03177e-30 8.2e-31 6.44653e-31 5.01386e-31 3.85841e-31 2.93825e-31 2.21449e-31 1.65203e-31 1.22007e-31 8.92141e-32 6.45986e-32 4.6325e-32 3.29058e-32 2.31556e-32 1.61446e-32 1.11545e-32 7.63813e-33 5.18439e-33 3.48856e-33 2.32752e-33 1.53993e-33 1.01048e-33 6.57717e-34 4.24709e-34 2.7211e-34 1.73005e-34 1.09167e-34 6.8376e-35 4.25156e-35 2.62473e-35 1.60903e-35 9.79597e-36 5.92359e-36 3.5582e-36 2.12343e-36 1.25909e-36 7.4189e-37 4.34447e-37 2.52869e-37 1.46307e-37 8.41581e-38 4.81316e-38 2.73726e-38 1.5481e-38 8.70807e-39 4.87224e-39 2.71183e-39 1.50163e-39 8.27321e-40 4.53559e-40 2.47447e-40 1.34356e-40 7.26103e-41 3.90608e-41 2.09181e-41 1.11526e-41 5.92027e-42 3.12931e-42 1.64715e-42 8.63429e-43 4.50777e-43 2.34407e-43 1.21418e-43 6.26511e-44 3.22061e-44 1.64946e-44 8.41715e-45 4.27994e-45 2.16863e-45 1.09506e-45 5.51084e-46 2.7641e-46 1.38187e-46 6.88635e-47 3.42096e-47 1.69435e-47 8.36987e-48 4.12969e-48 2.04709e-48 1.04388e-48 5.96397e-49 
8.80762e-49 1.12096e-48 1.96951e-48 3.87666e-48 7.84774e-48 1.59593e-47 3.2416e-47 6.56704e-47 1.32643e-46 2.67082e-46 5.36069e-46 1.07247e-45 2.13854e-45 4.24996e-45 8.41715e-45 1.66123e-44 3.26704e-44 6.40188e-44 1.24986e-43 2.43103e-43 4.71044e-43 9.09168e-43 1.74787e-42 3.34675e-42 6.38198e-42 1.21191e-41 2.2916e-41 4.31443e-41 8.08703e-41 1.50904e-40 2.80298e-40 5.18217e-40 9.53536e-40 1.74605e-39 3.1815e-39 5.76794e-39 1.04036e-38 1.86671e-38 3.33164e-38 5.91404e-38 1.04402e-37 1.83269e-37 3.19872e-37 5.5504e-37 9.57381e-37 1.64138e-36 2.7967e-36 4.73529e-36 7.96634e-36 1.33146e-35 2.21058e-35 3.64531e-35 5.96979e-35 9.70789e-35 1.56738e-34 2.51219e-34 3.99667e-34 6.31037e-34 9.88694e-34 1.53695e-33 2.37021e-33 3.62563e-33 5.50029e-33 8.27433e-33 1.23413e-32 1.82477e-32 2.67431e-32 3.88425e-32 5.59023e-32 7.97109e-32 1.12592e-31 1.57519e-31 2.1824e-31 2.99397e-31 4.0664e-31 5.46714e-31 7.27508e-31 9.58037e-31 1.24834e-30 1.6093e-30 2.05225e-30 2.58859e-30 3.22909e-30 3.98316e-30 4.858e-30 5.85762e-30 6.98186e-30 8.22554e-30 9.57765e-30 1.10209e-29 1.25314e-29 1.40791e-29 1.56282e-29 1.71388e-29 1.85677e-29 1.98712e-29 2.10066e-29 2.19352e-29 2.2624e-29 2.30478e-29 2.31908e-29 2.30478e-29 2.2624e-29 2.19352e-29 2.10066e-29 1.98712e-29 1.85677e-29 1.71388e-29 1.56282e-29 1.40791e-29 1.25314e-29 1.10209e-29 9.57765e-30 8.22554e-30 6.98186e-30 5.85762e-30 4.858e-30 3.98316e-30 3.22909e-30 2.58859e-30 2.05225e-30 1.6093e-30 1.24834e-30 9.58037e-31 7.27508e-31 5.46714e-31 4.0664e-31 2.99397e-31 2.1824e-31 1.57519e-31 1.12592e-31 7.97109e-32 5.59023e-32 3.88425e-32 2.67431e-32 1.82477e-32 1.23413e-32 8.27433e-33 5.50029e-33 3.62563e-33 2.37021e-33 1.53695e-33 9.88694e-34 6.31037e-34 3.99667e-34 2.51219e-34 1.56738e-34 9.70789e-35 5.96979e-35 3.64531e-35 2.21058e-35 1.33146e-35 7.96634e-36 4.73529e-36 2.7967e-36 1.64138e-36 9.57381e-37 5.5504e-37 3.19872e-37 1.83269e-37 1.04402e-37 5.91404e-38 3.33164e-38 1.86671e-38 1.04036e-38 5.76794e-39 3.1815e-39 1.74605e-39 9.53536e-40 5.18217e-40 2.80298e-40 1.50904e-40 8.08703e-41 4.31443e-41 2.2916e-41 1.21191e-41 6.38198e-42 3.34675e-42 1.74787e-42 9.09168e-43 4.71044e-43 2.43103e-43 1.24986e-43 6.40188e-44 3.26704e-44 1.66123e-44 8.41715e-45 4.24996e-45 2.13854e-45 1.07247e-45 5.36069e-46 2.67082e-46 1.32643e-46 6.56704e-47 3.2416e-47 1.59593e-47 7.84774e-48 3.87666e-48 1.96951e-48 1.12096e-48 
