1.10238e-71 1.18414e-71 1.44029e-71 1.90467e-71 2.638e-71 3.73488e-71 5.33435e-71 7.63536e-71 1.09182e-70 1.5574e-70 2.21453e-70 3.13801e-70 4.43051e-70 6.23228e-70 8.73413e-70 1.21945e-69 1.69618e-69 2.3504e-69 3.24469e-69 4.46233e-69 6.11371e-69 8.34453e-69 1.13462e-68 1.53691e-68 2.07392e-68 2.78794e-68 3.73351e-68 4.98075e-68 6.61929e-68 8.76328e-68 1.15574e-67 1.5184e-67 1.98722e-67 2.59082e-67 3.3648e-67 4.35321e-67 5.61031e-67 7.2026e-67 9.21117e-67 1.17345e-66 1.48913e-66 1.88243e-66 2.37042e-66 2.97335e-66 3.7152e-66 4.62415e-66 5.73316e-66 7.08055e-66 8.71061e-66 1.06743e-65 1.30297e-65 1.5843e-65 1.91887e-65 2.31503e-65 2.78207e-65 3.33029e-65 3.97095e-65 4.71635e-65 5.57976e-65 6.57539e-65 7.71832e-65 9.02441e-65 1.05101e-64 1.21924e-64 1.40885e-64 1.62154e-64 1.85901e-64 2.12288e-64 2.41467e-64 2.73575e-64 3.08732e-64 3.47035e-64 3.88553e-64 4.33322e-64 4.81344e-64 5.32579e-64 5.8694e-64 6.44297e-64 7.04465e-64 7.67208e-64 8.32237e-64 8.9921e-64 9.67729e-64 1.03735e-63 1.10758e-63 1.17788e-63 1.24769e-63 1.31641e-63 1.3834e-63 1.44805e-63 1.50972e-63 1.56777e-63 1.62161e-63 1.67065e-63 1.71435e-63 1.75221e-63 1.78382e-63 1.8088e-63 1.82685e-63 1.83777e-63 1.84142e-63 1.83777e-63 1.82685e-63 1.8088e-63 1.78382e-63 1.75221e-63 1.71435e-63 1.67065e-63 1.62161e-63 1.56777e-63 1.50972e-63 1.44805e-63 1.3834e-63 1.31641e-63 1.24769e-63 1.17788e-63 1.10758e-63 1.03735e-63 9.67729e-64 8.9921e-64 8.32237e-64 7.67208e-64 7.04465e-64 6.44297e-64 5.8694e-64 5.32579e-64 4.81344e-64 4.33322e-64 3.88553e-64 3.47035e-64 3.08732e-64 2.73575e-64 2.41467e-64 2.12288e-64 1.85901e-64 1.62154e-64 1.40885e-64 1.21924e-64 1.05101e-64 9.02441e-65 7.71832e-65 6.57539e-65 5.57976e-65 4.71635e-65 3.97095e-65 3.33029e-65 2.78207e-65 2.31503e-65 1.91887e-65 1.5843e-65 1.30297e-65 1.06743e-65 8.71061e-66 7.08055e-66 5.73316e-66 4.62415e-66 3.7152e-66 2.97335e-66 2.37042e-66 1.88243e-66 1.48913e-66 1.17345e-66 9.21117e-67 7.2026e-67 5.61031e-67 4.35321e-67 3.3648e-67 2.59082e-67 1.98722e-67 1.5184e-67 1.15574e-67 8.76328e-68 6.61929e-68 4.98075e-68 3.73351e-68 2.78794e-68 2.07392e-68 1.53691e-68 1.13462e-68 8.34453e-69 6.11371e-69 4.46233e-69 3.24469e-69 2.3504e-69 1.69618e-69 1.21945e-69 8.73413e-70 6.23228e-70 4.43051e-70 3.13801e-70 2.21453e-70 1.5574e-70 1.09182e-70 7.63536e-71 5.33435e-71 3.73488e-71 2.638e-71 1.90467e-71 1.44029e-71 1.18414e-71 
1.18414e-71 1.27197e-71 1.54712e-71 2.04594e-71 2.83368e-71 4.01192e-71 5.73004e-71 8.20174e-71 1.17281e-70 1.67293e-70 2.3788e-70 3.37079e-70 4.75916e-70 6.69459e-70 9.38201e-70 1.3099e-69 1.822e-69 2.52475e-69 3.48537e-69 4.79332e-69 6.56719e-69 8.96346e-69 1.21878e-68 1.6509e-68 2.22774e-68 2.99471e-68 4.01042e-68 5.35014e-68 7.1102e-68 9.41318e-68 1.24144e-67 1.631e-67 2.13458e-67 2.78294e-67 3.61431e-67 4.67601e-67 6.02631e-67 7.73665e-67 9.89413e-67 1.26045e-66 1.59953e-66 2.02199e-66 2.54615e-66 3.19378e-66 3.99062e-66 4.96694e-66 6.15815e-66 7.60539e-66 9.35627e-66 1.14655e-65 1.39955e-65 1.70173e-65 2.06109e-65 2.4866e-65 2.98825e-65 3.57709e-65 4.26523e-65 5.06586e-65 5.99323e-65 7.06263e-65 8.29024e-65 9.69308e-65 1.12889e-64 1.30958e-64 1.51323e-64 1.74168e-64 1.99674e-64 2.28016e-64 2.59356e-64 2.93842e-64 3.31604e-64 3.72743e-64 4.17336e-64 4.65421e-64 5.17e-64 5.72028e-64 6.30416e-64 6.9202e-64 7.56644e-64 8.24034e-64 8.93879e-64 9.6581e-64 1.0394e-63 1.11418e-63 1.18961e-63 1.26512e-63 1.3401e-63 1.4139e-63 1.48586e-63 1.55529e-63 1.62152e-63 1.68388e-63 1.7417e-63 1.79437e-63 1.8413e-63 1.88198e-63 1.91592e-63 1.94275e-63 1.96214e-63 1.97387e-63 1.97779e-63 1.97387e-63 1.96214e-63 1.94275e-63 1.91592e-63 1.88198e-63 1.8413e-63 1.79437e-63 1.7417e-63 1.68388e-63 1.62152e-63 1.55529e-63 1.48586e-63 1.4139e-63 1.3401e-63 1.26512e-63 1.18961e-63 1.11418e-63 1.0394e-63 9.6581e-64 8.93879e-64 8.24034e-64 7.56644e-64 6.9202e-64 6.30416e-64 5.72028e-64 5.17e-64 4.65421e-64 4.17336e-64 3.72743e-64 3.31604e-64 2.93842e-64 2.59356e-64 2.28016e-64 1.99674e-64 1.74168e-64 1.51323e-64 1.30958e-64 1.12889e-64 9.69308e-65 8.29024e-65 7.06263e-65 5.99323e-65 5.06586e-65 4.26523e-65 3.57709e-65 2.98825e-65 2.4866e-65 2.06109e-65 1.70173e-65 1.39955e-65 1.14655e-65 9.35627e-66 7.60539e-66 6.15815e-66 4.96694e-66 3.99062e-66 3.19378e-66 2.54615e-66 2.02199e-66 1.59953e-66 1.26045e-66 9.89413e-67 7.73665e-67 6.02631e-67 4.67601e-67 3.61431e-67 2.78294e-67 2.13458e-67 1.631e-67 1.24144e-67 9.41318e-68 7.1102e-68 5.35014e-68 4.01042e-68 2.99471e-68 2.22774e-68 1.6509e-68 1.21878e-68 8.96346e-69 6.56719e-69 4.79332e-69 3.48537e-69 2.52475e-69 1.822e-69 1.3099e-69 9.38201e-70 6.69459e-70 4.75916e-70 3.37079e-70 2.3788e-70 1.67293e-70 1.17281e-70 8.20174e-71 5.73004e-71 4.01192e-71 2.83368e-71 2.04594e-71 1.54712e-71 1.27197e-71 
1.44029e-71 1.54712e-71 1.8818e-71 2.48853e-71 3.44669e-71 4.87983e-71 6.96966e-71 9.97609e-71 1.42653e-70 2.03485e-70 2.89344e-70 4.10003e-70 5.78876e-70 8.1429e-70 1.14117e-69 1.59328e-69 2.21616e-69 3.07094e-69 4.23936e-69 5.83025e-69 7.98784e-69 1.09025e-68 1.48242e-68 2.00801e-68 2.70963e-68 3.64249e-68 4.87788e-68 6.50737e-68 8.64809e-68 1.14491e-67 1.50995e-67 1.98375e-67 2.59624e-67 3.38481e-67 4.39595e-67 5.68723e-67 7.32951e-67 9.40967e-67 1.20336e-66 1.533e-66 1.94539e-66 2.45919e-66 3.09667e-66 3.8843e-66 4.85341e-66 6.04078e-66 7.48949e-66 9.24957e-66 1.13789e-65 1.3944e-65 1.70209e-65 2.06958e-65 2.5066e-65 3.02408e-65 3.63414e-65 4.35023e-65 5.18707e-65 6.16072e-65 7.28849e-65 8.58896e-65 1.00818e-64 1.17878e-64 1.37284e-64 1.59257e-64 1.84022e-64 2.11803e-64 2.42819e-64 2.77284e-64 3.15394e-64 3.5733e-64 4.03249e-64 4.53276e-64 5.07501e-64 5.65973e-64 6.28692e-64 6.95607e-64 7.66606e-64 8.41516e-64 9.20098e-64 1.00204e-63 1.08697e-63 1.17444e-63 1.26393e-63 1.35485e-63 1.44657e-63 1.53839e-63 1.62956e-63 1.7193e-63 1.8068e-63 1.89123e-63 1.97176e-63 2.04758e-63 2.11789e-63 2.18193e-63 2.239e-63 2.28846e-63 2.32973e-63 2.36235e-63 2.38593e-63 2.40019e-63 2.40496e-63 2.40019e-63 2.38593e-63 2.36235e-63 2.32973e-63 2.28846e-63 2.239e-63 2.18193e-63 2.11789e-63 2.04758e-63 1.97176e-63 1.89123e-63 1.8068e-63 1.7193e-63 1.62956e-63 1.53839e-63 1.44657e-63 1.35485e-63 1.26393e-63 1.17444e-63 1.08697e-63 1.00204e-63 9.20098e-64 8.41516e-64 7.66606e-64 6.95607e-64 6.28692e-64 5.65973e-64 5.07501e-64 4.53276e-64 4.03249e-64 3.5733e-64 3.15394e-64 2.77284e-64 2.42819e-64 2.11803e-64 1.84022e-64 1.59257e-64 1.37284e-64 1.17878e-64 1.00818e-64 8.58896e-65 7.28849e-65 6.16072e-65 5.18707e-65 4.35023e-65 3.63414e-65 3.02408e-65 2.5066e-65 2.06958e-65 1.70209e-65 1.3944e-65 1.13789e-65 9.24957e-66 7.48949e-66 6.04078e-66 4.85341e-66 3.8843e-66 3.09667e-66 2.45919e-66 1.94539e-66 1.533e-66 1.20336e-66 9.40967e-67 7.32951e-67 5.68723e-67 4.39595e-67 3.38481e-67 2.59624e-67 1.98375e-67 1.50995e-67 1.14491e-67 8.64809e-68 6.50737e-68 4.87788e-68 3.64249e-68 2.70963e-68 2.00801e-68 1.48242e-68 1.09025e-68 7.98784e-69 5.83025e-69 4.23936e-69 3.07094e-69 2.21616e-69 1.59328e-69 1.14117e-69 8.1429e-70 5.78876e-70 4.10003e-70 2.89344e-70 2.03485e-70 1.42653e-70 9.97609e-71 6.96966e-71 4.87983e-71 3.44669e-71 2.48853e-71 1.8818e-71 1.54712e-71 
1.90467e-71 2.04594e-71 2.48853e-71 3.29091e-71 4.55803e-71 6.45329e-71 9.21699e-71 1.31928e-70 1.88651e-70 2.69098e-70 3.82642e-70 5.42208e-70 7.65534e-70 1.07685e-69 1.50913e-69 2.10702e-69 2.93073e-69 4.06112e-69 5.60627e-69 7.71009e-69 1.05633e-68 1.44176e-68 1.96037e-68 2.65542e-68 3.58323e-68 4.81683e-68 6.45047e-68 8.60526e-68 1.14361e-67 1.514e-67 1.99671e-67 2.62323e-67 3.43314e-67 4.47588e-67 5.81293e-67 7.52039e-67 9.69196e-67 1.24425e-66 1.59121e-66 2.02708e-66 2.57237e-66 3.25174e-66 4.09464e-66 5.13607e-66 6.41744e-66 7.98741e-66 9.90289e-66 1.22301e-65 1.50454e-65 1.8437e-65 2.25051e-65 2.73639e-65 3.3142e-65 3.99837e-65 4.80496e-65 5.75172e-65 6.85812e-65 8.14538e-65 9.6364e-65 1.13557e-64 1.33294e-64 1.55848e-64 1.81504e-64 2.10554e-64 2.43294e-64 2.80022e-64 3.21027e-64 3.66589e-64 4.16972e-64 4.72412e-64 5.33117e-64 5.99252e-64 6.70937e-64 7.48236e-64 8.3115e-64 9.19609e-64 1.01347e-63 1.1125e-63 1.21638e-63 1.3247e-63 1.43698e-63 1.5526e-63 1.6709e-63 1.7911e-63 1.91235e-63 2.03372e-63 2.15424e-63 2.27287e-63 2.38853e-63 2.50014e-63 2.6066e-63 2.70683e-63 2.79977e-63 2.88443e-63 2.95987e-63 3.02524e-63 3.07981e-63 3.12292e-63 3.15409e-63 3.17294e-63 3.17925e-63 3.17294e-63 3.15409e-63 3.12292e-63 3.07981e-63 3.02524e-63 2.95987e-63 2.88443e-63 2.79977e-63 2.70683e-63 2.6066e-63 2.50014e-63 2.38853e-63 2.27287e-63 2.15424e-63 2.03372e-63 1.91235e-63 1.7911e-63 1.6709e-63 1.5526e-63 1.43698e-63 1.3247e-63 1.21638e-63 1.1125e-63 1.01347e-63 9.19609e-64 8.3115e-64 7.48236e-64 6.70937e-64 5.99252e-64 5.33117e-64 4.72412e-64 4.16972e-64 3.66589e-64 3.21027e-64 2.80022e-64 2.43294e-64 2.10554e-64 1.81504e-64 1.55848e-64 1.33294e-64 1.13557e-64 9.6364e-65 8.14538e-65 6.85812e-65 5.75172e-65 4.80496e-65 3.99837e-65 3.3142e-65 2.73639e-65 2.25051e-65 1.8437e-65 1.50454e-65 1.22301e-65 9.90289e-66 7.98741e-66 6.41744e-66 5.13607e-66 4.09464e-66 3.25174e-66 2.57237e-66 2.02708e-66 1.59121e-66 1.24425e-66 9.69196e-67 7.52039e-67 5.81293e-67 4.47588e-67 3.43314e-67 2.62323e-67 1.99671e-67 1.514e-67 1.14361e-67 8.60526e-68 6.45047e-68 4.81683e-68 3.58323e-68 2.65542e-68 1.96037e-68 1.44176e-68 1.05633e-68 7.71009e-69 5.60627e-69 4.06112e-69 2.93073e-69 2.10702e-69 1.50913e-69 1.07685e-69 7.65534e-70 5.42208e-70 3.82642e-70 2.69098e-70 1.88651e-70 1.31928e-70 9.21699e-71 6.45329e-71 4.55803e-71 3.29091e-71 2.48853e-71 2.04594e-71 
2.638e-71 2.83368e-71 3.44669e-71 4.55803e-71 6.31304e-71 8.93807e-71 1.27659e-70 1.82727e-70 2.61291e-70 3.72714e-70 5.29978e-70 7.50984e-70 1.0603e-69 1.49149e-69 2.09021e-69 2.91831e-69 4.05917e-69 5.62478e-69 7.76484e-69 1.06787e-68 1.46304e-68 1.99686e-68 2.71513e-68 3.67776e-68 4.96275e-68 6.67125e-68 8.93379e-68 1.19181e-67 1.58386e-67 2.09684e-67 2.76534e-67 3.63303e-67 4.75468e-67 6.19878e-67 8.05045e-67 1.04151e-66 1.34224e-66 1.72316e-66 2.20365e-66 2.80726e-66 3.5624e-66 4.5032e-66 5.67046e-66 7.11265e-66 8.88708e-66 1.10611e-65 1.37137e-65 1.69362e-65 2.08349e-65 2.55312e-65 3.11645e-65 3.78926e-65 4.58937e-65 5.53675e-65 6.65363e-65 7.96459e-65 9.4966e-65 1.1279e-64 1.33436e-64 1.57243e-64 1.84571e-64 2.158e-64 2.51324e-64 2.91547e-64 3.36879e-64 3.87732e-64 4.44507e-64 5.07592e-64 5.7735e-64 6.54111e-64 7.3816e-64 8.29728e-64 9.2898e-64 1.036e-63 1.1508e-63 1.27327e-63 1.40322e-63 1.54033e-63 1.68415e-63 1.83413e-63 1.98957e-63 2.14966e-63 2.31344e-63 2.47985e-63 2.64772e-63 2.81576e-63 2.98261e-63 3.14685e-63 3.30698e-63 3.4615e-63 3.60889e-63 3.74765e-63 3.87632e-63 3.99353e-63 4.09797e-63 4.18848e-63 4.26402e-63 4.32371e-63 4.36686e-63 4.39296e-63 4.40169e-63 4.39296e-63 4.36686e-63 4.32371e-63 4.26402e-63 4.18848e-63 4.09797e-63 3.99353e-63 3.87632e-63 3.74765e-63 3.60889e-63 3.4615e-63 3.30698e-63 3.14685e-63 2.98261e-63 2.81576e-63 2.64772e-63 2.47985e-63 2.31344e-63 2.14966e-63 1.98957e-63 1.83413e-63 1.68415e-63 1.54033e-63 1.40322e-63 1.27327e-63 1.1508e-63 1.036e-63 9.2898e-64 8.29728e-64 7.3816e-64 6.54111e-64 5.7735e-64 5.07592e-64 4.44507e-64 3.87732e-64 3.36879e-64 2.91547e-64 2.51324e-64 2.158e-64 1.84571e-64 1.57243e-64 1.33436e-64 1.1279e-64 9.4966e-65 7.96459e-65 6.65363e-65 5.53675e-65 4.58937e-65 3.78926e-65 3.11645e-65 2.55312e-65 2.08349e-65 1.69362e-65 1.37137e-65 1.10611e-65 8.88708e-66 7.11265e-66 5.67046e-66 4.5032e-66 3.5624e-66 2.80726e-66 2.20365e-66 1.72316e-66 1.34224e-66 1.04151e-66 8.05045e-67 6.19878e-67 4.75468e-67 3.63303e-67 2.76534e-67 2.09684e-67 1.58386e-67 1.19181e-67 8.93379e-68 6.67125e-68 4.96275e-68 3.67776e-68 2.71513e-68 1.99686e-68 1.46304e-68 1.06787e-68 7.76484e-69 5.62478e-69 4.05917e-69 2.91831e-69 2.09021e-69 1.49149e-69 1.0603e-69 7.50984e-70 5.29978e-70 3.72714e-70 2.61291e-70 1.82727e-70 1.27659e-70 8.93807e-71 6.31304e-71 4.55803e-71 3.44669e-71 2.83368e-71 
3.73488e-71 4.01192e-71 4.87983e-71 6.45329e-71 8.93807e-71 1.26546e-70 1.80742e-70 2.58708e-70 3.6994e-70 5.27695e-70 7.50352e-70 1.06325e-69 1.50119e-69 2.11167e-69 2.95934e-69 4.13176e-69 5.74698e-69 7.96354e-69 1.09934e-68 1.51187e-68 2.07134e-68 2.82711e-68 3.84401e-68 5.20684e-68 7.02606e-68 9.44484e-68 1.2648e-67 1.68729e-67 2.24232e-67 2.96854e-67 3.91494e-67 5.14331e-67 6.7312e-67 8.77555e-67 1.13969e-66 1.47443e-66 1.90017e-66 2.4394e-66 3.11959e-66 3.97406e-66 5.04303e-66 6.37482e-66 8.02716e-66 1.00687e-65 1.25805e-65 1.5658e-65 1.94127e-65 2.39744e-65 2.94929e-65 3.61407e-65 4.41145e-65 5.36381e-65 6.49634e-65 7.83732e-65 9.41822e-65 1.12738e-64 1.34423e-64 1.59652e-64 1.88874e-64 2.2257e-64 2.61251e-64 3.05453e-64 3.55732e-64 4.12663e-64 4.76825e-64 5.488e-64 6.29157e-64 7.18444e-64 8.17175e-64 9.25818e-64 1.04477e-63 1.17437e-63 1.31484e-63 1.46631e-63 1.62878e-63 1.80212e-63 1.98604e-63 2.18008e-63 2.38363e-63 2.59589e-63 2.81588e-63 3.04244e-63 3.27423e-63 3.50974e-63 3.74731e-63 3.98513e-63 4.22127e-63 4.4537e-63 4.68033e-63 4.89901e-63 5.1076e-63 5.30397e-63 5.48607e-63 5.65194e-63 5.79975e-63 5.92784e-63 6.03474e-63 6.11922e-63 6.18029e-63 6.21722e-63 6.22958e-63 6.21722e-63 6.18029e-63 6.11922e-63 6.03474e-63 5.92784e-63 5.79975e-63 5.65194e-63 5.48607e-63 5.30397e-63 5.1076e-63 4.89901e-63 4.68033e-63 4.4537e-63 4.22127e-63 3.98513e-63 3.74731e-63 3.50974e-63 3.27423e-63 3.04244e-63 2.81588e-63 2.59589e-63 2.38363e-63 2.18008e-63 1.98604e-63 1.80212e-63 1.62878e-63 1.46631e-63 1.31484e-63 1.17437e-63 1.04477e-63 9.25818e-64 8.17175e-64 7.18444e-64 6.29157e-64 5.488e-64 4.76825e-64 4.12663e-64 3.55732e-64 3.05453e-64 2.61251e-64 2.2257e-64 1.88874e-64 1.59652e-64 1.34423e-64 1.12738e-64 9.41822e-65 7.83732e-65 6.49634e-65 5.36381e-65 4.41145e-65 3.61407e-65 2.94929e-65 2.39744e-65 1.94127e-65 1.5658e-65 1.25805e-65 1.00687e-65 8.02716e-66 6.37482e-66 5.04303e-66 3.97406e-66 3.11959e-66 2.4394e-66 1.90017e-66 1.47443e-66 1.13969e-66 8.77555e-67 6.7312e-67 5.14331e-67 3.91494e-67 2.96854e-67 2.24232e-67 1.68729e-67 1.2648e-67 9.44484e-68 7.02606e-68 5.20684e-68 3.84401e-68 2.82711e-68 2.07134e-68 1.51187e-68 1.09934e-68 7.96354e-69 5.74698e-69 4.13176e-69 2.95934e-69 2.11167e-69 1.50119e-69 1.06325e-69 7.50352e-70 5.27695e-70 3.6994e-70 2.58708e-70 1.80742e-70 1.26546e-70 8.93807e-71 6.45329e-71 4.87983e-71 4.01192e-71 
5.33435e-71 5.73004e-71 6.96966e-71 9.21699e-71 1.27659e-70 1.80742e-70 2.58148e-70 3.69504e-70 5.28374e-70 7.5369e-70 1.0717e-69 1.51861e-69 2.14409e-69 3.01601e-69 4.2267e-69 5.9012e-69 8.20812e-69 1.13739e-68 1.57012e-68 2.15931e-68 2.95835e-68 4.03774e-68 5.49008e-68 7.43647e-68 1.00346e-67 1.34891e-67 1.80637e-67 2.40975e-67 3.20242e-67 4.23957e-67 5.59116e-67 7.34542e-67 9.61312e-67 1.25327e-66 1.62762e-66 2.10567e-66 2.71365e-66 3.48371e-66 4.45506e-66 5.67529e-66 7.20183e-66 9.10367e-66 1.14632e-65 1.43785e-65 1.79654e-65 2.236e-65 2.77217e-65 3.42356e-65 4.21159e-65 5.16086e-65 6.29949e-65 7.65938e-65 9.27656e-65 1.11914e-64 1.34487e-64 1.60983e-64 1.91947e-64 2.27971e-64 2.69696e-64 3.1781e-64 3.7304e-64 4.36153e-64 5.07944e-64 5.89231e-64 6.80843e-64 7.83609e-64 8.98343e-64 1.02583e-63 1.1668e-63 1.32191e-63 1.49176e-63 1.67679e-63 1.87735e-63 2.09361e-63 2.32558e-63 2.57306e-63 2.83564e-63 3.11268e-63 3.4033e-63 3.70634e-63 4.02043e-63 4.34389e-63 4.67482e-63 5.01106e-63 5.35024e-63 5.68977e-63 6.02691e-63 6.35875e-63 6.68229e-63 6.9945e-63 7.29229e-63 7.57265e-63 7.83263e-63 8.06943e-63 8.28046e-63 8.46332e-63 8.61595e-63 8.73655e-63 8.82374e-63 8.87646e-63 8.89411e-63 8.87646e-63 8.82374e-63 8.73655e-63 8.61595e-63 8.46332e-63 8.28046e-63 8.06943e-63 7.83263e-63 7.57265e-63 7.29229e-63 6.9945e-63 6.68229e-63 6.35875e-63 6.02691e-63 5.68977e-63 5.35024e-63 5.01106e-63 4.67482e-63 4.34389e-63 4.02043e-63 3.70634e-63 3.4033e-63 3.11268e-63 2.83564e-63 2.57306e-63 2.32558e-63 2.09361e-63 1.87735e-63 1.67679e-63 1.49176e-63 1.32191e-63 1.1668e-63 1.02583e-63 8.98343e-64 7.83609e-64 6.80843e-64 5.89231e-64 5.07944e-64 4.36153e-64 3.7304e-64 3.1781e-64 2.69696e-64 2.27971e-64 1.91947e-64 1.60983e-64 1.34487e-64 1.11914e-64 9.27656e-65 7.65938e-65 6.29949e-65 5.16086e-65 4.21159e-65 3.42356e-65 2.77217e-65 2.236e-65 1.79654e-65 1.43785e-65 1.14632e-65 9.10367e-66 7.20183e-66 5.67529e-66 4.45506e-66 3.48371e-66 2.71365e-66 2.10567e-66 1.62762e-66 1.25327e-66 9.61312e-67 7.34542e-67 5.59116e-67 4.23957e-67 3.20242e-67 2.40975e-67 1.80637e-67 1.34891e-67 1.00346e-67 7.43647e-68 5.49008e-68 4.03774e-68 2.95835e-68 2.15931e-68 1.57012e-68 1.13739e-68 8.20812e-69 5.9012e-69 4.2267e-69 3.01601e-69 2.14409e-69 1.51861e-69 1.0717e-69 7.5369e-70 5.28374e-70 3.69504e-70 2.58148e-70 1.80742e-70 1.27659e-70 9.21699e-71 6.96966e-71 5.73004e-71 
7.63536e-71 8.20174e-71 9.97609e-71 1.31928e-70 1.82727e-70 2.58708e-70 3.69504e-70 5.28896e-70 7.56296e-70 1.0788e-69 1.53399e-69 2.17367e-69 3.06895e-69 4.31697e-69 6.04988e-69 8.44664e-69 1.17486e-68 1.62798e-68 2.24736e-68 3.09067e-68 4.23435e-68 5.77928e-68 7.85798e-68 1.06438e-67 1.43625e-67 1.93068e-67 2.58542e-67 3.44901e-67 4.58351e-67 6.06792e-67 8.00234e-67 1.05131e-66 1.37586e-66 1.79371e-66 2.32947e-66 3.01365e-66 3.88377e-66 4.98585e-66 6.37601e-66 8.12232e-66 1.0307e-65 1.30288e-65 1.64056e-65 2.05777e-65 2.57108e-65 3.19999e-65 3.96728e-65 4.89947e-65 6.02718e-65 7.38563e-65 9.01504e-65 1.09611e-64 1.32753e-64 1.60154e-64 1.92457e-64 2.30372e-64 2.7468e-64 3.26229e-64 3.85937e-64 4.54786e-64 5.33818e-64 6.24128e-64 7.26856e-64 8.43171e-64 9.7426e-64 1.12131e-63 1.28548e-63 1.4679e-63 1.66961e-63 1.89156e-63 2.13458e-63 2.39934e-63 2.68631e-63 2.99575e-63 3.32766e-63 3.68177e-63 4.05747e-63 4.45387e-63 4.86969e-63 5.30329e-63 5.75269e-63 6.2155e-63 6.68899e-63 7.17009e-63 7.65538e-63 8.14118e-63 8.62355e-63 9.09834e-63 9.56126e-63 1.0008e-62 1.0434e-62 1.08352e-62 1.12071e-62 1.15459e-62 1.18479e-62 1.21095e-62 1.23279e-62 1.25004e-62 1.26252e-62 1.27006e-62 1.27259e-62 1.27006e-62 1.26252e-62 1.25004e-62 1.23279e-62 1.21095e-62 1.18479e-62 1.15459e-62 1.12071e-62 1.08352e-62 1.0434e-62 1.0008e-62 9.56126e-63 9.09834e-63 8.62355e-63 8.14118e-63 7.65538e-63 7.17009e-63 6.68899e-63 6.2155e-63 5.75269e-63 5.30329e-63 4.86969e-63 4.45387e-63 4.05747e-63 3.68177e-63 3.32766e-63 2.99575e-63 2.68631e-63 2.39934e-63 2.13458e-63 1.89156e-63 1.66961e-63 1.4679e-63 1.28548e-63 1.12131e-63 9.7426e-64 8.43171e-64 7.26856e-64 6.24128e-64 5.33818e-64 4.54786e-64 3.85937e-64 3.26229e-64 2.7468e-64 2.30372e-64 1.92457e-64 1.60154e-64 1.32753e-64 1.09611e-64 9.01504e-65 7.38563e-65 6.02718e-65 4.89947e-65 3.96728e-65 3.19999e-65 2.57108e-65 2.05777e-65 1.64056e-65 1.30288e-65 1.0307e-65 8.12232e-66 6.37601e-66 4.98585e-66 3.88377e-66 3.01365e-66 2.32947e-66 1.79371e-66 1.37586e-66 1.05131e-66 8.00234e-67 6.06792e-67 4.58351e-67 3.44901e-67 2.58542e-67 1.93068e-67 1.43625e-67 1.06438e-67 7.85798e-68 5.77928e-68 4.23435e-68 3.09067e-68 2.24736e-68 1.62798e-68 1.17486e-68 8.44664e-69 6.04988e-69 4.31697e-69 3.06895e-69 2.17367e-69 1.53399e-69 1.0788e-69 7.56296e-70 5.28896e-70 3.69504e-70 2.58708e-70 1.82727e-70 1.31928e-70 9.97609e-71 8.20174e-71 
1.09182e-70 1.17281e-70 1.42653e-70 1.88651e-70 2.61291e-70 3.6994e-70 5.28374e-70 7.56296e-70 1.08147e-69 1.54264e-69 2.19353e-69 3.10823e-69 4.38842e-69 6.173e-69 8.65093e-69 1.20781e-68 1.67996e-68 2.32789e-68 3.21353e-68 4.41937e-68 6.05471e-68 8.26377e-68 1.12361e-67 1.52194e-67 2.05366e-67 2.76061e-67 3.6968e-67 4.93159e-67 6.55372e-67 8.67614e-67 1.1442e-66 1.50318e-66 1.96723e-66 2.56465e-66 3.33068e-66 4.30888e-66 5.55294e-66 7.12863e-66 9.11618e-66 1.16129e-65 1.47364e-65 1.86277e-65 2.34555e-65 2.94203e-65 3.6759e-65 4.57503e-65 5.672e-65 7.00469e-65 8.6169e-65 1.0559e-64 1.28884e-64 1.56705e-64 1.89789e-64 2.28961e-64 2.75141e-64 3.29344e-64 3.92685e-64 4.66377e-64 5.51732e-64 6.50154e-64 7.63132e-64 8.92232e-64 1.03908e-63 1.20536e-63 1.39275e-63 1.60295e-63 1.83763e-63 2.09839e-63 2.38673e-63 2.704e-63 3.05139e-63 3.42985e-63 3.84006e-63 4.28238e-63 4.75682e-63 5.26299e-63 5.80003e-63 6.36665e-63 6.96102e-63 7.58081e-63 8.22317e-63 8.88471e-63 9.56151e-63 1.02492e-62 1.09429e-62 1.16372e-62 1.23267e-62 1.30054e-62 1.36671e-62 1.43056e-62 1.49146e-62 1.54879e-62 1.60196e-62 1.65039e-62 1.69354e-62 1.73094e-62 1.76215e-62 1.78682e-62 1.80465e-62 1.81543e-62 1.81904e-62 1.81543e-62 1.80465e-62 1.78682e-62 1.76215e-62 1.73094e-62 1.69354e-62 1.65039e-62 1.60196e-62 1.54879e-62 1.49146e-62 1.43056e-62 1.36671e-62 1.30054e-62 1.23267e-62 1.16372e-62 1.09429e-62 1.02492e-62 9.56151e-63 8.88471e-63 8.22317e-63 7.58081e-63 6.96102e-63 6.36665e-63 5.80003e-63 5.26299e-63 4.75682e-63 4.28238e-63 3.84006e-63 3.42985e-63 3.05139e-63 2.704e-63 2.38673e-63 2.09839e-63 1.83763e-63 1.60295e-63 1.39275e-63 1.20536e-63 1.03908e-63 8.92232e-64 7.63132e-64 6.50154e-64 5.51732e-64 4.66377e-64 3.92685e-64 3.29344e-64 2.75141e-64 2.28961e-64 1.89789e-64 1.56705e-64 1.28884e-64 1.0559e-64 8.6169e-65 7.00469e-65 5.672e-65 4.57503e-65 3.6759e-65 2.94203e-65 2.34555e-65 1.86277e-65 1.47364e-65 1.16129e-65 9.11618e-66 7.12863e-66 5.55294e-66 4.30888e-66 3.33068e-66 2.56465e-66 1.96723e-66 1.50318e-66 1.1442e-66 8.67614e-67 6.55372e-67 4.93159e-67 3.6968e-67 2.76061e-67 2.05366e-67 1.52194e-67 1.12361e-67 8.26377e-68 6.05471e-68 4.41937e-68 3.21353e-68 2.32789e-68 1.67996e-68 1.20781e-68 8.65093e-69 6.173e-69 4.38842e-69 3.10823e-69 2.19353e-69 1.54264e-69 1.08147e-69 7.56296e-70 5.28374e-70 3.6994e-70 2.61291e-70 1.88651e-70 1.42653e-70 1.17281e-70 
1.5574e-70 1.67293e-70 2.03485e-70 2.69098e-70 3.72714e-70 5.27695e-70 7.5369e-70 1.0788e-69 1.54264e-69 2.20046e-69 3.1289e-69 4.43365e-69 6.25972e-69 8.80525e-69 1.23398e-68 1.72283e-68 2.3963e-68 3.32048e-68 4.58375e-68 6.30372e-68 8.63629e-68 1.17872e-67 1.60267e-67 2.17083e-67 2.92924e-67 3.93758e-67 5.27287e-67 7.03405e-67 9.34769e-67 1.23749e-66 1.63197e-66 2.14398e-66 2.80583e-66 3.65791e-66 4.75044e-66 6.14558e-66 7.91988e-66 1.01672e-65 1.30018e-65 1.65626e-65 2.10173e-65 2.65669e-65 3.34522e-65 4.19589e-65 5.24249e-65 6.52477e-65 8.08919e-65 9.98976e-65 1.2289e-64 1.50585e-64 1.83805e-64 2.2348e-64 2.7066e-64 3.26522e-64 3.92377e-64 4.69672e-64 5.59998e-64 6.65086e-64 7.86803e-64 9.27153e-64 1.08826e-63 1.27236e-63 1.48176e-63 1.71886e-63 1.98608e-63 2.28582e-63 2.62047e-63 2.99229e-63 3.40344e-63 3.85585e-63 4.35121e-63 4.89086e-63 5.47578e-63 6.10649e-63 6.783e-63 7.50473e-63 8.2705e-63 9.07842e-63 9.92592e-63 1.08097e-62 1.17256e-62 1.26689e-62 1.36339e-62 1.46144e-62 1.56035e-62 1.65936e-62 1.75767e-62 1.85443e-62 1.94878e-62 2.03981e-62 2.12665e-62 2.2084e-62 2.28421e-62 2.35326e-62 2.41479e-62 2.46811e-62 2.51262e-62 2.54778e-62 2.57321e-62 2.58858e-62 2.59373e-62 2.58858e-62 2.57321e-62 2.54778e-62 2.51262e-62 2.46811e-62 2.41479e-62 2.35326e-62 2.28421e-62 2.2084e-62 2.12665e-62 2.03981e-62 1.94878e-62 1.85443e-62 1.75767e-62 1.65936e-62 1.56035e-62 1.46144e-62 1.36339e-62 1.26689e-62 1.17256e-62 1.08097e-62 9.92592e-63 9.07842e-63 8.2705e-63 7.50473e-63 6.783e-63 6.10649e-63 5.47578e-63 4.89086e-63 4.35121e-63 3.85585e-63 3.40344e-63 2.99229e-63 2.62047e-63 2.28582e-63 1.98608e-63 1.71886e-63 1.48176e-63 1.27236e-63 1.08826e-63 9.27153e-64 7.86803e-64 6.65086e-64 5.59998e-64 4.69672e-64 3.92377e-64 3.26522e-64 2.7066e-64 2.2348e-64 1.83805e-64 1.50585e-64 1.2289e-64 9.98976e-65 8.08919e-65 6.52477e-65 5.24249e-65 4.19589e-65 3.34522e-65 2.65669e-65 2.10173e-65 1.65626e-65 1.30018e-65 1.01672e-65 7.91988e-66 6.14558e-66 4.75044e-66 3.65791e-66 2.80583e-66 2.14398e-66 1.63197e-66 1.23749e-66 9.34769e-67 7.03405e-67 5.27287e-67 3.93758e-67 2.92924e-67 2.17083e-67 1.60267e-67 1.17872e-67 8.63629e-68 6.30372e-68 4.58375e-68 3.32048e-68 2.3963e-68 1.72283e-68 1.23398e-68 8.80525e-69 6.25972e-69 4.43365e-69 3.1289e-69 2.20046e-69 1.54264e-69 1.0788e-69 7.5369e-70 5.27695e-70 3.72714e-70 2.69098e-70 2.03485e-70 1.67293e-70 
2.21453e-70 2.3788e-70 2.89344e-70 3.82642e-70 5.29978e-70 7.50352e-70 1.0717e-69 1.53399e-69 2.19353e-69 3.1289e-69 4.44908e-69 6.30431e-69 8.90083e-69 1.25203e-68 1.75461e-68 2.4497e-68 3.4073e-68 4.72138e-68 6.51759e-68 8.96316e-68 1.22798e-67 1.67599e-67 2.27878e-67 3.08661e-67 4.16494e-67 5.59862e-67 7.49715e-67 1.00012e-66 1.32907e-66 1.75947e-66 2.32035e-66 3.0483e-66 3.98929e-66 5.20073e-66 6.75402e-66 8.73754e-66 1.12601e-65 1.44551e-65 1.84851e-65 2.35475e-65 2.98806e-65 3.77704e-65 4.75589e-65 5.96525e-65 7.45315e-65 9.27608e-65 1.15001e-64 1.4202e-64 1.74705e-64 2.14078e-64 2.61302e-64 3.17703e-64 3.84772e-64 4.64184e-64 5.578e-64 6.67679e-64 7.9608e-64 9.45464e-64 1.11849e-63 1.318e-63 1.54701e-63 1.8087e-63 2.10637e-63 2.4434e-63 2.82324e-63 3.24931e-63 3.72499e-63 4.25353e-63 4.83795e-63 5.48102e-63 6.18513e-63 6.9522e-63 7.78361e-63 8.68011e-63 9.6417e-63 1.06676e-62 1.1756e-62 1.29044e-62 1.4109e-62 1.53651e-62 1.6667e-62 1.80077e-62 1.93794e-62 2.0773e-62 2.21788e-62 2.35861e-62 2.49834e-62 2.63588e-62 2.76998e-62 2.89937e-62 3.02279e-62 3.13899e-62 3.24674e-62 3.34488e-62 3.43234e-62 3.50812e-62 3.57138e-62 3.62136e-62 3.65749e-62 3.67935e-62 3.68666e-62 3.67935e-62 3.65749e-62 3.62136e-62 3.57138e-62 3.50812e-62 3.43234e-62 3.34488e-62 3.24674e-62 3.13899e-62 3.02279e-62 2.89937e-62 2.76998e-62 2.63588e-62 2.49834e-62 2.35861e-62 2.21788e-62 2.0773e-62 1.93794e-62 1.80077e-62 1.6667e-62 1.53651e-62 1.4109e-62 1.29044e-62 1.1756e-62 1.06676e-62 9.6417e-63 8.68011e-63 7.78361e-63 6.9522e-63 6.18513e-63 5.48102e-63 4.83795e-63 4.25353e-63 3.72499e-63 3.24931e-63 2.82324e-63 2.4434e-63 2.10637e-63 1.8087e-63 1.54701e-63 1.318e-63 1.11849e-63 9.45464e-64 7.9608e-64 6.67679e-64 5.578e-64 4.64184e-64 3.84772e-64 3.17703e-64 2.61302e-64 2.14078e-64 1.74705e-64 1.4202e-64 1.15001e-64 9.27608e-65 7.45315e-65 5.96525e-65 4.75589e-65 3.77704e-65 2.98806e-65 2.35475e-65 1.84851e-65 1.44551e-65 1.12601e-65 8.73754e-66 6.75402e-66 5.20073e-66 3.98929e-66 3.0483e-66 2.32035e-66 1.75947e-66 1.32907e-66 1.00012e-66 7.49715e-67 5.59862e-67 4.16494e-67 3.08661e-67 2.27878e-67 1.67599e-67 1.22798e-67 8.96316e-68 6.51759e-68 4.72138e-68 3.4073e-68 2.4497e-68 1.75461e-68 1.25203e-68 8.90083e-69 6.30431e-69 4.44908e-69 3.1289e-69 2.19353e-69 1.53399e-69 1.0717e-69 7.50352e-70 5.29978e-70 3.82642e-70 2.89344e-70 2.3788e-70 
3.13801e-70 3.37079e-70 4.10003e-70 5.42208e-70 7.50984e-70 1.06325e-69 1.51861e-69 2.17367e-69 3.10823e-69 4.43365e-69 6.30431e-69 8.93315e-69 1.26123e-68 1.77411e-68 2.48624e-68 3.47115e-68 4.82803e-68 6.69001e-68 9.23512e-68 1.27003e-67 1.73997e-67 2.37476e-67 3.22886e-67 4.37348e-67 5.90135e-67 7.9327e-67 1.06227e-66 1.41706e-66 1.88313e-66 2.49294e-66 3.28761e-66 4.31899e-66 5.6522e-66 7.36858e-66 9.56929e-66 1.23795e-65 1.59534e-65 2.048e-65 2.61895e-65 3.33617e-65 4.2334e-65 5.35118e-65 6.73794e-65 8.45125e-65 1.05592e-64 1.31417e-64 1.62924e-64 2.01201e-64 2.47505e-64 3.03282e-64 3.70183e-64 4.50082e-64 5.45095e-64 6.5759e-64 7.90207e-64 9.45862e-64 1.12775e-63 1.33937e-63 1.58447e-63 1.86709e-63 2.1915e-63 2.5622e-63 2.98385e-63 3.46127e-63 3.99932e-63 4.60286e-63 5.27667e-63 6.02534e-63 6.85317e-63 7.76407e-63 8.76143e-63 9.84796e-63 1.10256e-62 1.22955e-62 1.36575e-62 1.51106e-62 1.66524e-62 1.8279e-62 1.99852e-62 2.17645e-62 2.36085e-62 2.55075e-62 2.74503e-62 2.94243e-62 3.14155e-62 3.34088e-62 3.53879e-62 3.7336e-62 3.92353e-62 4.10681e-62 4.28162e-62 4.4462e-62 4.59881e-62 4.73782e-62 4.86169e-62 4.96904e-62 5.05863e-62 5.12942e-62 5.1806e-62 5.21155e-62 5.22191e-62 5.21155e-62 5.1806e-62 5.12942e-62 5.05863e-62 4.96904e-62 4.86169e-62 4.73782e-62 4.59881e-62 4.4462e-62 4.28162e-62 4.10681e-62 3.92353e-62 3.7336e-62 3.53879e-62 3.34088e-62 3.14155e-62 2.94243e-62 2.74503e-62 2.55075e-62 2.36085e-62 2.17645e-62 1.99852e-62 1.8279e-62 1.66524e-62 1.51106e-62 1.36575e-62 1.22955e-62 1.10256e-62 9.84796e-63 8.76143e-63 7.76407e-63 6.85317e-63 6.02534e-63 5.27667e-63 4.60286e-63 3.99932e-63 3.46127e-63 2.98385e-63 2.5622e-63 2.1915e-63 1.86709e-63 1.58447e-63 1.33937e-63 1.12775e-63 9.45862e-64 7.90207e-64 6.5759e-64 5.45095e-64 4.50082e-64 3.70183e-64 3.03282e-64 2.47505e-64 2.01201e-64 1.62924e-64 1.31417e-64 1.05592e-64 8.45125e-65 6.73794e-65 5.35118e-65 4.2334e-65 3.33617e-65 2.61895e-65 2.048e-65 1.59534e-65 1.23795e-65 9.56929e-66 7.36858e-66 5.6522e-66 4.31899e-66 3.28761e-66 2.49294e-66 1.88313e-66 1.41706e-66 1.06227e-66 7.9327e-67 5.90135e-67 4.37348e-67 3.22886e-67 2.37476e-67 1.73997e-67 1.27003e-67 9.23512e-68 6.69001e-68 4.82803e-68 3.47115e-68 2.48624e-68 1.77411e-68 1.26123e-68 8.93315e-69 6.30431e-69 4.43365e-69 3.10823e-69 2.17367e-69 1.51861e-69 1.06325e-69 7.50984e-70 5.42208e-70 4.10003e-70 3.37079e-70 
4.43051e-70 4.75916e-70 5.78876e-70 7.65534e-70 1.0603e-69 1.50119e-69 2.14409e-69 3.06895e-69 4.38842e-69 6.25972e-69 8.90083e-69 1.26123e-68 1.78068e-68 2.50477e-68 3.51018e-68 4.9007e-68 6.81636e-68 9.44513e-68 1.30383e-67 1.79305e-67 2.4565e-67 3.35268e-67 4.55847e-67 6.1744e-67 8.33139e-67 1.11991e-66 1.49967e-66 2.00053e-66 2.6585e-66 3.51938e-66 4.64121e-66 6.0972e-66 7.97926e-66 1.04022e-65 1.35089e-65 1.74759e-65 2.2521e-65 2.89108e-65 3.69706e-65 4.70949e-65 5.97603e-65 7.55387e-65 9.5114e-65 1.19299e-64 1.49053e-64 1.85507e-64 2.29981e-64 2.8401e-64 3.4937e-64 4.281e-64 5.22531e-64 6.35309e-64 7.69417e-64 9.28202e-64 1.11539e-63 1.33509e-63 1.59182e-63 1.8905e-63 2.23645e-63 2.63534e-63 3.09322e-63 3.61643e-63 4.21156e-63 4.88539e-63 5.64478e-63 6.49661e-63 7.4476e-63 8.50424e-63 9.67261e-63 1.09582e-62 1.23658e-62 1.38993e-62 1.55614e-62 1.73536e-62 1.92759e-62 2.13266e-62 2.35025e-62 2.57981e-62 2.82062e-62 3.07172e-62 3.33196e-62 3.59996e-62 3.87415e-62 4.15274e-62 4.43375e-62 4.71505e-62 4.99436e-62 5.26929e-62 5.53733e-62 5.79598e-62 6.04269e-62 6.27494e-62 6.49032e-62 6.68649e-62 6.86131e-62 7.0128e-62 7.13923e-62 7.23915e-62 7.31137e-62 7.35505e-62 7.36966e-62 7.35505e-62 7.31137e-62 7.23915e-62 7.13923e-62 7.0128e-62 6.86131e-62 6.68649e-62 6.49032e-62 6.27494e-62 6.04269e-62 5.79598e-62 5.53733e-62 5.26929e-62 4.99436e-62 4.71505e-62 4.43375e-62 4.15274e-62 3.87415e-62 3.59996e-62 3.33196e-62 3.07172e-62 2.82062e-62 2.57981e-62 2.35025e-62 2.13266e-62 1.92759e-62 1.73536e-62 1.55614e-62 1.38993e-62 1.23658e-62 1.09582e-62 9.67261e-63 8.50424e-63 7.4476e-63 6.49661e-63 5.64478e-63 4.88539e-63 4.21156e-63 3.61643e-63 3.09322e-63 2.63534e-63 2.23645e-63 1.8905e-63 1.59182e-63 1.33509e-63 1.11539e-63 9.28202e-64 7.69417e-64 6.35309e-64 5.22531e-64 4.281e-64 3.4937e-64 2.8401e-64 2.29981e-64 1.85507e-64 1.49053e-64 1.19299e-64 9.5114e-65 7.55387e-65 5.97603e-65 4.70949e-65 3.69706e-65 2.89108e-65 2.2521e-65 1.74759e-65 1.35089e-65 1.04022e-65 7.97926e-66 6.0972e-66 4.64121e-66 3.51938e-66 2.6585e-66 2.00053e-66 1.49967e-66 1.11991e-66 8.33139e-67 6.1744e-67 4.55847e-67 3.35268e-67 2.4565e-67 1.79305e-67 1.30383e-67 9.44513e-68 6.81636e-68 4.9007e-68 3.51018e-68 2.50477e-68 1.78068e-68 1.26123e-68 8.90083e-69 6.25972e-69 4.38842e-69 3.06895e-69 2.14409e-69 1.50119e-69 1.0603e-69 7.65534e-70 5.78876e-70 4.75916e-70 
6.23228e-70 6.69459e-70 8.1429e-70 1.07685e-69 1.49149e-69 2.11167e-69 3.01601e-69 4.31697e-69 6.173e-69 8.80525e-69 1.25203e-68 1.77411e-68 2.50477e-68 3.5233e-68 4.93751e-68 6.89344e-68 9.58801e-68 1.32856e-67 1.83397e-67 2.52209e-67 3.45528e-67 4.71582e-67 6.41183e-67 8.68471e-67 1.17186e-66 1.57521e-66 2.10934e-66 2.81382e-66 3.73925e-66 4.95006e-66 6.5279e-66 8.57571e-66 1.12228e-65 1.46305e-65 1.89999e-65 2.45793e-65 3.16748e-65 4.06615e-65 5.19968e-65 6.62356e-65 8.40479e-65 1.06238e-64 1.33768e-64 1.6778e-64 2.09626e-64 2.60892e-64 3.23437e-64 3.99419e-64 4.91334e-64 6.02052e-64 7.3485e-64 8.93446e-64 1.08204e-63 1.30533e-63 1.56856e-63 1.87751e-63 2.23854e-63 2.65855e-63 3.14503e-63 3.70595e-63 4.34982e-63 5.08555e-63 5.92242e-63 6.86994e-63 7.93777e-63 9.13557e-63 1.04728e-62 1.19586e-62 1.36015e-62 1.54092e-62 1.73885e-62 1.95447e-62 2.18818e-62 2.44018e-62 2.71047e-62 2.99883e-62 3.30478e-62 3.62756e-62 3.96615e-62 4.31922e-62 4.68514e-62 5.06197e-62 5.44749e-62 5.8392e-62 6.23432e-62 6.62985e-62 7.02257e-62 7.40912e-62 7.78601e-62 8.14967e-62 8.49655e-62 8.82311e-62 9.12593e-62 9.40176e-62 9.64756e-62 9.86055e-62 1.00383e-61 1.01788e-61 1.02803e-61 1.03418e-61 1.03623e-61 1.03418e-61 1.02803e-61 1.01788e-61 1.00383e-61 9.86055e-62 9.64756e-62 9.40176e-62 9.12593e-62 8.82311e-62 8.49655e-62 8.14967e-62 7.78601e-62 7.40912e-62 7.02257e-62 6.62985e-62 6.23432e-62 5.8392e-62 5.44749e-62 5.06197e-62 4.68514e-62 4.31922e-62 3.96615e-62 3.62756e-62 3.30478e-62 2.99883e-62 2.71047e-62 2.44018e-62 2.18818e-62 1.95447e-62 1.73885e-62 1.54092e-62 1.36015e-62 1.19586e-62 1.04728e-62 9.13557e-63 7.93777e-63 6.86994e-63 5.92242e-63 5.08555e-63 4.34982e-63 3.70595e-63 3.14503e-63 2.65855e-63 2.23854e-63 1.87751e-63 1.56856e-63 1.30533e-63 1.08204e-63 8.93446e-64 7.3485e-64 6.02052e-64 4.91334e-64 3.99419e-64 3.23437e-64 2.60892e-64 2.09626e-64 1.6778e-64 1.33768e-64 1.06238e-64 8.40479e-65 6.62356e-65 5.19968e-65 4.06615e-65 3.16748e-65 2.45793e-65 1.89999e-65 1.46305e-65 1.12228e-65 8.57571e-66 6.5279e-66 4.95006e-66 3.73925e-66 2.81382e-66 2.10934e-66 1.57521e-66 1.17186e-66 8.68471e-67 6.41183e-67 4.71582e-67 3.45528e-67 2.52209e-67 1.83397e-67 1.32856e-67 9.58801e-68 6.89344e-68 4.93751e-68 3.5233e-68 2.50477e-68 1.77411e-68 1.25203e-68 8.80525e-69 6.173e-69 4.31697e-69 3.01601e-69 2.11167e-69 1.49149e-69 1.07685e-69 8.1429e-70 6.69459e-70 
8.73413e-70 9.38201e-70 1.14117e-69 1.50913e-69 2.09021e-69 2.95934e-69 4.2267e-69 6.04988e-69 8.65093e-69 1.23398e-68 1.75461e-68 2.48624e-68 3.51018e-68 4.93751e-68 6.91935e-68 9.66031e-68 1.34363e-67 1.8618e-67 2.57005e-67 3.53433e-67 4.84203e-67 6.60845e-67 8.98507e-67 1.217e-66 1.64214e-66 2.20735e-66 2.95581e-66 3.94296e-66 5.23973e-66 6.93637e-66 9.14728e-66 1.20167e-65 1.57258e-65 2.05008e-65 2.66231e-65 3.44408e-65 4.43829e-65 5.69747e-65 7.28572e-65 9.28078e-65 1.17765e-64 1.48857e-64 1.87429e-64 2.35084e-64 2.93713e-64 3.65541e-64 4.53171e-64 5.59627e-64 6.88406e-64 8.43527e-64 1.02958e-63 1.25178e-63 1.516e-63 1.82884e-63 2.19762e-63 2.63046e-63 3.13625e-63 3.72468e-63 4.40621e-63 5.19205e-63 6.09408e-63 7.12479e-63 8.29718e-63 9.62458e-63 1.11205e-62 1.27985e-62 1.46719e-62 1.67533e-62 1.90548e-62 2.15873e-62 2.436e-62 2.73806e-62 3.06545e-62 3.41847e-62 3.7971e-62 4.20105e-62 4.62963e-62 5.08179e-62 5.5561e-62 6.05069e-62 6.56327e-62 7.09114e-62 7.63119e-62 8.17989e-62 8.73338e-62 9.28743e-62 9.83755e-62 1.0379e-61 1.0907e-61 1.14164e-61 1.19023e-61 1.23597e-61 1.27839e-61 1.31703e-61 1.35146e-61 1.3813e-61 1.4062e-61 1.42587e-61 1.4401e-61 1.4487e-61 1.45158e-61 1.4487e-61 1.4401e-61 1.42587e-61 1.4062e-61 1.3813e-61 1.35146e-61 1.31703e-61 1.27839e-61 1.23597e-61 1.19023e-61 1.14164e-61 1.0907e-61 1.0379e-61 9.83755e-62 9.28743e-62 8.73338e-62 8.17989e-62 7.63119e-62 7.09114e-62 6.56327e-62 6.05069e-62 5.5561e-62 5.08179e-62 4.62963e-62 4.20105e-62 3.7971e-62 3.41847e-62 3.06545e-62 2.73806e-62 2.436e-62 2.15873e-62 1.90548e-62 1.67533e-62 1.46719e-62 1.27985e-62 1.11205e-62 9.62458e-63 8.29718e-63 7.12479e-63 6.09408e-63 5.19205e-63 4.40621e-63 3.72468e-63 3.13625e-63 2.63046e-63 2.19762e-63 1.82884e-63 1.516e-63 1.25178e-63 1.02958e-63 8.43527e-64 6.88406e-64 5.59627e-64 4.53171e-64 3.65541e-64 2.93713e-64 2.35084e-64 1.87429e-64 1.48857e-64 1.17765e-64 9.28078e-65 7.28572e-65 5.69747e-65 4.43829e-65 3.44408e-65 2.66231e-65 2.05008e-65 1.57258e-65 1.20167e-65 9.14728e-66 6.93637e-66 5.23973e-66 3.94296e-66 2.95581e-66 2.20735e-66 1.64214e-66 1.217e-66 8.98507e-67 6.60845e-67 4.84203e-67 3.53433e-67 2.57005e-67 1.8618e-67 1.34363e-67 9.66031e-68 6.91935e-68 4.93751e-68 3.51018e-68 2.48624e-68 1.75461e-68 1.23398e-68 8.65093e-69 6.04988e-69 4.2267e-69 2.95934e-69 2.09021e-69 1.50913e-69 1.14117e-69 9.38201e-70 
1.21945e-69 1.3099e-69 1.59328e-69 2.10702e-69 2.91831e-69 4.13176e-69 5.9012e-69 8.44664e-69 1.20781e-68 1.72283e-68 2.4497e-68 3.47115e-68 4.9007e-68 6.89344e-68 9.66031e-68 1.3487e-67 1.87587e-67 2.59927e-67 3.58806e-67 4.93427e-67 6.7599e-67 9.22592e-67 1.25438e-66 1.69902e-66 2.29252e-66 3.08157e-66 4.12643e-66 5.5045e-66 7.31477e-66 9.68326e-66 1.27696e-65 1.67753e-65 2.1953e-65 2.86186e-65 3.71649e-65 4.8078e-65 6.19562e-65 7.95333e-65 1.01704e-64 1.29552e-64 1.6439e-64 2.0779e-64 2.61631e-64 3.2815e-64 4.09987e-64 5.10247e-64 6.32562e-64 7.81154e-64 9.60904e-64 1.17742e-63 1.43711e-63 1.74725e-63 2.11604e-63 2.55268e-63 3.06741e-63 3.67154e-63 4.37748e-63 5.19877e-63 6.14998e-63 7.24677e-63 8.50573e-63 9.94428e-63 1.15806e-62 1.34332e-62 1.5521e-62 1.78629e-62 2.04775e-62 2.33824e-62 2.65944e-62 3.01287e-62 3.39984e-62 3.8214e-62 4.27831e-62 4.77098e-62 5.2994e-62 5.86314e-62 6.46126e-62 7.09229e-62 7.75422e-62 8.44445e-62 9.15979e-62 9.89646e-62 1.06501e-61 1.14159e-61 1.21883e-61 1.29615e-61 1.37292e-61 1.44849e-61 1.52216e-61 1.59325e-61 1.66106e-61 1.7249e-61 1.78409e-61 1.83801e-61 1.88606e-61 1.9277e-61 1.96245e-61 1.98991e-61 2.00976e-61 2.02176e-61 2.02578e-61 2.02176e-61 2.00976e-61 1.98991e-61 1.96245e-61 1.9277e-61 1.88606e-61 1.83801e-61 1.78409e-61 1.7249e-61 1.66106e-61 1.59325e-61 1.52216e-61 1.44849e-61 1.37292e-61 1.29615e-61 1.21883e-61 1.14159e-61 1.06501e-61 9.89646e-62 9.15979e-62 8.44445e-62 7.75422e-62 7.09229e-62 6.46126e-62 5.86314e-62 5.2994e-62 4.77098e-62 4.27831e-62 3.8214e-62 3.39984e-62 3.01287e-62 2.65944e-62 2.33824e-62 2.04775e-62 1.78629e-62 1.5521e-62 1.34332e-62 1.15806e-62 9.94428e-63 8.50573e-63 7.24677e-63 6.14998e-63 5.19877e-63 4.37748e-63 3.67154e-63 3.06741e-63 2.55268e-63 2.11604e-63 1.74725e-63 1.43711e-63 1.17742e-63 9.60904e-64 7.81154e-64 6.32562e-64 5.10247e-64 4.09987e-64 3.2815e-64 2.61631e-64 2.0779e-64 1.6439e-64 1.29552e-64 1.01704e-64 7.95333e-65 6.19562e-65 4.8078e-65 3.71649e-65 2.86186e-65 2.1953e-65 1.67753e-65 1.27696e-65 9.68326e-66 7.31477e-66 5.5045e-66 4.12643e-66 3.08157e-66 2.29252e-66 1.69902e-66 1.25438e-66 9.22592e-67 6.7599e-67 4.93427e-67 3.58806e-67 2.59927e-67 1.87587e-67 1.3487e-67 9.66031e-68 6.89344e-68 4.9007e-68 3.47115e-68 2.4497e-68 1.72283e-68 1.20781e-68 8.44664e-69 5.9012e-69 4.13176e-69 2.91831e-69 2.10702e-69 1.59328e-69 1.3099e-69 
